# XDI/1.0 
# Spectrum.license:CC BY 4.0
# Publication.authors: Bruce Ravel
# Publication.affiliation: Brookhaven National Laboratory, NSLS-II
# Facility.name:NSLS-II
# Sample.temperature:rt
# Sample.prep:Powder in polyethylene glycol pellet
# Sample.smiles:[Fe+2].[Mn+2].[W+6].[O-2]
# Publication.DOI: https://doi.org/10.18434/mds2-4032
# Sample.name:Wolframite
# Scan.number:scan1
# Sample.id:lxnsgy
# Scan.start_time:2020-01-15
# Element.symbol:Fe
# Facility.energy:3.0 GeV
# Beamline.flux:Si(111): 2x10^12 at 10 keV; 6x10^10 at 20 keV; Si(311): 4x10^11 at 10 keV; 1x10^10 at 20 keV
# Beamline.name:Beamline for Materials Measurement (BMM)
# Beamline.energy_range:4.0 - 23
# Beamline.scan_mode:Transmission
# Beamline.energy_resolution:Si(111): 1.3 x 10^-4; Si(311):1.9 x 10^-5 
# Beamline.spot_size:300 µm
# Beamline.detector:Ionization chamber
# Beamline.website:https://www.bnl.gov/nsls2/beamlines/beamline.php?r=6-BM
# Mono.name:Si(111) and Si(311)
# Element.edge:K
# Column.1:Energy
# Column.2:I0
# Column.3:Itrans
# Column.4:Irefer
# Column.5:Mutrans
# Energy   I0           Itrans      Irefer     Mutrans               
6911.999   71.775272    5.234967    1.441372   0.9390775734215839    
6922.006   71.623916    5.276838    1.46393    0.9248250056789705    
6932.022   71.456435    5.321596    1.481494   0.9095685812897024    
6942.016   71.291043    5.366026    1.50028    0.894532326336553     
6952.016   71.115696    5.410098    1.519324   0.87948104220742      
6962.017   70.946526    5.454998    1.538369   0.8644234708276137    
6972.015   70.773516    5.499502    1.557307   0.8494787794550271    
6982.016   70.644137    5.54842     1.577188   0.8343664398223347    
6992.01    70.474561    5.592595    1.596003   0.8197517824340798    
7002.009   70.306853    5.638628    1.615996   0.8047886510165672    
7012.013   70.157966    5.684179    1.635811   0.7904111181174015    
7022.015   69.992519    5.726765    1.654546   0.7765155192246148    
7032.01    69.824863    5.774049    1.674782   0.7614942884477356    
7042.017   69.648963    5.818915    1.692707   0.7469799343431033    
7052.014   69.471087    5.865621    1.712731   0.7320566909246786    
7062.011   68.686653    5.858297    1.71454    0.7177633210990846    
7072.01    69.162178    5.958771    1.7497     0.703470355484108     
7082.007   68.910684    5.9933      1.760545   0.6901464736454725    
7084.01    68.957204    6.009476    1.765848   0.6872888443659225    
7086.002   68.962544    6.023422    1.768442   0.6841200495899166    
7088.003   68.923016    6.029355    1.770004   0.6819167883180366    
7090.003   68.910601    6.040782    1.772701   0.6789841312185301    
7092.004   68.864528    6.048891    1.773043   0.6761409828403276    
7094.009   68.836601    6.057463    1.773602   0.673564509429236     
7096.006   68.793997    6.064869    1.773462   0.6709608106512333    
7098.002   68.780135    6.075488    1.771716   0.6682016677911938    
7100.001   68.743548    6.082425    1.766485   0.6658352187782377    
7102.004   68.696622    6.090146    1.76134    0.6630752919234023    
7102.083   68.682375    6.087786    1.760572   0.6633301125772737    
7102.182   68.706202    6.090617    1.76121    0.6631631324526756    
7102.28    68.662145    6.088486    1.760115   0.6627508652892918    
7102.379   68.633774    6.085927    1.758231   0.6627609172437677    
7102.483   68.64583     6.08678     1.758037   0.6628111133970661    
7102.582   68.614878    6.085568    1.756545   0.6624549142282129    
7102.68    68.599797    6.084848    1.755981   0.6623113680717648    
7102.781   68.60745     6.085563    1.756377   0.6623029611879712    
7102.887   68.589709    6.084472    1.755386   0.6621907682375232    
7102.986   68.602565    6.086733    1.755032   0.6619303722398664    
7103.084   68.562143    6.082027    1.752874   0.6621906912220998    
7103.187   68.586432    6.085665    1.75388    0.66184591773593      
7103.29    68.567648    6.084076    1.752084   0.6618278551414055    
7103.388   68.571067    6.084528    1.75141    0.6617933072225569    
7103.486   68.544111    6.083375    1.751043   0.6615052534256524    
7103.589   68.558245    6.085698    1.750837   0.6612568946045124    
7103.692   68.543774    6.08458     1.749596   0.661218182468341     
7103.79    68.523387    6.082858    1.748313   0.6611977825565728    
7103.891   68.520551    6.084929    1.74834    0.6606578105607782    
7103.996   68.530035    6.085781    1.747377   0.6606555380470771    
7104.092   68.512491    6.084397    1.746538   0.6606150946496784    
7104.19    68.520879    6.085592    1.745345   0.6605104903856555    
7104.293   68.520681    6.085829    1.744797   0.6604513256251002    
7104.398   68.515977    6.086794    1.743428   0.6601299892020287    
7104.494   68.523596    6.087007    1.742579   0.6602377600564575    
7104.592   68.486728    6.084351    1.742398   0.6600938638102378    
7104.697   68.493784    6.086147    1.740694   0.6598221518263058    
7104.798   68.484942    6.085295    1.739772   0.6598375669708048    
7104.896   68.489039    6.08605     1.738396   0.6597467120688576    
7104.995   68.494297    6.087291    1.738407   0.6595669270082994    
7105.095   68.489982    6.085224    1.737079   0.6599581466526827    
7105.198   68.466979    6.08452     1.73516    0.6596466914905843    
7105.299   68.471485    6.085545    1.734805   0.659501534332077     
7105.391   68.454982    6.085267    1.733875   0.6592252286535523    
7105.496   68.44859     6.084387    1.731241   0.659297700694824     
7105.596   68.446376    6.0851      1.730933   0.6590862288752101    
7105.692   68.449126    6.085937    1.729968   0.6589485286197787    
7105.795   68.441896    6.086538    1.728594   0.6586594761240097    
7105.896   68.427474    6.086582    1.72676    0.658351201512604     
7105.994   68.434567    6.084833    1.725039   0.6589042576148113    
7106.091   68.425583    6.084616    1.724404   0.6587690165112613    
7106.193   68.409727    6.083337    1.722122   0.6587385685277239    
7106.294   68.409216    6.084135    1.720249   0.6585424915589451    
7106.392   68.445818    6.09042     1.720239   0.6578387660076462    
7106.491   68.470704    6.09234     1.719173   0.657907106649779     
7106.594   68.446325    6.089589    1.716375   0.6580422274010959    
7106.699   68.391521    6.084117    1.713294   0.658180800645184     
7106.791   68.398126    6.085022    1.712442   0.6581070234438372    
7106.893   68.41421     6.087773    1.710481   0.6578003096662152    
7106.996   68.391949    6.087065    1.708523   0.6575045332205446    
7107.097   68.461568    6.093205    1.707334   0.6575175953692797    
7107.195   68.458215    6.092352    1.705418   0.6576463307022095    
7107.294   68.468805    6.095125    1.703036   0.6572215091995446    
7107.397   68.464559    6.095757    1.700511   0.6569871606501669    
7107.5     68.441375    6.092945    1.69812    0.6571607314530546    
7107.596   68.444119    6.093171    1.694922   0.6571649750694349    
7107.703   68.448741    6.094474    1.692187   0.656958069234714     
7107.801   68.46096     6.096262    1.689862   0.6567956509038072    
7107.896   68.450455    6.095661    1.687126   0.6567180526019212    
7107.999   68.468446    6.097214    1.683182   0.6567294503788048    
7108.103   68.464211    6.096627    1.67965    0.6567781345862085    
7108.2     68.465383    6.098129    1.676484   0.6564539534056238    
7108.301   68.481451    6.099401    1.672161   0.6564908575079809    
7108.403   68.444175    6.095751    1.667027   0.6565674102732696    
7108.502   68.419141    6.094217    1.662413   0.656405978862533     
7108.603   68.428183    6.097029    1.658017   0.6559404382910624    
7108.703   68.422812    6.097057    1.653005   0.655822929231429     
7108.802   68.407435    6.095261    1.64589    0.6559217200235878    
7108.9     68.400691    6.09392     1.640229   0.6560934730977903    
7109.001   68.402853    6.094729    1.633564   0.6559504323340883    
7109.102   68.381804    6.092477    1.626053   0.6560378351484832    
7109.198   68.400672    6.094368    1.619261   0.655989110712686     
7109.301   68.388194    6.092845    1.609877   0.6560845649633714    
7109.402   68.399738    6.095518    1.602543   0.6557029474989049    
7109.5     68.407397    6.096306    1.593135   0.6556784814058161    
7109.597   68.375378    6.09276     1.581682   0.655839230395129     
7109.7     68.347333    6.090234    1.568333   0.6558454957223503    
7109.796   68.387133    6.093954    1.55692    0.6558052204084378    
7109.892   68.551073    6.109186    1.544881   0.6556609024330211    
7110       68.521392    6.10796     1.527694   0.6553322640065392    
7110.096   68.479638    6.102825    1.505676   0.6556596978299234    
7110.195   68.504942    6.105088    1.48573    0.6556578591049319    
7110.3     68.484859    6.102029    1.457924   0.6559520029139823    
7110.394   68.524625    6.105724    1.432054   0.6559168326621917    
7110.497   68.517125    6.10422     1.399624   0.6561104512373751    
7110.6     68.458749    6.09834     1.362286   0.6562679724996546    
7110.696   68.434277    6.095339    1.325599   0.6564584608321786    
7110.799   68.481862    6.09859     1.284649   0.656687408546454     
7110.9     68.516518    6.101032    1.243388   0.6568367480695414    
7110.999   68.49699     6.097492    1.199105   0.6572544550587472    
7111.104   68.456452    6.09209     1.154025   0.6576707307216884    
7111.198   68.429819    6.089534    1.112713   0.657713898664282     
7111.303   68.421121    6.088948    1.069113   0.6576702236048495    
7111.402   68.439142    6.088712    1.032052   0.6580974947623999    
7111.502   68.402899    6.084393    0.992997   0.6583519148372695    
7111.603   68.399705    6.083175    0.958258   0.6585690226978481    
7111.702   68.385498    6.080287    0.926304   0.6589468348289115    
7111.807   68.450398    6.086285    0.896534   0.6588939418287656    
7111.901   68.401524    6.081862    0.872276   0.6589119302418466    
7112       68.347191    6.07756     0.846843   0.6587888289437979    
7112.101   68.346484    6.078126    0.823735   0.6586424923730649    
7112.195   68.33895     6.076663    0.806104   0.6588270435462894    
7112.302   68.34824     6.078331    0.786165   0.6586311289937552    
7112.397   68.340618    6.078014    0.769592   0.6585471628291243    
7112.497   68.317243    6.075135    0.753651   0.6587334137362512    
7112.598   68.268845    6.071606    0.737918   0.6585529210072274    
7112.697   68.292972    6.07242     0.724617   0.6588630643633157    
7112.795   68.290288    6.071114    0.711139   0.6591116863495764    
7112.894   68.264693    6.068559    0.698554   0.6591768382100391    
7112.997   68.290251    6.07215     0.686676   0.6588695990920426    
7113.096   68.294278    6.071029    0.674362   0.6592141184942596    
7113.203   68.236768    6.065693    0.662133   0.6592662623874356    
7113.297   68.193729    6.061852    0.651776   0.6592698048347186    
7113.396   68.196533    6.060157    0.641923   0.6597234745889697    
7113.499   68.194653    6.059378    0.631757   0.6598662974545962    
7113.6     68.211229    6.059059    0.621416   0.6602844860286994    
7113.705   68.186643    6.056782    0.613303   0.6603062201009037    
7113.797   68.190588    6.056099    0.60434    0.6605475370763504    
7113.905   68.220907    6.058148    0.595958   0.6606977966766023    
7114.003   68.180469    6.05288     0.587275   0.6610895915803366    
7114.1     68.127717    6.045735    0.579554   0.6616653751283879    
7114.203   68.130306    6.044055    0.571985   0.6621121826722796    
7114.302   68.126944    6.041487    0.565992   0.6626434250165595    
7114.405   68.115723    6.038139    0.558198   0.663194436763422     
7114.501   68.088177    6.031918    0.552705   0.6640802588389731    
7114.602   68.100508    6.029077    0.546817   0.6650026529414741    
7114.701   68.100087    6.025559    0.542415   0.6658194009993287    
7114.799   68.102279    6.022171    0.53831    0.6666603663588072    
7114.902   68.095849    6.016317    0.533816   0.6679022980330397    
7114.999   68.099252    6.011136    0.530382   0.6691914323500162    
7115.102   68.105372    6.006545    0.525449   0.6703991091060574    
7115.199   68.103406    6.001927    0.523743   0.6714460516730779    
7115.3     68.080349    5.99399     0.519766   0.6728386648193353    
7115.396   68.083367    5.989967    0.518663   0.6738509151834404    
7115.497   68.09493     5.986792    0.516014   0.674840944663064     
7115.594   68.094849    5.982806    0.513371   0.6757812137719179    
7115.697   68.079206    5.978848    0.512856   0.6763922346040181    
7115.8     68.065352    5.974827    0.510928   0.6770558864513286    
7115.896   68.07069     5.97246     0.507453   0.6777271999353015    
7116.004   68.065173    5.968729    0.506511   0.6784963578972366    
7116.098   68.062194    5.968533    0.505398   0.6784809003568539    
7116.203   68.046456    5.964736    0.50306    0.6790538545337104    
7116.298   68.038078    5.964688    0.500531   0.6788910943215304    
7116.407   68.050581    5.965317    0.497606   0.6790018330466501    
7116.5     68.025013    5.96384     0.495426   0.6788205730566303    
7116.603   68.012562    5.964316    0.491987   0.6784488058247504    
7116.701   68.004971    5.963187    0.48832    0.6785586860010582    
7116.802   68.000254    5.965199    0.483239   0.6779834748785353    
7116.903   67.989524    5.964852    0.478179   0.6778425633929457    
7117.002   67.975847    5.964735    0.473181   0.6775857715411986    
7117.101   67.974002    5.965202    0.468447   0.677436658195339     
7117.198   67.937877    5.962155    0.460122   0.6774074272412739    
7117.303   67.925323    5.961717    0.452681   0.6772499629369442    
7117.397   67.962923    5.96528     0.44643    0.6771876317764466    
7117.498   67.932253    5.961333    0.436999   0.6774853468043267    
7117.595   67.939607    5.960505    0.427897   0.677834895816589     
7117.7     67.908347    5.955394    0.418777   0.6783972560205032    
7117.797   67.886704    5.950784    0.410338   0.6790416497659353    
7117.896   67.885089    5.947683    0.401342   0.6797451973049873    
7117.999   67.886788    5.944865    0.392008   0.6804508433621302    
7118.098   67.881408    5.938413    0.382577   0.6818745360902732    
7118.199   67.853124    5.929452    0.373149   0.6834208922200666    
7118.297   67.825723    5.91954     0.364769   0.6852158399827126    
7118.398   67.828067    5.912843    0.354111   0.6868656702237881    
7118.499   67.824635    5.904524    0.345155   0.6887853361985641    
7118.602   67.809621    5.894208    0.335596   0.6909453551862895    
7118.701   67.808205    5.882198    0.326187   0.6938005248624368    
7118.804   67.781282    5.86831     0.317926   0.696582007637576     
7118.901   67.773112    5.857845    0.308669   0.6989359039419097    
7119.002   67.765372    5.844017    0.299162   0.7021169058885998    
7119.103   67.728787    5.829403    0.290693   0.7048942832469964    
7119.202   67.725618    5.817038    0.283277   0.7078312213634228    
7119.301   67.71801     5.804863    0.274565   0.7106355484502597    
7119.397   67.700301    5.792079    0.266932   0.7133837758479843    
7119.501   67.669368    5.77731     0.258683   0.7163482888324878    
7119.597   67.676418    5.767009    0.251353   0.7190195839616521    
7119.705   67.648516    5.754549    0.243272   0.72149535747321      
7119.799   67.640341    5.742481    0.235901   0.7242935069242031    
7119.9     67.60446     5.72865     0.228567   0.7269535711578314    
7119.997   67.602192    5.717851    0.222906   0.7295747123705494    
7120.1     67.56455     5.704456    0.216575   0.7321040990650758    
7120.197   67.560544    5.693047    0.209373   0.734851690060029     
7120.298   67.456547    5.672894    0.202923   0.7376883620267554    
7120.399   67.497927    5.664595    0.197533   0.7406261927230385    
7120.496   67.50275     5.652912    0.191386   0.7436471904262268    
7120.601   67.468942    5.635486    0.184962   0.7473052084675117    
7120.698   67.646034    5.636542    0.180734   0.7507475911595998    
7120.801   67.61041     5.619971    0.17505    0.7541666423641279    
7120.9     67.603817    5.603511    0.170448   0.7581770510188913    
7121.001   67.584761    5.585204    0.166147   0.762406493530219     
7121.1     67.556058    5.565906    0.160391   0.7667008622261589    
7121.201   67.526807    5.544709    0.156247   0.7714847980072169    
7121.302   67.508759    5.524021    0.152959   0.7763935350051506    
7121.403   67.462363    5.499959    0.147354   0.7815951857510746    
7121.502   67.448435    5.477073    0.14473    0.7872005082387067    
7121.603   67.43459     5.453631    0.13989    0.7929763858142047    
7121.704   67.431666    5.431598    0.136338   0.7986404807778865    
7121.801   67.41156     5.40779     0.133189   0.804431551024684     
7121.902   67.345007    5.377814    0.129874   0.8108959981976304    
7122.001   67.310766    5.349454    0.127131   0.8176547865165845    
7122.1     67.292106    5.323772    0.123901   0.8240688588741631    
7122.203   67.244363    5.294177    0.12137    0.8309491286378887    
7122.296   67.232431    5.269723    0.119033   0.8372459766630329    
7122.397   67.200018    5.241741    0.116718   0.8440938418633152    
7122.498   67.18402     5.213729    0.114302   0.8513354164331353    
7122.599   67.135554    5.18476     0.111783   0.8581949478975893    
7122.698   67.082979    5.154738    0.109098   0.8653001488639341    
7122.795   67.057601    5.127409    0.106609   0.8722831709140956    
7122.898   67.161856    5.110522    0.105386   0.8791459258897484    
7122.997   67.146147    5.086002    0.102858   0.8856171379964546    
7123.098   67.103713    5.059075    0.100526   0.8922307260437942    
7123.199   67.074413    5.034902    0.099884   0.8983869723234336    
7123.298   67.017206    5.011024    0.097533   0.903903474098189     
7123.401   67.013833    4.991472    0.095917   0.9093613861203773    
7123.498   66.961453    4.97071     0.093753   0.914150528242096     
7123.601   66.923215    4.950838    0.092576   0.9190081080886272    
7123.703   66.879506    4.932122    0.091453   0.9234407975388448    
7123.797   66.843421    4.915873    0.089641   0.9273446348499798    
7123.905   66.780882    4.897793    0.088539   0.9312320005297806    
7124.002   66.759936    4.883173    0.087225   0.9350163497088764    
7124.103   66.729533    4.869952    0.086058   0.9382064690023868    
7124.204   66.716631    4.858125    0.08513    0.9413718837715597    
7124.301   66.667597    4.84343     0.083125   0.9446165427326759    
7124.404   66.615981    4.828086    0.083074   0.9480087388426315    
7124.501   66.618617    4.817833    0.081706   0.9510713197834649    
7124.602   66.587696    4.805815    0.080406   0.9539470697170273    
7124.703   66.51373     4.789645    0.079635   0.9571418600836881    
7124.798   66.527835    4.779557    0.078667   0.9604236957813839    
7124.901   66.483573    4.765734    0.07814    0.9635786573799983    
7124.998   66.470836    4.755134    0.076613   0.9664568788586384    
7125.095   66.41612     4.740266    0.074918   0.9697212573977622    
7125.201   66.397155    4.729279    0.075103   0.972599216687574     
7125.295   66.381329    4.717725    0.073495   0.9757215410779206    
7125.396   66.35171     4.706851    0.072844   0.9783539597481927    
7125.496   66.304355    4.694294    0.07173    0.9811223435207633    
7125.597   66.279992    4.684992    0.071024   0.9834078639092236    
7125.7     66.24367     4.673543    0.069934   0.9860930391994916    
7125.795   66.20376     4.661923    0.06947    0.9887615049305066    
7125.894   66.175592    4.654162    0.067998   0.990516062684698     
7125.999   66.139929    4.645739    0.067626   0.9923155549249438    
7126.096   66.095949    4.637651    0.067521   0.9938391667842859    
7126.195   66.056899    4.630541    0.065844   0.9951732704505983    
7126.301   66.013135    4.623156    0.065421   0.9964933472442872    
7126.398   66.022816    4.620863    0.064567   0.9974023819427027    
7126.499   65.954786    4.614742    0.063783   0.9978190196375457    
7126.602   65.917288    4.611004    0.062918   0.9981607681334136    
7126.699   65.853427    4.604028    0.062677   0.9989312400489766    
7126.8     65.852507    4.602913    0.061513   0.9992540365555067    
7126.904   65.809238    4.600094    0.061661   0.999190889084963     
7127.001   65.747739    4.594741    0.059348   0.9995153409309993    
7127.102   65.714427    4.592705    0.05987    0.9994254217180919    
7127.203   65.676506    4.58987     0.059016   0.9994823469938344    
7127.3     65.636726    4.585759    0.057721   0.9998927617940803    
7127.404   65.593589    4.583178    0.057116   0.9997592005051639    
7127.505   65.535828    4.578422    0.056294   0.9999816265546237    
7127.6     65.488469    4.575054    0.05539    1                     
7127.701   65.475978    4.574482    0.053982   0.9999070518061024    
7127.802   65.434098    4.571298    0.053361   0.9999868873391194    
7127.897   65.407629    4.570459    0.052919   0.999674267672156     
7128       65.368247    4.567423    0.05186    0.9997622429949492    
7128.102   65.354443    4.567305    0.050887   0.9995000892434364    
7128.196   65.311367    4.564557    0.05016    0.9994187924824166    
7128.295   65.28418     4.562471    0.0497     0.999476424717956     
7128.395   65.221481    4.557676    0.048235   0.9996046387469409    
7128.494   65.232919    4.558703    0.048138   0.9995339911047711    
7128.597   65.208822    4.557177    0.046787   0.999484961294453     
7128.701   65.160364    4.553699    0.046182   0.9995133697124321    
7128.798   65.150152    4.554814    0.045827   0.9989454454917635    
7128.899   65.110314    4.552576    0.044468   0.9987754500795895    
7128.998   65.120365    4.556095    0.044124   0.9979009708201793    
7129.097   65.073354    4.554749    0.043      0.997297492953213     
7129.196   65.044234    4.552946    0.04266    0.9972244215685886    
7129.3     65.017682    4.554239    0.042      0.9962453748622768    
7129.397   64.974077    4.552672    0.04138    0.9957832468567933    
7129.494   64.927397    4.55301     0.040459   0.9946617967232334    
7129.599   64.909273    4.555525    0.040428   0.9934859344325561    
7129.698   64.896424    4.557937    0.0398     0.9924573163307695    
7129.802   64.855002    4.558016    0.039369   0.9915297992989194    
7129.901   64.801574    4.556667    0.039468   0.9907828514611888    
7130.002   64.768107    4.558651    0.038596   0.9894365843359447    
7130.102   64.726449    4.55989     0.03786    0.9881422929974424    
7130.207   64.704589    4.562044    0.037782   0.986996635171524     
7130.304   64.63503     4.561445    0.037774   0.9856611238699656    
7130.403   64.60226     4.562751    0.036859   0.984539018843556     
7130.507   64.572105    4.565601    0.037317   0.9829955726682815    
7130.606   64.520856    4.565186    0.037585   0.9820012016556716    
7130.703   64.479104    4.565101    0.0372     0.9811120346525638    
7130.807   64.452292    4.568307    0.037112   0.9795309218959135    
7130.906   64.430496    4.570244    0.036842   0.978453017573864     
7131.005   64.378696    4.569715    0.036856   0.9774792242082104    
7131.104   64.342951    4.57032     0.036233   0.9765065141352219    
7131.208   64.313844    4.572938    0.037398   0.97505666467078      
7131.303   64.283634    4.573759    0.037207   0.9741382813908287    
7131.404   64.255695    4.57414     0.037126   0.9734056568716075    
7131.505   64.244484    4.577839    0.038253   0.9720156289591612    
7131.607   64.231782    4.578382    0.038028   0.9715682288098936    
7131.706   64.194092    4.580222    0.038305   0.9701698260976538    
7131.807   64.156642    4.579011    0.039088   0.9697184889292524    
7131.893   64.163149    4.582401    0.039244   0.9688152589596591    
7131.999   64.15143     4.584241    0.039729   0.9679891450336077    
7132.09    64.169674    4.58766     0.039422   0.9673368868982433    
7132.213   64.159936    4.590477    0.041013   0.9662540787742913    
7132.312   64.150006    4.59042     0.041877   0.9660527331996727    
7132.415   64.145097    4.592414    0.041891   0.9653302884180137    
7132.517   64.158391    4.596635    0.042605   0.9643240512464157    
7132.61    64.131896    4.596197    0.042545   0.9638746497200888    
7132.707   64.135838    4.59827     0.043914   0.963323839980022     
7132.808   64.166154    4.603411    0.044528   0.9624118555830214    
7132.91    64.169683    4.605316    0.045467   0.9619044881730671    
7133.007   64.166685    4.60692     0.046028   0.9613459064554647    
7133.104   64.192944    4.610469    0.045891   0.9608354597181616    
7133.207   64.191434    4.613737    0.04733    0.9598000615538653    
7133.307   64.205817    4.616605    0.047653   0.9592380342727285    
7133.399   64.206406    4.618965    0.048324   0.9585282068940169    
7133.503   64.226044    4.624186    0.048838   0.9573629800763266    
7133.604   64.384141    4.638105    0.04896    0.9565893941835046    
7133.704   64.397208    4.642089    0.050298   0.955662082196473     
7133.801   64.415016    4.647094    0.051352   0.9545290855525275    
7133.898   64.441092    4.65187     0.051129   0.9536487125647249    
7134.001   64.435762    4.654398    0.051922   0.9527633561345514    
7134.101   64.443008    4.657873    0.052694   0.9518668607380593    
7134.198   64.463388    4.661552    0.053342   0.9511974238113464    
7134.304   64.458773    4.664587    0.053898   0.9501756611207887    
7134.403   64.490071    4.670654    0.054603   0.9490238952575466    
7134.502   64.505083    4.675766    0.055148   0.9478059843487677    
7134.602   64.530076    4.681062    0.056063   0.9467528632424387    
7134.705   64.527193    4.684094    0.056359   0.9457739085380112    
7134.802   64.546163    4.688107    0.056647   0.9449784779037006    
7134.902   64.570078    4.694071    0.057169   0.9437043297015497    
7135.001   64.589775    4.698552    0.057634   0.9427862367320761    
7135.105   64.609279    4.703384    0.057989   0.9417595249451682    
7135.204   64.619292    4.708147    0.058676   0.9405471933904497    
7135.299   64.622711    4.711909    0.058858   0.9394923920546109    
7135.405   64.64967     4.716348    0.059154   0.938750523422749     
7135.508   64.685537    4.723437    0.058971   0.937410752388536     
7135.603   64.700219    4.728091    0.060013   0.9363389056207031    
7135.703   64.836494    4.741864    0.06022    0.9352007597486574    
7135.804   64.86118     4.747719    0.060148   0.933993918575984     
7135.903   64.885697    4.753867    0.061223   0.9326981682664324    
7136.001   64.908386    4.75936     0.060832   0.9315593787622093    
7136.104   64.911984    4.763816    0.06105    0.9303142427286476    
7136.206   64.920222    4.769169    0.061852   0.9289053960925       
7136.303   64.958601    4.77626     0.061598   0.9276399668073222    
7136.402   64.944181    4.781265    0.062245   0.9258447218368008    
7136.504   64.974775    4.786713    0.061263   0.9249002141047933    
7136.605   64.992399    4.79145     0.062212   0.9238848643530843    
7136.703   64.997249    4.798285    0.06168    0.9219743443504997    
7136.8     64.979249    4.801536    0.062196   0.920624712109552     
7136.899   64.995369    4.808042    0.062023   0.9190604743572159    
7137.005   65.0316      4.815252    0.061397   0.9177293894721406    
7137.1     65.029762    4.819412    0.062259   0.9164681017485128    
7137.197   65.066398    4.824958    0.062023   0.9156380689458038    
7137.299   65.082341    4.83348     0.061923   0.9134887915554413    
7137.4     65.072877    4.836775    0.061822   0.9123193124047979    
7137.497   65.066164    4.841184    0.062502   0.9108847774848595    
7137.597   65.069559    4.84593     0.061736   0.9095727588999099    
7137.698   65.093586    4.852504    0.061508   0.9081775542165189    
7137.8     65.10443     4.857962    0.060463   0.9068232639723465    
7137.897   65.099962    4.861869    0.061869   0.9055892129727651    
7137.994   65.116776    4.866844    0.061459   0.9045079832718678    
7138.098   65.125901    4.87267     0.061655   0.9030141446964886    
7138.2     65.137525    4.875871    0.060452   0.9023377646244854    
7138.295   65.117361    4.878931    0.061754   0.9010125796313482    
7138.396   65.14053     4.884732    0.061052   0.8998351158271394    
7138.502   65.145655    4.888514    0.060481   0.8988517877386096    
7138.599   65.138735    4.889969    0.060464   0.8982806642497829    
7138.699   65.136265    4.893625    0.059239   0.8971700257127233    
7138.798   65.137438    4.897289    0.059743   0.8961369650935974    
7138.9     65.160027    4.901986    0.058341   0.8952715384571827    
7138.999   65.179544    4.906337    0.058762   0.8944403183743448    
7139.099   65.184593    4.910162    0.058218   0.8934477073621147    
7139.202   65.156742    4.911506    0.057998   0.8924562346851279    
7139.302   65.156217    4.913923    0.057905   0.8917490205517545    
7139.404   65.157747    4.916267    0.057876   0.8911077547774955    
7139.501   65.193568    4.922347    0.057599   0.8901370664672621    
7139.602   65.17247     4.923548    0.057066   0.8893342648210589    
7139.704   65.191494    4.925757    0.057596   0.8891126447181155    
7139.803   65.183416    4.927648    0.057119   0.888394540451926     
7139.899   65.181413    4.930181    0.057404   0.8876242639477422    
7140.005   65.182679    4.931679    0.055755   0.8872220743374465    
7140.106   65.190819    4.934666    0.056543   0.8865423336463936    
7140.201   65.204623    4.936919    0.0562     0.8861962034731494    
7140.303   65.212485    4.940383    0.056466   0.8853747241352877    
7140.405   65.202778    4.940679    0.055936   0.8850794534219775    
7140.504   65.204969    4.942568    0.055715   0.884586343407158     
7140.601   65.197889    4.942568    0.055742   0.8844327696827501    
7140.703   65.237011    4.947776    0.055597   0.8837916992374378    
7140.805   65.241693    4.948378    0.055644   0.8837211301406709    
7140.9     65.247434    4.950717    0.05615    0.8831772246229027    
7140.999   65.238747    4.950845    0.055575   0.8829523474940372    
7141.099   65.228732    4.951172    0.055461   0.8826418073654307    
7141.203   65.252883    4.955167    0.055061   0.8820246476972395    
7141.302   65.255805    4.955456    0.055249   0.8820054943897475    
7141.399   65.255579    4.955675    0.055231   0.8819380945775267    
7141.497   65.247233    4.957235    0.055158   0.8813120609205473    
7141.603   65.273845    4.959633    0.055389   0.8812048012241906    
7141.693   65.235443    4.95682     0.055325   0.8811748823821766    
7141.795   65.26508     4.960114    0.055338   0.8808777198572202    
7141.897   65.256924    4.960926    0.055584   0.8804694579750036    
7142.001   91.358569    6.945493    0.07776    0.8804120146015086    
7143.093   92.69324     7.072778    0.080747   0.8752400608072836    
7144.208   95.334222    7.316732    0.084635   0.8670128768435611    
7145.288   96.657273    7.470089    0.084918   0.8571686262227505    
7146.427   98.016303    7.620909    0.083498   0.8486455429976594    
7147.589   99.422236    7.772425    0.079312   0.8409452720041389    
7148.774   102.071194   8.021272    0.07798    0.8335625825674371    
7149.958   103.41782    8.161649    0.075797   0.8275624513886884    
7151.168   104.781688   8.293853    0.074916   0.8233666974698992    
7152.396   106.187686   8.419195    0.075414   0.8210041803730846    
7153.644   108.87913    8.637754    0.075498   0.8201582034446662    
7154.914   110.243122   8.749273    0.077343   0.8196232357218555    
7156.208   111.613629   8.847964    0.079469   0.8212330943581521    
7157.521   112.954331   8.933652    0.082036   0.8244895520129295    
7158.838   115.509735   9.114007    0.082101   0.8278612860515805    
7160.186   116.79447    9.194062    0.084011   0.8311361361159038    
7161.552   118.047774   9.272315    0.085686   0.834245392409882     
7162.938   119.278372   9.348084    0.08756    0.837402516076937     
7164.338   121.819606   9.523656    0.091387   0.8409013228075757    
7165.76    123.010085   9.597459    0.094005   0.8437376476656226    
7167.198   124.232535   9.677221    0.094868   0.8460179909120701    
7168.658   125.459114   9.759147    0.09835    0.8479903746493693    
7170.141   127.958564   9.940254    0.101315   0.8498841155076297    
7171.634   129.214482   10.027574   0.104773   0.8513281944469349    
7173.144   130.459404   10.132092   0.109868   0.8502240653425589    
7174.688   131.627521   10.241437   0.116822   0.847649896391315     
7176.243   134.132773   10.460024   0.125869   0.8444468211800685    
7177.819   135.416091   10.588937   0.133923   0.8405900565789824    
7179.406   136.625866   10.713736   0.139578   0.8365977938220482    
7181.018   138.030874   10.853652   0.142022   0.8327171638217252    
7182.668   140.724578   11.091741   0.14442    0.8293625685537973    
7184.304   141.979912   11.207022   0.142688   0.8272993650708486    
7185.982   143.189626   11.315068   0.138196   0.825728762668184     
7187.659   144.389186   11.418646   0.133157   0.8246400112845501    
7189.378   146.483043   11.602608   0.127974   0.8223984525811536    
7191.102   147.652408   11.721678   0.121465   0.8192038303865475    
7192.849   149.491412   11.901261   0.117629   0.8152064833352571    
7194.617   151.073627   12.06861    0.116991   0.8103481757088498    
7196.408   153.655958   12.316514   0.122661   0.8055617031501074    
7198.195   155.000524   12.468013   0.129363   0.8005932650697599    
7200.018   156.304926   12.614888   0.140062   0.7958821786229942    
7201.854   157.607907   12.761616   0.150989   0.7912678665874654    
7203.716   160.19436    13.015511   0.167657   0.7864275693710543    
7205.596   161.537704   13.16123    0.180302   0.7824918088125148    
7207.498   162.735855   13.292636   0.187818   0.778892389227071     
7209.412   164.021334   13.42877    0.182988   0.7756096876308151    
7211.345   166.594461   13.669107   0.168208   0.7725365244207562    
7213.306   167.847653   13.799291   0.143849   0.7697296640176696    
7215.274   169.117557   13.931014   0.122762   0.7669533590006576    
7217.272   170.2004     14.043187   0.107657   0.7646377299855934    
7219.285   172.683846   14.270922   0.100487   0.7623737270846009    
7221.31    173.85093    14.390942   0.099477   0.7600554454456345    
7223.365   174.939883   14.503903   0.106052   0.757828459477438     
7225.436   175.937478   14.608763   0.12       0.7556823133412851    
7227.527   177.197716   14.738341   0.139018   0.753287455111335     
7229.623   180.146768   15.002058   0.162424   0.7515488388105088    
7231.756   181.393039   15.120749   0.187337   0.7501539905723954    
7233.906   182.386481   15.221162   0.211163   0.7485176547526121    
7236.066   184.782009   15.450738   0.230131   0.745800464313988     
7238.241   186.010155   15.578823   0.239343   0.7434933852996872    
7240.455   187.135837   15.702133   0.23943    0.7408761064976375    
7242.664   188.403249   15.835339   0.232815   0.738475093178631     
7244.905   190.954805   16.075013   0.225236   0.7362548992614079    
7247.157   188.768654   15.911735   0.212659   0.7344087133417205    
7249.437   193.004175   16.298003   0.214541   0.7318685088197991    
7251.745   194.333748   16.441163   0.218764   0.7292091577538894    
7254.046   196.653701   16.673151   0.226989   0.7261765016821297    
7256.388   197.986243   16.831706   0.233045   0.7223417202433621    
7258.744   199.238789   16.981212   0.234339   0.7187540927880837    
7261.112   199.849321   17.077215   0.229741   0.7151081400293919    
7263.511   188.93009    16.183715   0.210531   0.7116473455440128    
7265.918   204.421731   17.569881   0.224387   0.7068775943260666    
7268.356   206.170041   17.768175   0.2217     0.7030495080486638    
7270.8     207.331787   17.912559   0.212239   0.6995504293593059    
7273.264   208.797997   18.078662   0.203408   0.6964625318916825    
7275.759   211.219082   18.326804   0.199485   0.6934872674654838    
7278.272   212.38437    18.476731   0.197202   0.6897455058470896    
7280.786   212.910569   18.576416   0.193272   0.6856353480572062    
7283.347   215.486999   18.866229   0.189317   0.6807527481110918    
7285.897   216.943727   19.059697   0.18473    0.6758520892350066    
7288.482   218.053712   19.220183   0.18275    0.6712110671003544    
7291.089   219.272866   19.380255   0.19192    0.6673665263696619    
7293.708   221.645165   19.637747   0.210382   0.6639184865482879    
7296.339   222.797222   19.788862   0.232595   0.660409076202108     
7299.014   223.879046   19.931113   0.255593   0.6571295599675628    
7301.688   221.554657   19.773257   0.272365   0.6536150231296907    
7304.382   227.911528   20.391336   0.294704   0.6500912506698099    
7307.11    229.108074   20.548502   0.307087   0.6466380656609295    
7309.843   229.994145   20.675536   0.313569   0.6433807946784863    
7312.6     231.186918   20.834261   0.314388   0.6398805082172278    
7315.371   233.496873   21.101255   0.318441   0.6359323704586515    
7318.174   234.752969   21.274347   0.322756   0.6319661386709026    
7320.981   235.731172   21.42032    0.325835   0.6281761962030611    
7323.809   236.989077   21.590523   0.327468   0.6245096769111311    
7326.662   239.158916   21.842124   0.333645   0.6210139146835958    
7329.531   240.294479   22.007167   0.337647   0.6170668103813458    
7332.424   242.053147   22.231413   0.347024   0.6130417692621604    
7335.321   243.045972   22.385595   0.356921   0.609056151565959     
7338.249   245.26281    22.650744   0.364278   0.6052441834049248    
7341.205   246.085925   22.780143   0.363164   0.6019260967971096    
7344.164   247.537955   22.976798   0.355442   0.5980897745324442    
7347.141   248.751062   23.149075   0.338619   0.5944392221019453    
7350.141   251.579837   23.478342   0.325617   0.5904568161696523    
7353.17    252.459588   23.626703   0.311652   0.5864849449668289    
7356.214   253.560435   23.80513    0.301596   0.5819980301117444    
7359.27    254.585472   23.970403   0.293152   0.577918726773277     
7362.355   257.04164    24.276699   0.288862   0.573540531606103     
7365.451   258.056985   24.446549   0.288745   0.5692556036107318    
7368.564   259.139044   24.624433   0.292981   0.5649196981402541    
7371.703   260.24341    24.799535   0.305674   0.5609128189731718    
7374.849   262.362146   25.070768   0.330994   0.5569962865115067    
7378.03    263.392351   25.245308   0.366579   0.5527267948527078    
7381.216   264.601125   25.436678   0.40744    0.5485219787246408    
7384.429   265.434658   25.59245    0.439518   0.5443356013689296    
7387.66    267.632784   25.88174    0.456278   0.5401023489443642    
7390.921   268.760102   26.078103   0.458265   0.535357436970348     
7394.181   269.67318    26.247365   0.452615   0.5310042397940521    
7397.464   270.993266   26.458989   0.451059   0.5265532252162807    
7400.777   272.905641   26.725918   0.453809   0.522302227913586     
7404.108   274.065038   26.924475   0.457588   0.5178294088990544    
7407.448   274.846006   27.080739   0.461591   0.5136692620249109    
7410.815   275.920926   27.278679   0.463039   0.5088899139980438    
7414.197   277.978186   27.568822   0.467366   0.5044323733590614    
7417.599   279.246444   27.783565   0.472132   0.49989657768868445   
7421.027   279.800494   27.920375   0.479613   0.4957527904088573    
7424.475   280.718986   28.099229   0.492188   0.491356958822894     
7427.928   282.999418   28.415383   0.505223   0.48697575760032624   
7431.404   283.786454   28.575936   0.50836    0.48293494006478815   
7434.902   284.615336   28.753657   0.508449   0.47829115570641895   
7438.422   285.542851   28.940966   0.504807   0.4737093942033295    
7441.964   287.468246   29.223511   0.495947   0.46947334699906107   
7445.51    280.85433    28.648883   0.470944   0.464640456001147     
7449.098   290.205391   29.695857   0.47704    0.46019912946350855   
7452.686   290.319375   29.797967   0.474307   0.45589975616155604   
7456.288   292.948075   30.159404   0.481494   0.45159626500107225   
7459.921   293.752705   30.33323    0.485541   0.4473475307068633    
7463.575   294.834806   30.544389   0.497648   0.44273657369461716   
7467.249   289.882327   30.129022   0.503324   0.4381428805386449    
7470.927   298.318585   31.104428   0.536183   0.4336533710011541    
7474.647   299.226258   31.30408    0.555642   0.42890098957121103   
7478.361   299.986971   31.492404   0.571308   0.424009086371491     
7482.108   300.99449    31.708125   0.586803   0.41909628630821916   
7485.877   302.964205   32.024668   0.608483   0.4142723730326755    
7489.658   304.269788   32.271818   0.627554   0.4094810786979101    
7493.468   305.429999   32.502042   0.646671   0.4048100382480373    
7497.281   306.627635   32.735958   0.654629   0.4002026684807565    
7501.126   309.082714   33.11596    0.659027   0.39515870827190747   
7504.978   309.795367   33.297086   0.660089   0.3907015566219575    
7508.86    310.764699   33.511048   0.661652   0.38606091847884      
7512.763   311.884758   33.750957   0.667341   0.38106014110686753   
7516.69    314.469166   34.145632   0.68196    0.376288834171425     
7520.611   315.280359   34.348376   0.689333   0.3715596688181517    
7524.578   316.460245   34.600338   0.695947   0.3665058784648478    
7528.546   317.049674   34.781554   0.698724   0.3617497352337335    
7532.539   319.238512   35.149442   0.704234   0.3565995616787124    
7536.555   320.072902   35.362347   0.710344   0.3517505182203521    
7540.582   321.235476   35.616992   0.720839   0.3467303537645616    
7544.634   321.760164   35.799601   0.730241   0.34180589814429674   
7548.707   324.056158   36.185059   0.741085   0.33671561725697696   
7552.799   324.741714   36.388681   0.745116   0.3317681873217043    
7556.91    325.964902   36.658732   0.74424    0.3266281830445952    
7561.026   326.256226   36.828683   0.741415   0.32135004142770895   
7565.173   328.320154   37.17743    0.7453     0.31693924894464853   
7569.335   329.143328   37.409174   0.754287   0.3116921769158921    
7573.524   329.764882   37.604016   0.768798   0.3070133041397125    
7577.725   330.854886   37.862598   0.792244   0.30198835487624115   
7581.948   332.317747   38.156931   0.816992   0.29727599760245144   
7586.195   333.054007   38.376471   0.83718    0.2922919579465955    
7590.45    333.709712   38.584164   0.849332   0.2874401163356152    
7594.729   334.107319   38.768729   0.859373   0.2823751373683776    
7599.023   335.963409   39.117056   0.868885   0.27755998880397625   
7603.335   335.67488    39.222183   0.875251   0.2725490300055831    
7607.668   335.448626   39.335731   0.883627   0.26750696547679575   
7612.035   336.040941   39.539128   0.899259   0.26270784452967244   
7616.401   338.391559   39.968083   0.917583   0.2573055619974864    
7620.802   339.455037   40.228961   0.921648   0.2525420202818891    
7625.219   340.308361   40.478527   0.931262   0.24734613808521802   
7629.648   340.816452   40.683709   0.937207   0.24230531544267203   
7634.095   342.601861   41.051538   0.9527     0.23696547935336854   
7638.565   343.032013   41.248734   0.969835   0.2319625965745314    
7643.062   343.468004   41.451665   0.986468   0.22681816987968706   
7647.568   343.603852   41.608637   1.000765   0.22203179707649312   
7652.091   345.17455    41.947073   1.013945   0.2170250981288677    
7656.638   345.805354   42.175792   1.026523   0.21191676127230047   
7661.2     345.972508   42.355777   1.032584   0.20657756714170747   
7665.786   346.971825   42.630247   1.038617   0.20152154309551698   
7670.392   348.696742   42.999611   1.047146   0.19633387914189337   
7675.009   348.968882   43.184539   1.049569   0.19136782241053893   
7679.644   349.433342   43.3953     1.055194   0.1863632770454661    
7684.307   349.478284   43.556967   1.061373   0.1812860599729677    
7688.987   352.132559   44.041952   1.079551   0.17632654412273133   
7693.685   352.810913   44.287945   1.096664   0.1711709764791808    
7698.405   352.662456   44.421965   1.110429   0.16630238715208912   
7703.13    352.952298   44.628286   1.125747   0.16091067715675744   
7707.892   352.297112   44.706073   1.135904   0.15581990292364947   
7712.665   354.551374   45.160628   1.159968   0.15053336596375247   
7717.466   354.461533   45.321324   1.175573   0.14515135515716956   
7722.277   355.028031   45.569418   1.191393   0.13968896200567715   
7727.107   356.073886   45.875369   1.208844   0.13438533371250205   
7731.953   356.218553   46.070458   1.222367   0.12895815204637642   
7736.82    355.982794   46.204805   1.227896   0.1239035462783995    
7741.712   357.514823   46.580025   1.246807   0.11853829816773206   
7746.621   357.960285   46.807334   1.258163   0.11341447003276228   
7751.541   358.131763   47.002519   1.271178   0.10820650519024451   
7756.491   357.925484   47.14514    1.282799   0.1031067114408867    
7761.449   357.918336   47.32729    1.294985   0.09762471460393964   
7766.441   359.079896   47.662387   1.31541    0.09222859968164238   
7771.438   358.949255   47.823072   1.332578   0.08695392870872462   
7776.461   358.874964   47.992823   1.346602   0.08164993488428597   
7781.5     358.863708   48.172417   1.362176   0.07632300864566938   
7786.56    359.823995   48.485888   1.37758    0.07092908374314968   
7791.641   359.691703   48.654093   1.392739   0.06551108647633927   
7796.743   359.565141   48.832685   1.404415   0.05983147851169489   
7801.859   359.421491   49.000581   1.415894   0.054412057218887325  
7806.99    360.215841   49.299763   1.428531   0.04892532136817976   
7812.151   359.925381   49.443923   1.436195   0.04365485670888641   
7817.32    359.639149   49.591097   1.448459   0.0383261612844014    
7822.521   359.384214   49.743127   1.458421   0.03299412347527787   
7827.73    360.088389   50.039225   1.475127   0.027368870549143866  
7832.965   359.772439   50.183573   1.486569   0.022053441560166975  
7838.211   359.586226   50.35606    1.498487   0.01646845591544287   
7843.481   359.0109     50.465473   1.510206   0.011134181007139251  
7848.772   360.211488   50.8348     1.529744   0.005543202118814918  
7854.08    357.670908   50.674486   1.535651   0                     