# XDI/1.0 
# Spectrum.license:CC0-4.0
# Contact.author.name:Industrial Science Group
# Contact.author.affiliation:Canadian Light Source
# Sample.reference:
# ScanParameters.E0:
# Sample.temperature:77 K
# Sample.prep:powder, 500 um
# Facility.name:CLS
# Facility.energy:2.90 GeV
# Facility.xray_source:Wiggler
# Beamline.name:BIOXAS-S
# Beamline.scan_mode:Transmission
# Beamline.energy_resolution:0.0001
# Beamline.flux:1E12 ph/s at 12keV
# Beamline.spot_size:0.5-3mm
# Beamline.energy_range:5000 - 32000
# Beamline.detector:Ionization chamber
# Mono.name:Si220
# Scan.start_time:2021-03-11
# Sample.name:Lepidocrocite
# Sample.id:49zit3
# Element.symbol:Fe
# Element.edge:"K:7112"
# Column 1:Energy
# Column 2:I0
# Column 3:Itrans
# Column 4:Irefer
# Column 5:Mutrans


# Energy    I0          Itrans      Irefer      Mutrans                
6911.9981   35254.9     131681.8    58315.4     0.26422695709289523    
6921.9979   36300.9     136760.8    60796.4     0.2503281295292598     
6931.9991   37362.9     142081.8    63372.4     0.2352555896775611     
6942.0013   38481.9     147644.8    66091.4     0.22088898957259148    
6951.9988   39582.9     153258.8    68871.4     0.20617887200816734    
6962.001    40708.9     159034.8    71704.4     0.19173340060396551    
6971.9988   41873.9     165002.8    74650.4     0.1778080616672757     
6982.0016   42988.9     170803.8    77537.4     0.1644471918768404     
6991.9992   44135.9     176870.8    80550.4     0.15060419642723732    
7002.0019   45230.9     182833.8    83545.4     0.13663423703065364    
7011.9995   46311.9     188730.8    86540.4     0.12351270494514056    
7021.9995   47373.9     194640.8    89553.4     0.11033304038973522    
7032.0004   48445.9     200770.8    92657.4     0.09639403172952472    
7041.9993   49475.9     206731.8    95715.4     0.08311954396272049    
7052.0024   50473.9     212635.8    98765.4     0.06989756684818577    
7061.9991   51499.9     218795.8    101896.4    0.05627723849346127    
7071.9992   52521.9     225073.8    105091.4    0.04232655281941731    
7082.002    53548.9     231182.8    108154.4    0.03035201748881012    
7082.499    53583.9     231500.8    108306.4    0.029187411436443437   
7083.0014   53649.9     231929.8    108499.4    0.028185482992638577   
7083.4984   53666.9     232040.8    108567.4    0.027924430482524857   
7084        53707.9     232292.8    108700.4    0.027404865199244736   
7084.4977   53734.9     232525.8    108809.4    0.026597533902862576   
7085.0004   53739.9     232708.8    108911.4    0.025477400452733237   
7085.4979   53464.9     231603.8    108377.4    0.024878872125432803   
7086.0008   53247.9     230759.8    107990.4    0.0242068029572755     
7086.4988   53049.9     229924.8    107613.4    0.02404476559759519    
7087.0013   53077.9     230074.8    107677.4    0.023843705284328717   
7087.4986   53640.9     232638.8    108875.4    0.022985631298139356   
7088.0017   53937.9     234025.8    109533.4    0.022302911729860195   
7088.4998   54075.9     234780.8    109895.4    0.021227893496056263   
7089.0023   54196.9     235426.8    110206.4    0.020400086928143237   
7089.5012   54272.9     235848.8    110385.4    0.019770993931859843   
7089.9995   54342.9     236224.8    110554.4    0.01928004546170886    
7090.4983   54413.9     236648.8    110755.4    0.018492613420938914   
7091.0019   54443.9     236838.8    110838.4    0.01808668178265988    
7091.4997   54494.9     237171.8    110974.4    0.01732976896300307    
7091.9991   54550.9     237547.8    111139.4    0.016430306579793146   
7092.5022   54585.9     237747.8    111238.4    0.016107042653266113   
7093.0007   54632.9     238007.8    111364.4    0.015731852587741766   
7093.4995   54665.9     238219.8    111462.4    0.015269234380636614   
7093.9985   54706.9     238511.8    111590.4    0.014501740898198758   
7094.5024   54746.9     238771.8    111690.4    0.013922668201956536   
7095.0016   54795.9     239105.8    111831.4    0.013110054059938262   
7095.5009   54881.9     239567.8    112029.4    0.012525317343508337   
7095.9999   54901.9     239789.8    112117.4    0.011617966014257913   
7096.4995   54941.9     240005.8    112202.4    0.011340091987734675   
7096.9989   54993.9     240310.8    112330.4    0.010816905237292444   
7097.4988   55021.9     240514.8    112405.4    0.010268634296087476   
7098.0024   55041.9     240704.8    112459.4    0.009580338403174184   
7098.4976   55091.9     240863.8    112494.4    0.009980241658712615   
7099.0023   55152.9     241185.8    112599.4    0.009609906575273811   
7099.4977   55187.9     241417.8    112651.4    0.009081771354652468   
7100.0021   55246.9     241757.8    112770.4    0.008534583248987516   
7100.4976   55280.9     242074.8    112868.4    0.007412050066819943   
7100.9977   55327.9     242400.8    112975.4    0.006611186975423571   
7101.4978   55377.9     242604.8    113020.4    0.006711415572995647   
7102.0023   55432.9     243017.8    113136.4    0.005567751221298908   
7102.498    55478.9     243218.8    113148.4    0.0055721595954873315  
7102.9982   55508.9     243427.8    113166.4    0.0050580957982993445  
7103.4984   55561.9     243762.8    113188.4    0.00437843768012402    
7103.9999   55595.9     243895.8    113128.4    0.0044854675012757006  
7104.5002   55658.9     244204.8    113137.4    0.004269731167607281   
7105.0011   55691.9     244384.8    113050.4    0.004037045176503762   
7105.5017   55731.9     244719.8    113010.4    0.0029843856997221257  
7106.0019   55767.9     244891.8    112861.4    0.0028925719411684535  
7106.4985   55806.9     244996.8    112605.4    0.0033292436684019917  
7106.9993   55852.9     245216.8    112351.4    0.003210333094930128   
7107.5009   55912.9     245564.8    112015.4    0.002654069148386752   
7108.0019   55945.9     245740.8    111449.4    0.002449908362191903   
7108.4982   55959.9     245811.8    110521.4    0.002387462734384188   
7108.9992   55993.9     245923.8    108968.4    0.0026326971177897994  
7109.5011   56042.9     246039.8    106213.4    0.0032836877406782513  
7109.9979   56090.9     246057.8    101879.4    0.004548040029907805   
7110.4984   56128.9     245933.8    96024.4     0.006455662536584207   
7111.0004   56155.9     245397.8    89255.4     0.010755541173866222   
7111.5023   56199.9     244638.8    82941.4     0.017022619371535104   
7111.9991   56226.9     243621.8    78096.4     0.024525316150412656   
7112.5011   56274.9     242823.8    74429.4     0.031201444272891447   
7112.9988   56263.9     242105.8    71555.4     0.03566768560482817    
7113.5011   56303.9     242248.8    69383.4     0.03586179819647655    
7113.9981   56353.9     242533.8    67765.4     0.03539649991471928    
7114.5005   56397.9     242995.8    66703.4     0.033583690880539196   
7115.0022   56439.9     243395.8    65997.4     0.03212980577202003    
7115.4999   56485.9     243538.8    65351.4     0.03249693117954765    
7115.9976   56504.9     243342.8    64346.4     0.034340151854227056   
7116.5003   56555.9     243145.8    62801.4     0.03710482654543718    
7116.9982   56593.9     242827.8    60563.4     0.040302815057401305   
7117.5001   56630.9     242360.8    57734.4     0.04446679879076262    
7117.9985   56643.9     241693.8    54559.4     0.04928773860425935    
7118.5017   56687.9     240943.8    51335.4     0.05556038656972368    
7118.9995   56708.9     239627.8    48085.4     0.06500261990363984    
7119.4979   56748.9     237754.8    44860.4     0.0788127987485466     
7120.0011   56774.9     234932.8    41674.4     0.09883413143495928    
7120.4985   56788.9     231156.8    38696.4     0.1253977417149336     
7121.0019   56818.9     226460.8    35981.4     0.1593939773821556     
7121.5004   56848.9     220862.8    33524.4     0.2006657925204544     
7121.9987   56884.9     214785.8    31336.4     0.24674249327953984    
7122.5023   56901.9     208437.8    29354.4     0.2956707909534511     
7123.0014   56936.9     202606.8    27656.4     0.3424821191504521     
7123.5004   56976.9     197053.8    26148.4     0.3884928597307655     
7123.9987   56978.9     191396.8    24754.4     0.43558630519873887    
7124.4982   57030.9     185777.8    23447.4     0.4851770779366033     
7125.0019   57063.9     179850.8    22171.4     0.5384699374874122     
7125.5014   57100.9     173540.8    20888.4     0.5971900569783444     
7126.0002   57122.9     167057.8    19605.4     0.6592932493922761     
7126.4999   57164.9     160567.8    18310.4     0.7244653987785674     
7126.9986   57208.9     154488.8    17071.4     0.788031641556577      
7127.4984   57217.9     148932.8    15895.4     0.847431016376155      
7127.9976   57263.9     144432.8    14853.4     0.8982730305009935     
7128.5023   57312.9     141010.8    13967.4     0.9383743609338582     
7129.0012   57338.9     138723.8    13295.4     0.9655117508414183     
7129.5016   57369.9     137182.8    12817.4     0.9844231048701263     
7130.0012   57390.9     136312.8    12543.4     0.9952877935415162     
7130.5011   57447.9     136103.8    12506.4     0.9993686434941292     
7131.0016   57491.9     136154.8    12657.4     1                      
7131.5008   57534.9     136703.8    12995.4     0.9947091511158765     
7132.0013   57560.9     137634.8    13459.4     0.9844784687975037     
7132.5016   57589.9     138755.8    13993.4     0.9721927492454833     
7133.0018   57645.9     140180.8    14567.4     0.9572627831529373     
7133.5023   57672.9     141466.8    15101.4     0.9432722736375414     
7133.9978   57730.9     142758.8    15574.4     0.930214342731979      
7134.4981   57766.9     143823.8    15966.4     0.9192188836438998     
7134.9988   57821.9     144913.8    16297.4     0.9085634485674974     
7135.4999   57847.9     145897.8    16537.4     0.898361386417189      
7136.0008   57895.9     146834.8    16699.4     0.8893629971761554     
7136.5011   57953.9     147803.8    16797.4     0.8803582679313889     
7137.0018   57981.9     148761.8    16827.4     0.8707054310083475     
7137.4982   58036.9     149869.8    16826.4     0.860253574740021      
7137.9982   58048.9     150913.8    16780.4     0.8493774607753992     
7138.5003   58117.9     152236.8    16755.4     0.8372009397731608     
7139.0015   58176.9     153550.8    16727.4     0.8249612023750185     
7139.4977   58207.9     154806.8    16712.4     0.81266635967796       
7139.9987   58265.9     156149.8    16742.4     0.8003258697542088     
7140.501    58309.9     157342.8    16809.4     0.7892543035705497     
7141.0024   58354.9     158497.8    16911.4     0.7786894389402427     
7141.4995   58406.9     159540.8    17037.4     0.7695361507266747     
7142.0015   58452.9     160518.8    17178.4     0.7609386232446022     
7142.4978   58483.9     161320.8    17330.4     0.7537467296554734     
7143        58520.9     162124.8    17475.4     0.7467399458320741     
7143.501    58566.9     162837.8    17585.4     0.7409225768363324     
7143.9992   58614.9     163442.8    17659.4     0.7362569685207063     
7144.5003   58639.9     163879.8    17662.4     0.7326337323831459     
7144.9978   58689.9     164381.8    17634.4     0.7290710333779035     
7145.5006   58748.9     164870.8    17544.4     0.7258969475625809     
7145.9977   58771.9     165281.8    17421.4     0.7225084904724065     
7146.4996   58852.9     165952.8    17291.4     0.7181900297508009     
7147.0023   58880.9     166646.8    17137.4     0.712219133184816      
7147.5007   58941.9     167614.8    17013.4     0.704538309669007      
7147.9978   58954.9     168566.8    16902.4     0.6957486558478986     
7148.5011   59011.9     169822.8    16845.4     0.6853216186302529     
7148.9983   59047.9     171088.8    16823.4     0.6743128191562092     
7149.5017   59088.9     172608.8    16850.4     0.6611504641829403     
7150.0001   59141.9     174156.8    16892.4     0.6481806011478152     
7150.4977   59195.9     175683.8    16966.4     0.6355573209632093     
7151.001    59243.9     177072.8    17015.4     0.6241491717169224     
7151.4992   59275.9     178305.8    17083.4     0.6138157045187759     
7151.9975   59319.9     179565.8    17153.4     0.6036428603595683     
7152.4999   59355.9     180720.8    17232.4     0.5942689608445455     
7152.9992   59420.9     181856.8    17331.4     0.5859174318059042     
7153.4978   59446.9     182700.8    17421.4     0.5791467521331393     
7154.0013   59502.9     183587.8    17537.4     0.5728463199256857     
7154.4994   59541.9     184450.8    17664.4     0.5663312653524993     
7154.9991   59560.9     185214.8    17787.4     0.5601716333146628     
7155.4971   59632.9     186033.8    17928.4     0.5549976777988533     
7156.0013   59646.9     186564.8    18030.4     0.5507740750803373     
7156.5011   59700.9     187209.8    18148.4     0.5466621361492753     
7156.9999   59744.9     187664.8    18221.4     0.5439318753520362     
7157.4992   59796.9     188176.8    18301.4     0.5409370712023357     
7157.9982   59834.9     188674.8    18361.4     0.5376950303996043     
7158.5022   59848.9     188986.8    18399.4     0.5354046816629132     
7159.0021   59900.9     189560.8    18466.4     0.5319099211273062     
7159.5015   59947.9     189858.8    18508.4     0.5306398603459405     
7160.001    59990.9     190097.8    18550.4     0.529766228241779      
7160.5015   60030.9     190413.8    18601.4     0.5281604808829211     
7161.0003   60071.9     190716.8    18670.4     0.5266954149901182     
7161.5008   60102.9     190937.8    18737.4     0.5256583719787692     
7162.0008   60159.9     191164.8    18818.4     0.5252704279395229     
7162.5003   60206.9     191198.8    18863.4     0.5262443390767519     
7163.0007   60223.9     191077.8    18930.4     0.5277225032977735     
7163.5005   60269.9     190973.8    18968.4     0.5298346242102208     
7164.001    60305.9     190869.8    19027.4     0.531678532694588      
7164.5009   60352.9     190734.8    19056.4     0.5340791283596416     
7165.0019   60373.9     190482.8    19085.4     0.5367758474678579     
7165.5017   60420.9     190287.8    19106.4     0.5396864431037643     
7165.9984   60417.9     189886.8    19102.4     0.5430128357397274     
7166.498    60425.9     189501.8    19105.4     0.546504069098837      
7166.9998   60404.9     189034.8    19087.4     0.5499271894306081     
7167.4997   60474.9     188688.8    19086.4     0.5547558543921626     
7168.0011   60556.9     188442.8    19106.4     0.5590506525793045     
7168.5024   60607.9     188073.8    19112.4     0.563575243563422      
7168.9983   60655.9     187714.8    19127.4     0.5679390130377192     
7169.4992   60695.9     187154.8    19133.4     0.5738282080157444     
7170.0005   60760.9     186804.8    19177.4     0.5785793557674862     
7170.5011   60816.9     186365.8    19211.4     0.5838663572098616     
7171.0029   60848.9     185892.8    19258.4     0.5888194823290157     
7171.4993   60893.9     185453.8    19320.4     0.5938313158465063     
7172.0002   60929.9     185066.8    19405.4     0.5981590087290916     
7172.5022   60981.9     184612.8    19498.4     0.6035028921020471     
7172.9995   61010.9     184235.8    19587.4     0.6075716744102088     
7173.5008   61055.9     183761.8    19698.4     0.6129222567720956     
7173.9977   61085.9     183430.8    19814.4     0.6166268365525657     
7174.4991   61117.9     182990.8    19931.4     0.6213507285822399     
7175.0014   61175.9     182875.8    20087.4     0.6238976033198631     
7175.499    61209.9     182695.8    20231.4     0.6263850513842901     
7176.0004   61235.9     182582.8    20386.4     0.6280699366364815     
7176.4977   61299.9     182662.8    20546.4     0.6290493806326463     
7177.0002   61320.9     182565.8    20674.4     0.6304602457004619     
7177.5023   61352.9     182568.8    20806.4     0.6312761804867262     
7178        61386.9     182686.8    20924.4     0.6311274461406726     
7178.498    61423.9     182751.8    21012.4     0.6315260115454859     
7179.0003   61474.9     182881.8    21094.4     0.6317179448322979     
7179.4979   61527.9     183147.8    21172.4     0.6307625065469614     
7180.001    61553.9     183269.8    21185.4     0.6303694191771604     
7180.4985   61587.9     183596.8    21233.4     0.6283824442633922     
7181.001    61594.9     184001.8    21262.4     0.625007713015256      
7181.4993   61645.9     184212.8    21263.4     0.624493514734676      
7182.0021   61691.9     184584.8    21268.4     0.6224403438782402     
7182.5008   61736.9     184932.8    21254.4     0.6205762313202143     
7182.999    61760.9     185196.8    21230.4     0.6189002709804753     
7183.4975   61791.9     185559.8    21196.4     0.6165485176818346     
7184.0008   61840.9     186047.8    21175.4     0.6135873135395772     
7184.4993   61882.9     186393.8    21117.4     0.611683304564593      
7185.0024   61900.9     186682.8    21018.4     0.6096511233777534     
7185.4966   61953.9     187160.8    20957.4     0.6069036875326445     
7186.0003   61983.9     187551.8    20857.4     0.6043154089735526     
7186.4987   61996.9     187685.8    20728.4     0.6035007212023717     
7186.9974   62056.9     188205.8    20639.4     0.6005949434382302     
7187.5013   62076.9     188550.8    20532.4     0.5981578628683955     
7188.0012   62125.9     189086.8    20434.4     0.5948479976258944     
7188.5      62144.9     189451.8    20328.4     0.5922276385792349     
7188.9995   62179.9     189824.8    20210.4     0.5899606432651775     
7189.4983   62219.9     190282.8    20104.4     0.5871076337296937     
7189.9976   62236.9     190458.8    19969.4     0.5860558566227487     
7190.5023   62279.9     191061.8    19873.4     0.5820666368221278     
7191.0006   62291.9     191348.8    19747.4     0.579953884781439      
7191.5009   62306.9     191794.8    19664.4     0.5765831938303875     
7192.0008   62325.9     192144.8    19564.4     0.5741313866987915     
7192.001    62319.9     192094.8    19560.4     0.5743961886304787     
7193.7549   65417.223   202508.25   20394.811   0.5674736607737803     
7195.5304   66515.115   207089.98   21000.564   0.558222122802554      
7197.3219   72947.576   228003      23587.659   0.551934674545315      
7199.1349   76455.606   239839.32   25543.097   0.5460547620517887     
7200.9679   79907.206   251868.92   27732.877   0.5383297198748997     
7202.8178   80959.376   256384.81   29255       0.5307574269421675     
7204.6884   87098.114   277273.98   32681.465   0.5222974990177345     
7206.5807   91342.422   291988.45   34998.272   0.5156314257640953     
7208.4839   95128.3     305256.2    36265.422   0.5094531020937496     
7210.4134   98988.747   319174.25   36366.914   0.5016920797431129     
7212.3583   102842.76   332947.58   35354.749   0.4951474626650094     
7214.3255   106829.35   347253.2    34005.926   0.48862734320768897    
7216.3087   110834.5    361830.11   32989.445   0.4816590375059645     
7218.3131   114906.23   376385.3    32739.307   0.4762328048184376     
7220.3344   119051.52   391264.79   33553.511   0.4708534014443987     
7222.3769   123208.38   406121.56   35571.057   0.46609409410951064    
7224.4357   127457.82   421321.63   38789.946   0.4615151403166639     
7226.5164   131792.82   437207.98   42932.177   0.455755302827753      
7228.6125   136115.39   453535.62   47623.751   0.4486614192680541     
7230.7319   140507.53   470415.54   52666.667   0.44093523972808935    
7232.8665   144991.24   487804.76   57673.925   0.4330442733406153     
7235.0229   149481.52   505131.27   62028.526   0.4259331414482042     
7237.1972   154060.37   522673.06   65399.469   0.4195286634521735     
7239.3921   158711.78   540133.14   67648.755   0.41449975538830647    
7241.6041   163435.77   557583.51   68923.382   0.41051693507523435    
7243.8376   168205.33   574687.17   69528.353   0.40817835959380516    
7246.0882   173033.45   591896.12   70085.665   0.4062311786215942     
7248.361    177923.15   608965.35   71264.32    0.4053213263353122     
7250.6498   182845.41   626018.88   73370.318   0.40478870009230883    
7252.956    187827.25   643481.69   76313.658   0.4037690542621435     
7255.2856   192940.65   661613.79   79337.34    0.4022697785866705     
7257.6294   198033.62   679943.18   81525.364   0.40021399990006395    
7259.9968   203251.16   698751.86   82879.731   0.3981457131645826     
7262.382    208433.27   716804.83   83877.441   0.3976105151941487     
7264.7832   213799.96   735692.08   85210.492   0.39666391537261797    
7267.2069   219234.2    755291.63   86519.886   0.39473819286831985    
7269.6484   224723.02   775704.46   87179.623   0.3916060708217453     
7272.106    230249.41   796712.58   87390.702   0.3876854321450193     
7274.5864   235881.37   819047.99   88324.123   0.382061316114385      
7277.0897   241496.9    841589.69   89926.886   0.37621194624421916    
7279.6052   247226.99   865292.68   91420.992   0.36922789352306773    
7282.1423   252948.66   890187.95   92558.441   0.3603702837652515     
7284.6975   258810.9    916621.51   93723.232   0.35011469872982237    
7287.2694   264658.7    943471.37   95505.365   0.3395731179583821     
7289.865    270803.08   971370.51   99293.84    0.3295755417470792     
7292.4774   276926.02   999599.94   105611.66   0.3194203910771139     
7295.1133   283055.53   1027402.7   113427.82   0.31047197475627203    
7297.7614   289214.61   1054591.7   121398.32   0.3030537757697646     
7300.4317   295479.27   1082275     129080.17   0.29581618834903767    
7303.1196   301826.49   1109344.5   135878.35   0.29024445028495843    
7305.8323   308274.28   1136161.4   141683.88   0.28580609965473996    
7308.555    314749.64   1161979.6   146121.76   0.2830898104572206     
7311.3027   321330.56   1188389     149628.97   0.28021435028827746    
7314.0673   327906.06   1215026.8   152862.53   0.2771288397580814     
7316.856    334511.13   1242287.8   156538.43   0.273502649388582      
7319.6555   341268.77   1270236.1   160392.67   0.2698726560704021     
7322.4808   348099.97   1299461.7   164332.25   0.265144514640346      
7325.3227   354915.75   1328753.6   168193.18   0.26046065767791765    
7328.1833   361931.09   1359106.8   172339.45   0.2555952413606587     
7331.0614   368951.01   1390017.2   177394.06   0.25030124411746674    
7333.9638   376074.49   1421243     183261.01   0.24530762154679978    
7336.8778   383112.55   1452972     188744.31   0.2395948462880679     
7339.8161   390452.17   1486379.4   192894.95   0.2335304418600199     
7342.7724   397758.36   1520315     194733.93   0.22701442766103136    
7345.748    405139.12   1553667.9   194550.25   0.22166104064474465    
7348.7406   412543.45   1588759.1   194082.92   0.2148404429090573     
7351.7535   419981.35   1622614.6   193795.92   0.20964593504736487    
7354.7892   427654.82   1657500.4   194082.27   0.20453368551425177    
7357.8382   435355.86   1692214.4   194748.97   0.1998831545999902     
7360.9111   442980.47   1726901.8   195974      0.19515323999786707    
7363.9976   450685.64   1763111.4   198692.38   0.18949041048110665    
7367.1081   458449.39   1800217.4   203442.1    0.18343882551006044    
7370.232    466231.71   1837864.6   210760.16   0.17719899922178267    
7373.3798   470183.59   1860416.1   219474.57   0.17113479419033556    
7376.5472   481330.05   1908590.9   234517.31   0.16768701515544465    
7379.7322   491049.07   1952016     251401.4    0.16363926835583864    
7382.9377   499172.66   1988247.3   265905.83   0.16043734493011308    
7386.1554   507448.83   2025336     275648.61   0.15714586384943632    
7389.3987   515795.56   2063489.9   281145.72   0.15335351119424312    
7392.6606   524030.86   2101873.2   284369.18   0.1491708133167279     
7395.9418   532403.73   2141510.7   287732.98   0.14459915272880816    
7399.2375   540887.17   2182668.5   292782.13   0.1393863419602914     
7402.5565   549358.18   2224521.6   298857.61   0.1338091805405193     
7405.8955   557797.76   2266987     304684.44   0.12789253415408933    
7409.2488   566364.91   2310411.7   310328.61   0.12186604619642219    
7412.6267   575012.63   2354424.7   316022.13   0.11586331432731811    
7416.0195   583567.91   2400090.9   322421.98   0.1086912488664365     
7419.4349   592141.77   2445636.5   329889.18   0.10188708779001054    
7422.8672   597721.19   2477218.3   336965.72   0.09631183510419723    
7426.3178   608080.19   2534298.4   347669.6    0.0872717049950756     
7429.788    618620.75   2586820.8   355681.83   0.08189891383169827    
7433.2784   627704.89   2634750.5   361755.4    0.0757930434653929     
7436.7899   636589.59   2680510.5   366151.31   0.07068413978058512    
7440.3139   645486.86   2727111.8   368675.56   0.06526453801443424    
7443.8628   654425.7    2773646.4   370006.15   0.060151118769373596   
7447.4274   663470.12   2821370.2   372065.09   0.05476720487199639    
7451.0119   672656.1    2869387.4   376368.37   0.049720027817696986   
7454.6171   681882.65   2916866.8   382550.99   0.04521773015090753    
7458.2356   691045.77   2963660.5   389607.95   0.04107303134129637    
7461.8813   700297.45   3010677.5   397811.26   0.03713145785675579    
7465.5402   709701.71   3058160.8   408174.91   0.03340286560015576    
7469.2209   719151.54   3105120.4   420348.9    0.030154709883779475   
7472.9217   728549.94   3154100.3   433324.23   0.025848409426871204   
7476.6374   738171.9    3204079.4   445399.91   0.02164828584157856    
7480.379    747936.44   3255305.9   456873.93   0.01725569051252404    
7484.1356   757881.54   3307706.6   469370.29   0.012799189569760863   
7487.9078   767923.22   3362034.7   483066.99   0.0077470110948852115  
7493.0967   781869      3439552     500834      0                      