# XDI/1.0 
# Spectrum.license:CC BY 4.0
# Publication.authors: Bruce Ravel
# Publication.affiliation: Brookhaven National Laboratory, NSLS-II
# Sample.reference:
# ScanParameters.E0:
# Facility.name:NSLS-II
# Sample.temperature:rt
# Sample.prep:powder on tape
# Sample.formula:
# Sample.smiles:O=[Fe]O
# Publication.DOI: https://doi.org/10.18434/mds2-4032
# Sample.name:Lepidocrocite
# Scan.number:scan1
# Sample.id:j58orc
# Scan.start_time:2023-05-05
# Element.symbol:Fe
# Facility.energy:3.0 GeV
# Beamline.flux:Si(111): 2x10^12 at 10 keV; 6x10^10 at 20 keV; Si(311): 4x10^11 at 10 keV; 1x10^10 at 20 keV
# Beamline.name:Beamline for Materials Measurement (BMM)
# Beamline.energy_range:4.0 - 23
# Beamline.scan_mode:Transmission
# Beamline.energy_resolution:Si(111): 1.3 x 10^-4; Si(311):1.9 x 10^-5 
# Beamline.spot_size:300 µm
# Beamline.detector:Ionization chamber
# Beamline.website:https://www.bnl.gov/nsls2/beamlines/beamline.php?r=6-BM
# Mono.name:Si(111) and Si(311)
# Element.edge:K
# Column.1:Energy
# Column.2:I0
# Column.3:Itrans
# Column.4:Irefer
# Column.5:Mutrans
# Energy   I0           Itrans     Irefer     Mutrans
6912       153.862      29.2614    5.49154    1.659787
6921.87    153.739      29.5214    5.58017    1.650141
6932.02    153.723      29.8114    5.67394    1.640259
6942.03    153.749      30.1112    5.77136    1.630425
6952       153.76       30.4133    5.87154    1.620511
6962       153.767      30.7163    5.97043    1.610645
6972.01    153.791      31.0171    6.07064    1.601054
6982.02    153.773      31.3135    6.16975    1.591424
6992.02    153.772      31.619     6.27223    1.581713
7002.01    153.812      31.9266    6.3762     1.572293
7012.01    153.811      32.2281    6.4787     1.562886
7022.01    153.736      32.5181    6.5809     1.55344
7032.01    153.94       32.8588    6.6917     1.544346
7042.01    153.849      33.1567    6.79441    1.534726
7052.01    153.79       33.4494    6.89577    1.525556
7062.01    153.01       33.5889    6.96215    1.516307
7072.01    153.586      34.0182    7.08645    1.507366
7082.58    152.703      34.1465    7.13959    1.497836
7083.98    153.437      34.3427    7.18175    1.496901
7085.98    153.569      34.4367    7.20386    1.495024
7087.98    153.574      34.4924    7.21659    1.493442
7089.98    153.552      34.5446    7.22724    1.49179
7091.98    153.553      34.6184    7.23878    1.489661
7093.98    153.545      34.6589    7.24315    1.488438
7095.97    153.526      34.7249    7.24887    1.486412
7097.99    153.447      34.7644    7.24411    1.484762
7099.99    153.464      34.8244    7.23747    1.483148
7102       153.423      34.8588    7.21395    1.48189
7102.29    153.378      34.8593    7.20879    1.481589
7102.59    153.414      34.882     7.20691    1.481168
7102.88    153.388      34.8877    7.20123    1.480837
7103.19    153.382      34.8837    7.19352    1.48091
7103.48    153.375      34.8961    7.18788    1.480514
7103.78    153.36       34.8975    7.17908    1.480374
7104.09    153.343      34.905     7.1725     1.480049
7104.38    153.328      34.912     7.16526    1.479747
7104.68    153.347      34.9251    7.15649    1.4795
7104.98    153.34       34.9312    7.14594    1.479274
7105.28    153.329      34.9264    7.13189    1.479344
7105.59    153.315      34.9325    7.11927    1.479075
7105.89    153.305      34.936     7.10515    1.47891
7106.19    153.292      34.9466    7.09019    1.478525
7106.49    153.289      34.9464    7.07277    1.478507
7106.79    153.295      34.9616    7.05417    1.478116
7107.09    153.276      34.9695    7.03371    1.477763
7107.39    153.266      34.9705    7.00855    1.477667
7107.69    153.243      34.9734    6.97844    1.47744
7107.99    153.248      34.9829    6.94514    1.477197
7108.28    153.243      34.9866    6.90454    1.47706
7108.59    153.252      34.9922    6.85736    1.476959
7108.88    153.225      34.9832    6.79906    1.477039
7109.19    153.22       34.9962    6.72977    1.476634
7109.49    153.21       35.0011    6.63942    1.476428
7109.79    153.2        34.9984    6.51676    1.476438
7110.1     153.179      35.0012    6.34564    1.476227
7110.4     153.138      34.9924    6.10397    1.476209
7110.7     153.129      34.991     5.76827    1.476189
7110.99    153.098      34.9849    5.33749    1.476161
7111.3     153.062      34.972     4.82753    1.476298
7111.6     153.03       34.9542    4.3056     1.476593
7111.89    152.982      34.9176    3.84849    1.477331
7112.19    152.969      34.886     3.49205    1.478149
7112.49    152.943      34.8256    3.22008    1.479713
7112.79    152.937      34.7662    3.01248    1.481376
7113.09    152.894      34.7109    2.84126    1.482693
7113.4     152.873      34.6982    2.69831    1.482916
7113.69    152.863      34.7173    2.5696     1.482307
7113.99    152.841      34.7242    2.45207    1.48196
7114.3     152.83       34.7192    2.34935    1.482033
7114.6     152.81       34.7185    2.26329    1.481923
7114.9     152.822      34.7379    2.20048    1.481445
7115.2     152.836      34.7729    2.15585    1.480524
7115.5     152.834      34.7975    2.12374    1.479804
7115.8     152.816      34.8007    2.09976    1.479596
7116.1     152.807      34.7932    2.07953    1.479751
7116.39    152.779      34.7631    2.0571     1.480438
7116.69    152.771      34.7463    2.02633    1.480865
7116.99    152.766      34.7349    1.9807     1.481165
7117.3     152.745      34.7125    1.91458    1.481669
7117.6     152.733      34.6913    1.82673    1.4822
7117.9     152.7        34.667     1.72449    1.482691
7118.2     152.707      34.6504    1.60892    1.483209
7118.5     152.69       34.6262    1.49089    1.483801
7118.8     152.686      34.5967    1.37738    1.484626
7119.1     152.664      34.5701    1.27005    1.485248
7119.4     152.648      34.5322    1.17181    1.486245
7119.7     152.647      34.4792    1.08023    1.487774
7120       152.641      34.4139    0.991335   1.489629
7120.3     152.632      34.3302    0.905514   1.492007
7120.6     152.621      34.2231    0.82627    1.495057
7120.89    152.6        34.086     0.754831   1.49893
7121.2     152.565      33.9258    0.692618   1.503418
7121.5     152.544      33.7346    0.63822    1.508931
7121.8     152.507      33.5044    0.592214   1.515533
7122.1     152.506      33.2416    0.551652   1.5234
7122.4     152.499      32.9352    0.516537   1.532613
7122.7     152.492      32.6043    0.484886   1.542669
7123.01    152.466      32.2494    0.456559   1.553441
7123.31    152.455      31.9024    0.43162    1.564192
7123.6     152.422      31.5722    0.410006   1.574376
7123.9     152.393      31.2688    0.390951   1.583839
7124.2     152.379      30.9767    0.373819   1.593136
7124.5     152.375      30.6765    0.357428   1.602848
7124.8     152.336      30.3574    0.342066   1.613046
7125.1     152.338      30.0181    0.327831   1.624302
7125.4     152.32       29.6448    0.313811   1.636697
7125.7     152.308      29.2555    0.300319   1.649835
7126       152.272      28.8311    0.287021   1.664212
7126.3     152.275      28.3799    0.273771   1.68001
7126.6     152.242      27.8823    0.260305   1.697481
7126.9     152.204      27.3546    0.246563   1.716336
7127.2     152.178      26.7941    0.232546   1.736866
7127.51    152.175      26.2058    0.218203   1.759047
7127.8     152.169      25.6423    0.204437   1.780753
7128.1     152.144      25.0934    0.191355   1.802226
7128.4     152.115      24.5861    0.178782   1.822459
7128.7     152.078      24.1332    0.16687    1.840805
7129       152.054      23.7413    0.155935   1.857023
7129.3     152.052      23.429     0.146164   1.870247
7129.6     152.024      23.1802    0.137867   1.880744
7129.9     152.005      22.9854    0.130903   1.889058
7130.2     151.974      22.825     0.125165   1.895852
7130.5     151.925      22.7017    0.121197   1.90095
7130.8     151.89       22.5969    0.118364   1.90534
7131.1     151.887      22.5152    0.1172     1.908945
7131.4     151.835      22.4628    0.117666   1.910933
7131.71    151.803      22.4458    0.119907   1.911481
7132.01    151.798      22.4727    0.123659   1.91025
7132.3     151.788      22.539     0.128151   1.907236
7132.6     151.803      22.6351    0.133818   1.903085
7132.9     151.797      22.7527    0.140588   1.897864
7133.2     151.789      22.8936    0.147689   1.891635
7133.5     151.782      23.0382    0.155043   1.885291
7133.8     151.763      23.1781    0.162645   1.879114
7134.09    151.759      23.3103    0.169931   1.873395
7134.4     151.758      23.43      0.176834   1.868268
7134.7     151.741      23.5301    0.182875   1.863896
7135       151.756      23.6193    0.188296   1.860214
7135.3     151.754      23.7068    0.193363   1.856499
7135.6     152.121      23.8446    0.197737   1.853122
7135.91    152.154      23.9187    0.201321   1.850233
7136.2     152.126      23.9838    0.203802   1.847332
7136.51    152.139      24.0532    0.205654   1.844528
7136.8     152.126      24.1175    0.206722   1.841771
7137       152.137      24.1664    0.207488   1.839817
7138       152.116      24.4179    0.205317   1.829327
7139       152.121      24.721     0.198797   1.817026
7140.03    152.112      25.0589    0.191975   1.803386
7141.07    152.128      25.3751    0.188119   1.790957
7142.14    152.106      25.6463    0.189374   1.780183
7143.22    152.118      25.8981    0.194027   1.770486
7144.32    152.119      26.0995    0.198842   1.76275
7145.44    152.111      26.2431    0.198505   1.757205
7146.59    152.111      26.3378    0.191611   1.753603
7147.7     152.072      26.4662    0.180716   1.748486
7148.88    152.074      26.736     0.170657   1.738356
7150.07    152.077      27.1137    0.164808   1.724345
7151.3     152.067      27.5165    0.162663   1.709532
7152.52    152.051      27.8749    0.161463   1.696487
7153.77    152.045      28.1754    0.161459   1.685726
7155.05    152.012      28.4046    0.164408   1.677408
7156.34    152.007      28.5796    0.168509   1.671232
7157.65    151.961      28.6988    0.171576   1.666772
7158.98    151.99       28.783     0.173057   1.664026
7160.34    151.951      28.8258    0.173725   1.662286
7161.71    151.92       28.8652    0.175658   1.660718
7163.1     151.885      28.8564    0.178493   1.660789
7164.49    151.853      28.7841    0.181685   1.663092
7165.91    151.807      28.6537    0.183976   1.667331
7167.36    151.784      28.4933    0.185292   1.672789
7168.81    151.735      28.2822    0.186104   1.679906
7170.29    151.715      28.0252    0.18776    1.688904
7171.8     151.689      27.7427    0.191422   1.698863
7173.31    151.639      27.4716    0.198123   1.708349
7174.85    151.601      27.2226    0.207122   1.717204
7176.41    151.593      27.0477    0.217799   1.723598
7177.99    151.558      26.9598    0.228675   1.726617
7179.59    151.548      26.9099    0.23584    1.728408
7181.19    151.525      26.8979    0.237499   1.728706
7182.84    151.491      26.9426    0.235436   1.726817
7184.48    151.467      27.0297    0.231368   1.72343
7186.16    151.457      27.1481    0.22327    1.718993
7187.85    151.39       27.2548    0.212629   1.714629
7189.56    151.356      27.3836    0.202211   1.709689
7191.29    149.653      27.2178    0.189105   1.704451
7193.03    151.016      27.6028    0.181483   1.699471
7194.8     151.163      27.7516    0.179138   1.695064
7196.59    151.156      27.8528    0.183867   1.691382
7198.39    151.123      27.93      0.194036   1.688394
7200.22    151.085      27.9954    0.207763   1.685802
7202.06    151.031      28.0578    0.224686   1.683219
7203.92    151.012      28.1267    0.243838   1.680641
7205.8     150.957      28.1944    0.262481   1.67787
7207.7     150.917      28.2594    0.270745   1.675308
7209.62    150.844      28.3184    0.26211    1.672734
7211.56    150.818      28.3837    0.235994   1.670259
7213.53    150.768      28.4403    0.199668   1.667936
7215.49    150.717      28.4933    0.167368   1.665733
7217.49    150.669      28.5589    0.144083   1.663119
7219.5     150.617      28.6313    0.131721   1.66024
7221.54    150.562      28.6923    0.129906   1.657746
7223.59    150.502      28.7502    0.138913   1.655329
7225.66    150.393      28.808     0.157019   1.652597
7227.75    147.779      28.4216    0.179164   1.64857
7229.86    150.565      29.095     0.212658   1.643825
7231.99    150.505      29.2317    0.246753   1.638744
7234.13    150.453      29.3677    0.278019   1.633753
7236.31    150.404      29.4774    0.300634   1.629699
7238.49    150.375      29.5531    0.311082   1.626942
7240.7     150.325      29.5948    0.309688   1.625204
7242.91    150.299      29.6032    0.298658   1.624748
7245.16    147.513      29.0379    0.278073   1.625317
7247.42    150.055      29.507     0.270017   1.626371
7249.7     150.075      29.4667    0.264466   1.627873
7252       149.982      29.41      0.266835   1.62918
7254.31    147.495      28.8943    0.270256   1.630151
7256.67    150.054      29.3978    0.28074    1.630072
7259.01    149.908      29.3715    0.278056   1.629995
7261.39    149.454      29.2789    0.269286   1.63012
7263.79    136.033      26.642     0.237996   1.630404
7266.2     149.783      29.3344    0.256574   1.630428
7268.63    150.297      29.4587    0.250388   1.629622
7271.09    150.229      29.5008    0.239008   1.627743
7273.56    148.738      29.2842    0.224739   1.625135
7276.05    150.277      29.6769    0.220793   1.622108
7278.56    150.223      29.7803    0.217362   1.618273
7281.08    150.169      29.9205    0.212346   1.613216
7283.64    148.856      29.8319    0.203612   1.607403
7286.2     149.815      30.2156    0.198859   1.601043
7288.78    149.916      30.4077    0.197692   1.595378
7291.4     149.885      30.5641    0.206198   1.59004
7294.01    149.852      30.7052    0.225496   1.585217
7296.66    149.743      30.8132    0.249904   1.580978
7299.32    149.667      30.9015    0.274721   1.57761
7302.01    148.32       30.699     0.293228   1.575142
7304.7     149.803      31.0608    0.31285    1.573372
7307.42    149.725      31.081     0.323911   1.572201
7310.17    149.676      31.0991    0.328367   1.57129
7312.91    149.598      31.0883    0.327875   1.571122
7315.69    149.538      31.0972    0.327842   1.570431
7318.48    149.484      31.1224    0.329634   1.56926
7321.31    149.456      31.179     0.33191    1.567258
7324.13    149.387      31.2399    0.333438   1.564848
7326.98    149.332      31.3217    0.335038   1.561861
7329.86    149.269      31.4075    0.337831   1.558703
7332.76    149.231      31.4955    0.344802   1.555648
7335.66    149.149      31.5813    0.354041   1.552379
7338.58    147.711      31.3908    0.356172   1.54874
7341.53    148.917      31.7674    0.356747   1.544948
7344.5     148.922      31.8888    0.345251   1.541169
7347.48    148.874      31.9863    0.327735   1.537793
7350.49    148.82       32.0711    0.310898   1.534784
7353.51    148.782      32.1366    0.296767   1.532491
7356.56    148.691      32.1783    0.284975   1.530578
7359.62    148.62       32.2316    0.274856   1.528443
7362.7     148.503      32.2928    0.267992   1.525762
7365.8     148.473      32.3887    0.265857   1.522591
7368.92    148.4        32.4779    0.270287   1.519354
7372.06    148.354      32.5621    0.282255   1.516454
7375.21    148.29       32.6233    0.303977   1.514143
7378.39    148.204      32.6733    0.336253   1.512029
7381.58    148.115      32.7219    0.372764   1.509942
7384.8     148.037      32.7651    0.401112   1.5081
7388.03    147.992      32.8184    0.413      1.506168
7391.28    147.945      32.8763    0.41175    1.504091
7394.56    147.864      32.9437    0.404836   1.501495
7397.85    147.774      33.0218    0.40087    1.498518
7401.16    147.682      33.1104    0.401429   1.495213
7404.48    147.597      33.2012    0.403961   1.4919
7407.83    147.521      33.306     0.404937   1.488236
7411.2     147.422      33.4109    0.405366   1.484415
7414.57    147.347      33.5313    0.406637   1.480311
7417.99    147.241      33.6437    0.409301   1.476245
7421.41    147.163      33.7527    0.416015   1.472478
7424.86    147.082      33.8613    0.425885   1.46872
7428.32    146.981      33.9644    0.433554   1.464987
7431.8     146.941      34.073     0.435743   1.461524
7435.3     147.342      34.2702    0.435809   1.458483
7438.81    147.279      34.367     0.430302   1.455231
7442.36    147.131      34.4402    0.419578   1.452097
7445.91    143.179      33.6185    0.397166   1.449019
7449.49    147.081      34.635     0.400751   1.446118
7453.09    145.656      34.4039    0.395158   1.443077
7456.7     146.872      34.7886    0.400302   1.44027
7460.33    146.321      34.7388    0.402333   1.437948
7463.98    146.674      34.8982    0.410368   1.43578
7467.66    142.647      34.0087    0.410621   1.433758
7471.35    146.612      35.0439    0.437564   1.431188
7475.06    146.471      35.0937    0.452135   1.428802
7478.79    146.357      35.1666    0.46373    1.425953
7482.53    146.235      35.2443    0.475219   1.422914
7486.31    146.116      35.3431    0.489388   1.419298
7490.09    145.999      35.4364    0.504278   1.415858
7493.89    145.898      35.5461    0.515847   1.412077
7497.72    145.799      35.6527    0.521067   1.408405
7501.56    145.682      35.7453    0.520301   1.405007
7505.42    145.553      35.8395    0.51851    1.401485
7509.31    145.419      35.9309    0.519234   1.398023
7513.21    145.296      36.0259    0.523235   1.394537
7517.13    145.155      36.1191    0.528515   1.390981
7521.06    145.04       36.2185    0.533596   1.387439
7525.03    144.878      36.3089    0.535868   1.383832
7529.01    144.787      36.4046    0.536683   1.380567
7533       144.64       36.4761    0.53761    1.377589
7537.01    144.495      36.5455    0.540572   1.374689
7541.04    144.362      36.6168    0.54549    1.371815
7545.1     144.22       36.6914    0.550833   1.3688
7549.16    144.094      36.7749    0.555299   1.365652
7553.26    143.95       36.8516    0.555772   1.362569
7557.37    143.828      36.9408    0.552935   1.359303
7561.49    143.66       37.0089    0.54973    1.35629
7565.65    143.526      37.0897    0.549835   1.353179
7569.79    143.355      37.1739    0.555059   1.34972
7573.97    143.248      37.2801    0.566255   1.346117
7578.19    143.073      37.3686    0.580831   1.34252
7582.42    142.904      37.4619    0.596395   1.338847
7586.66    142.732      37.5461    0.608225   1.335396
7590.93    142.538      37.6378    0.616892   1.3316
7595.21    142.334      37.7235    0.621945   1.327895
7599.5     142.069      37.7887    0.625074   1.324303
7603.83    141.476      37.7605    0.62783    1.320869
7608.17    141.293      37.8418    0.635675   1.317419
7612.52    141.042      37.9024    0.644882   1.314047
7616.91    141.037      38.0278    0.652632   1.310702
7621.29    141.123      38.1732    0.657036   1.307499
7625.71    141.129      38.3038    0.659734   1.304127
7630.15    141.028      38.4082    0.664268   1.300691
7634.6     140.868      38.4857    0.671693   1.297535
7639.07    140.698      38.5556    0.681963   1.294513
7643.56    140.553      38.6392    0.692455   1.29132
7648.07    140.382      38.7128    0.701846   1.288197
7652.6     140.203      38.7855    0.708077   1.285045
7657.15    140.021      38.8628    0.714001   1.281753
7661.71    139.823      38.9307    0.717064   1.278593
7666.29    139.665      39.0372    0.719585   1.274734
7670.91    139.475      39.1296    0.721244   1.271006
7675.53    139.281      39.202     0.722327   1.267763
7680.18    139.079      39.2892    0.724165   1.264095
7684.84    138.785      39.3591    0.727873   1.260199
7689.51    138.925      39.5407    0.737154   1.256603
7694.21    138.659      39.6026    0.745826   1.253123
7698.92    138.429      39.6791    0.755228   1.249535
7703.67    138.159      39.7494    0.763906   1.245812
7708.42    138.067      39.8639    0.773681   1.242271
7713.2     137.797      39.9262    0.783607   1.23875
7718       137.544      39.9937    0.793938   1.235223
7722.81    137.427      40.1014    0.804035   1.231683
7727.65    137.116      40.1523    0.811      1.228144
7732.51    136.99       40.2575    0.818149   1.224614
7737.37    136.716      40.3179    0.824601   1.221112
7742.26    136.78       40.4758    0.832995   1.21767
7747.18    136.524      40.5454    0.840267   1.214078
7752.11    136.283      40.6158    0.846664   1.210576
7757.05    136.071      40.6919    0.853813   1.207146
7762.02    135.87       40.7707    0.863296   1.203737
7766.99    135.648      40.84      0.872889   1.200401
7772.01    135.452      40.9338    0.883574   1.196657
7777.02    135.237      41.0147    0.893324   1.193096
7782.06    134.921      41.0642    0.901332   1.189551
7787.12    134.831      41.1825    0.910285   1.18601
7792.21    134.632      41.2726    0.91819    1.182346
7797.3     134.424      41.361     0.925951   1.178662
7802.42    134.225      41.4442    0.932449   1.175172
7807.56    134.017      41.5287    0.938583   1.171582
7812.72    133.812      41.6211    0.945434   1.167828
7817.9     133.593      41.7097    0.951947   1.164065
7823.09    133.386      41.7918    0.960749   1.160551
7828.32    133.175      41.8645    0.968328   1.157222
7833.55    132.957      41.9534    0.975809   1.153463
7838.8     132.438      41.9419    0.98213    1.149828
7844.08    132.518      42.1147    0.993049   1.146319
7849.36    132.263      42.191     1.00218    1.142583
7854.67    131.134      41.9824    1.00482    1.138969
7860       131.83       42.3574    1.0219     1.135371
7865.36    131.618      42.4333    1.03281    1.131969
7870.73    131.371      42.496     1.04329    1.128619
7876.1     131.152      42.5814    1.05454    1.124941
7881.53    130.91       42.6577    1.06507    1.121303
7886.93    130.714      42.7564    1.07658    1.117496
7892.39    130.485      42.8264    1.08638    1.114105
7897.85    130.155      42.8766    1.09559    1.110398
7903.33    129.953      42.9715    1.10714    1.106632
7908.82    129.725      43.049     1.11744    1.103076
7914.35    129.484      43.1266    1.12742    1.099418
7919.88    129.23       43.1875    1.13736    1.096042
7925.43    128.975      43.2705    1.14765    1.09215
7931.02    128.625      43.3068    1.15683    1.088591
7936.62    128.271      43.3455    1.16486    1.084944
7942.23    128.291      43.516     1.17628    1.081177
7947.86    127.975      43.5711    1.1842     1.07744
7953.52    127.63       43.6144    1.19301    1.073748
7959.15    127.338      43.6658    1.20249    1.070284
7964.84    127.037      43.7158    1.21147    1.066765
