# XDI/1.0 
# Spectrum.license:CC BY 4.0
# Publication.authors: Peter Blanchard, Miranda Vu, Joel Reid, Erika Bergen, Jeff Warner
# Publication.affiliation: Canadian Light Source
# Facility.name:CLS
# Sample.temperature:77 K
# Sample.prep:powder, 500 um
# Sample.formula:FeHO2
# Publication.DOI: https://doi.org/10.20383/103.01329
# Sample.name:Lepidocrocite
# Scan.number:scan3
# Sample.id:zv0tk0
# Scan.start_time:2021-03-11
# Element.symbol:Fe
# Facility.energy:2.90 GeV
# Facility.xray_source:Wiggler
# Beamline.name:BIOXAS-S
# Beamline.scan_mode:Transmission
# Beamline.energy_resolution:0.0001
# Beamline.flux:1E12 ph/s at 12keV
# Beamline.spot_size:0.5-3mm
# Beamline.energy_range:5.0 - 32.0
# Beamline.website:https://bioxas.lightsource.ca/
# Beamline.detector:Ionization chamber
# Mono.name:Si220
# Element.edge:K
# Column.1:Energy
# Column.2:I0
# Column.3:Itrans
# Column.4:Irefer
# Column.5:Mutrans
# Energy   I0         Itrans     Irefer     Mutrans
6911.9981  71711.3    134385.3   59518.6    0.2712641644535257
6922.0023  73704.3    139350.3   61921.6    0.2563932001485431
6931.9985  75869.3    144782.3   64574.6    0.24081400618994656
6942.0007  78144.3    150481.3   67346.6    0.22561509999040305
6952.003   80300.3    155991.3   70097.6    0.21094854226871154
6962.0008  82544.3    161780.3   72919.6    0.1960604888380235
6971.9989  84801.3    167660.3   75837.6    0.18142790999915012
6982.0018  86991.3    173391.3   78697.6    0.1678203294863866
6991.9995  89251.3    179354.3   81667.6    0.15412776075253884
7001.9978  91393.3    185219.3   84637.6    0.13993751550830832
7011.9984  93450.3    190969.3   87563.6    0.1259931049264928
7022.0003  95516.3    196889.3   90555.6    0.1114663886975174
7032.0004  97515.3    202611.3   93500.6    0.09815799105910301
7042       99508.3    208492.3   96512.6    0.08410222959585453
7051.9982  101437.3   214384.3   99528.6    0.06956464134464074
7061.9999  103401.3   220336.3   102586.6   0.055798717175647786
7071.9989  105404.3   226488.3   105714.6   0.0417909228856114
7082.0019  107292.3   232335.3   108646.6   0.028818788736375073
7082.4986  107400.3   232719.3   108846.6   0.027736504323264646
7083.0015  107458.3   232833.3   108901.6   0.02782061000789452
7083.4989  107505.3   233047.3   109020.6   0.027013240711432268
7084.0004  107647.3   233452.3   109213.6   0.026314990881952213
7084.4985  107666.3   233647.3   109306.6   0.025210697275917654
7084.9999  107658.3   233752.3   109363.6   0.02433256473957953
7085.4976  107078.3   232559.3   108798.6   0.023854223733800105
7086.0006  106672.3   231554.3   108332.6   0.02474647399119423
7086.4985  106273.3   230896.3   108018.6   0.023234181285606403
7087.001   106424.3   231200.3   108162.6   0.02340879123058484
7087.499   107510.3   233747.3   109367.6   0.02206130542315574
7088.0022  108044.3   235164.3   110033.6   0.020234721663307486
7088.4994  108332.3   235927.3   110389.6   0.01926659542572296
7088.9986  108575.3   236512.3   110670.6   0.018870929909749527
7089.5012  108782.3   236989.3   110915.6   0.018686311840155484
7089.9996  108930.3   237379.3   111091.6   0.018208839655462914
7090.4974  109004.3   237528.3   111145.6   0.018295398866357428
7091.0013  109107.3   237829.3   111297.6   0.017755464749847412
7091.4997  109148.3   238026.3   111385.6   0.016996951174105206
7091.9984  109246.3   238366.3   111527.6   0.016108193442543387
7092.5018  109422.3   238895.3   111772.6   0.015090070578065658
7093.0007  109464.3   239140.3   111867.6   0.014014597987392142
7093.4995  109503.3   239317.3   111935.6   0.01337115987423474
7093.9989  109648.3   239602.3   112060.6   0.013594392445865699
7094.498   109683.3   239834.3   112156.6   0.01250653738126717
7095.0009  109822.3   240252.3   112353.6   0.011710130930055861
7095.5004  109870.3   240436.3   112411.6   0.011159044519777457
7095.9995  109930.3   240604.3   112461.6   0.01090322526680757
7096.4997  110032.3   240894.3   112584.6   0.010438429120972995
7096.9984  110105.3   241144.3   112690.6   0.009811125692150998
7097.4983  110274.3   241644.3   112900.6   0.0089095433476794
7097.9987  110344.3   241949.3   112997.6   0.007858317356140175
7098.498   110433.3   242181.3   113103.6   0.00760309933428592
7098.9979  110514.3   242385.3   113165.6   0.007420657308962234
7099.4979  110593.3   242661.3   113246.6   0.006710486510361438
7099.9979  110711.3   243055.3   113367.6   0.005778114464343613
7100.5023  110760.3   243203.3   113400.6   0.005499321304357463
7100.9976  110887.3   243538.3   113507.6   0.005112686553709999
7101.4978  110928.3   243624.3   113462.6   0.005140545861664966
7101.9978  111036.3   243904.3   113509.6   0.00484617657817325
7102.4982  111141.3   244194.3   113553.6   0.0044384815572769175
7102.9986  111220.3   244613.3   113671.6   0.002754968454966454
7103.4992  111335.3   244923.3   113706.6   0.002364112291256451
7103.9998  111462.3   245273.3   113757.6   0.001881189735055247
7104.5     111544.3   245489.3   113720.6   0.0016382471544217504
7105.001   111603.3   245657.3   113625.6   0.0013777670416998391
7105.5014  111737.3   245916.3   113547.6   0.001622963246423921
7105.998   111793.3   246067.3   113366.6   0.0014338000264048167
7106.4991  111887.3   246441.3   113252.6   0.00029626907498108123
7107.0001  111940.3   246569.3   112937.6   0.0002196592646651859
7107.5012  112042.3   246826.3   112573.6   0
7107.9978  112109.3   246911.3   111952.6   0.0004251410750316307
7108.4986  112200.3   247072.3   111023.6   0.0006926978634273996
7108.9995  112316.3   247361.3   109533.6   0.00046514300300364513
7109.5007  112407.3   247518.3   106743.6   0.0007592834979934773
7109.9981  112473.3   247524.3   102351.6   0.001703052917902074
7110.4993  112567.3   247388.3   96391.6    0.0040258355774756395
7111.0007  112591.3   246716.3   89628.6    0.00894520952506064
7111.503   112720.3   246056.3   83350.6    0.015358121661809533
7112.0003  112772.3   245078.3   78487.6    0.02281088766309312
7112.5016  112859.3   244274.3   74841.6    0.02961513972789589
7112.9987  112928.3   243867.3   72035.6    0.033436827245202076
7113.5005  113030.3   244083.3   69887.6    0.03346615094324646
7113.9981  113117.3   244448.3   68275.6    0.03225047737770739
7114.5     113199.3   244886.3   67206.6    0.030463460228754093
7114.9981  113284.3   245329.3   66530.6    0.028691160876763794
7115.5002  113355.3   245466.3   65854.6    0.02880565368883288
7115.9982  113412.3   245322.3   64850.6    0.03063290464799214
7116.5005  113479.3   245030.3   63246.6    0.033620781835270584
7116.9979  113569.3   244751.3   61010.6    0.036861054683749624
7117.5006  113637.3   244410.3   58137.6    0.04020318036177217
7117.9979  113700.3   243878.3   55033.6    0.04478717611708424
7118.5012  113799.3   243008.3   51734.6    0.052240327513170245
7118.9997  113817.3   241629.3   48426.6    0.06204974817878215
7119.502   113923.3   239873.3   45197.6    0.07584350262237716
7120.0006  113971.3   237061.3   42019.6    0.0963265629248069
7120.4993  114000.3   233409.3   39045.6    0.12279059776963859
7120.9982  114112.3   229001.3   36376.6    0.1564129205448658
7121.5008  114127.3   223460.3   33900.6    0.19771217628555318
7121.9997  114255.3   217630.3   31722.6    0.24392801533226635
7122.4982  114306.3   211574.3   29783.6    0.29200684702826873
7123.0021  114389.3   205807.3   28079.6    0.3395725100734886
7123.5007  114428.3   200150.3   26546.6    0.3868879392960034
7123.9988  114489.3   194763.3   25183.6    0.43353916759845795
7124.4983  114555.3   189282.3   23887.6    0.48237931500043624
7125.002   114613.3   183263.3   22586.6    0.5374248814411363
7125.5017  114649.3   177055.3   21307.6    0.5957475768306982
7126.0004  114734.3   170641.3   20011.6    0.6588729650123029
7126.4997  114804.3   164308.3   18732.6    0.7233224820364818
7126.9994  114890.3   158313.3   17484.6    0.7869138419146715
7127.4981  114898.3   152762.3   16291.6    0.8468912309516848
7127.9978  115007.3   148383.3   15255.6    0.8972589049854715
7128.4976  115053.3   144939.3   14352.6    0.9373142527719618
7129.0017  115122.3   142527.3   13657.6    0.9664640102927861
7129.5015  115201.3   141038.3   13160.6    0.985227553171952
7130.0012  115299.3   140241.3   12906.6    0.9961577336545901
7130.5017  115397.3   140039.3   12856.6    1
7131.0013  115437.3   140118.3   13027.6    0.9996353981066844
7131.5016  115513.3   140634.3   13371.6    0.9945744224541913
7132.0022  115604.3   141555.3   13846.6    0.9849477303490809
7132.5012  115676.3   142753.3   14401.6    0.971858121368345
7132.9977  115780.3   144028.3   14962.6    0.9584527239738343
7133.5022  115837.3   145235.3   15495.6    0.9452821187155445
7134.0027  115912.3   146476.3   15978.6    0.9320980675441483
7134.498   115984.3   147615.3   16394.6    0.9201487772807381
7134.9989  116099.3   148729.3   16720.6    0.9092018426332309
7135.4992  116167.3   149652.3   16968.6    0.8998080618858503
7136.0003  116234.3   150531.3   17116.6    0.8909532178472016
7136.5013  116289.3   151314.3   17186.6    0.8830456355714137
7137.0024  116426.3   152433.3   17241.6    0.8726633775825986
7137.4977  116486.3   153464.3   17232.6    0.862222355922346
7137.999   116627.3   154771.3   17207.6    0.850028363367706
7138.5005  116689.3   155913.3   17155.6    0.8385903965386156
7139.0013  116768.3   157142.3   17108.6    0.8265573516925961
7139.5022  116857.3   158381.3   17097.6    0.8146637555573183
7139.9995  116909.3   159600.3   17104.6    0.8025512808269807
7140.501   116949.3   160589.3   17143.6    0.7927645076386304
7140.997   117061.3   161734.3   17250.6    0.7824545669238363
7141.4992  117159.3   162767.3   17379.6    0.7731803704937664
7142.0008  117221.3   163728.3   17527.6    0.7641949225701491
7142.5022  117353.3   164673.3   17679.6    0.756430399687447
7142.9999  117401.3   165391.3   17831.6    0.7498197072601793
7143.5013  117429.3   165959.3   17912.6    0.7444698715958205
7143.9989  117512.3   166537.3   17985.6    0.739824006976244
7144.5006  117637.3   167062.3   18002.6    0.7363283615934989
7144.9987  117672.3   167494.3   17971.6    0.7324961075666455
7145.5003  117755.3   167873.3   17864.6    0.729888032067689
7146.0023  117790.3   168238.3   17724.6    0.7267439396317333
7146.5001  117934.3   168928.3   17589.6    0.7219286863262092
7146.9979  118017.3   169576.3   17434.6    0.7166876141747415
7147.5002  118082.3   170396.3   17291.6    0.7095208282656982
7147.9983  118153.3   171410.3   17173.6    0.7005783424665285
7148.5003  118200.3   172546.3   17116.6    0.6901672223632931
7148.9987  118266.3   173834.3   17083.6    0.6786308957351674
7149.5018  118362.3   175265.3   17095.6    0.6662423337642566
7150       118446.3   176748.3   17142.6    0.6533010894982622
7150.4979  118506.3   178130.3   17192.6    0.6410881088727217
7151.0004  118556.3   179416.3   17244.6    0.6297313204469793
7151.4997  118663.3   180727.3   17309.6    0.6190341799519083
7152.0024  118719.3   181793.3   17361.6    0.6099623097172506
7152.5008  118814.3   182891.3   17438.6    0.6012048574972353
7152.999   118848.3   183737.3   17507.6    0.5939448239120815
7153.4981  118926.3   184710.3   17601.6    0.586187302356977
7154.0014  119035.3   185748.3   17736.6    0.5783254359520443
7154.5006  119074.3   186426.3   17849.6    0.57276437139327
7154.9984  119121.3   187108.3   17969.6    0.5673020912048213
7155.498   119164.3   187731.3   18087.6    0.5623325323940944
7156.0024  119261.3   188445.3   18205.6    0.5573307014463945
7156.5009  119293.3   188909.3   18299.6    0.5536562619422517
7156.9994  119352.3   189450.3   18388.6    0.5496894797996965
7157.4995  119420.3   189948.3   18467.6    0.5462419773911055
7157.9981  119513.3   190381.3   18518.6    0.5437288141297391
7158.498   119582.3   190791.3   18573.6    0.5410889157824968
7158.9976  119619.3   191071.3   18605.6    0.5391482829160608
7159.5024  119677.3   191425.3   18649.6    0.5368569519196085
7160.0017  119764.3   191613.3   18687.6    0.5364294019887569
7160.5012  119805.3   191778.3   18724.6    0.5355598939302767
7161.0006  119901.3   192018.3   18790.6    0.5348057284923413
7161.5014  119941.3   192118.3   18842.6    0.5344919491190185
7162.0006  119994.3   192238.3   18913.6    0.5341856514854842
7162.5003  120085.3   192244.3   18967.6    0.5354046894350832
7163.0012  120164.3   192254.3   19032.6    0.5364203994918971
7163.5012  120178.3   192017.3   19069.6    0.538684493955333
7164.0011  120263.3   191913.3   19119.6    0.5407788554173117
7164.5017  120333.3   191680.3   19146.6    0.5437921308474195
7165.0023  120398.3   191477.3   19175.6    0.5464748868586788
7165.4977  120429.3   191099.3   19183.6    0.5502207321863118
7165.9981  120399.3   190622.3   19170.6    0.5539943234868125
7166.4994  120447.3   190267.3   19168.6    0.5577890238789666
7166.9991  120341.3   189651.3   19142.6    0.5617509492959638
7167.4994  120540.3   189404.3   19157.6    0.5667076335990623
7168.0013  120637.3   189019.3   19154.6    0.5714691711325116
7168.5016  120708.3   188494.3   19147.6    0.5771205501117657
7168.9985  120769.3   188041.3   19152.6    0.5820032197186111
7169.4995  120886.3   187731.3   19185.6    0.5863943030074966
7170.001   120974.3   187177.3   19197.6    0.5925712100419527
7170.502   121091.3   186818.3   19251.6    0.5974121507200406
7170.9979  121202.3   186437.3   19306.6    0.6023725876512319
7171.4993  121275.3   185952.3   19376.6    0.6077509197486406
7172.001   121336.3   185444.3   19442.6    0.6131821902110013
7172.4978  121375.3   184956.3   19520.6    0.6181403035004002
7172.9996  121511.3   184666.3   19636.6    0.6226500888685792
7173.5012  121559.3   184151.3   19739.6    0.6279961188963757
7174.0025  121633.3   183758.3   19853.6    0.6325997107345491
7174.4995  121713.3   183472.3   19987.6    0.6363146672865406
7175.0017  121787.3   183284.3   20126.6    0.6390533844755425
7175.4986  121878.3   183088.3   20271.6    0.6421004703982061
7176.0007  121937.3   183023.3   20421.6    0.6435076527411987
7176.4984  122012.3   182983.3   20578.6    0.6449054451645063
7177.0015  122085.3   182990.3   20720.6    0.6458444004000148
7177.4976  122175.3   183050.3   20853.6    0.6465304788465837
7178.0004  122222.3   183040.3   20959.6    0.6472671471812557
7178.4985  122279.3   183171.3   21061.6    0.6468492486589801
7179.0004  122317.3   183216.3   21121.6    0.6469583847820873
7179.4979  122410.3   183362.3   21178.6    0.6468971264771534
7180.0009  122513.3   183694.3   21240.6    0.6452738462969982
7180.4995  122544.3   183799.3   21243.6    0.6447397949332434
7181.0017  122591.3   183948.3   21250.6    0.6440238778192205
7181.5003  122681.3   184238.3   21255.6    0.6426127444953157
7181.9982  122763.3   184505.3   21253.6    0.6413046279306668
7182.5014  122828.3   184766.3   21239.6    0.639821632933381
7182.9994  122927.3   185214.3   21223.6    0.6371113146760383
7183.4978  122980.3   185491.3   21202.6    0.6353278975651451
7184.0016  123011.3   185748.3   21143.6    0.6334285619923717
7184.5004  123119.3   186206.3   21088.6    0.6307702117938568
7184.9984  123183.3   186626.3   21015.6    0.6278632270127841
7185.502   123229.3   186891.3   20914.6    0.6261096727187261
7186.0006  123296.3   187304.3   20823.6    0.6233192271277656
7186.4994  123399.3   187718.3   20723.6    0.6210168485455848
7186.9984  123448.3   188093.3   20620.6    0.6183357049557122
7187.5013  123523.3   188508.3   20518.6    0.6156581021630827
7188.0009  123592.3   188913.3   20408.6    0.612995367444226
7188.5004  123724.3   189367.3   20316.6    0.6107599935722928
7188.9995  123711.3   189545.3   20175.6    0.609008077217817
7189.4992  123786.3   189988.3   20070.6    0.6061094077335458
7189.9985  123856.3   190514.3   19958.6    0.6024207279538639
7190.5025  123919.3   190892.3   19847.6    0.5999493274940796
7190.9976  123962.3   191273.3   19737.6    0.5971872041872405
7191.5022  124013.3   191619.3   19636.6    0.5948460268234307
7192.0015  124054.3   192055.3   19559.6    0.5915887483205188
7192.0017  124039.3   192067.3   19550.6    0.5912811639796697
7193.7557  130219.34  202637.62  20402.021  0.582976785195302
7195.5313  132444.71  207244.22  21002.785  0.5736963198844268
7197.3221  145162.43  227827.11  23581.891  0.5686631651622767
7199.1356  152100.48  239663.28  25515.34   0.5620220819523642
7200.969   159085.87  251807.75  27731.131  0.5544278282012376
7202.8182  161042.6   255995.5   29195.265  0.5472680067694148
7204.6891  173266.67  277032.54  32648.741  0.5375203819861305
7206.5807  181722.08  291620.86  34944.56   0.5313605035737623
7208.484   189290.82  305041.47  36230.721  0.5243382627491576
7210.4137  197046.91  318965.37  36336.224  0.5168289582586622
7212.3592  204764.33  332736.56  35339.071  0.5103710359068152
7214.3263  212715.09  347285.03  34000.259  0.5024872547268692
7216.3092  220646.19  361537.79  32953.79   0.49642634769594135
7218.3135  228782.62  376311.84  32718.664  0.4899866707667466
7220.3352  237034.4   391277.17  33532.88   0.48400773252615975
7222.3769  245405.51  406366.79  35551.439  0.47875289026305873
7224.4358  253801.96  421482.7   38767.34   0.4739223893087424
7226.5162  262430.75  437349.9   42893.584  0.46801585211857966
7228.6134  271201.88  453911.38  47613.17   0.46081744171494227
7230.7322  280019.35  471070.15  52692.098  0.4522477448095317
7232.8675  288815.15  488297.21  57677.37   0.4438805431014037
7235.0239  297823.3   505879.55  62061.983  0.4360638223984812
7237.1974  306968.78  523401.18  65444.939  0.42968419543664577
7239.3928  316348.6   540758.1   67711.238  0.4254493793412685
7241.6047  325728.75  558156.3   68966.879  0.42134588170245624
7243.8385  335202.25  575512.8   69598.863  0.41806993303723006
7246.0889  344842.09  592523.58  70162.189  0.4167673619840747
7248.3619  354667.26  609848.64  71332.857  0.4155486555620959
7250.6509  364536.77  627080     73450.868  0.4148510496321639
7252.9569  374518.62  644910.64  76448.222  0.41313446191240144
7255.2849  384600.81  663026.56  79493.918  0.41122446398829926
7257.6306  394771.34  681362.78  81688.957  0.40924706001441663
7259.9976  405095.2   699979.28  83001.338  0.40733438470324684
7262.3818  415645.4   718753.07  84090.061  0.4060652584946429
7264.7839  426337.95  737657.14  85418.127  0.4051236915308032
7267.2067  437146.83  757301.51  86717.536  0.40303479094605593
7269.6488  448005.04  777346.16  87331.287  0.4003699725639613
7272.1069  459005.6   798605.09  87574.381  0.39580342070140495
7274.5868  470241.5   821129.32  88501.817  0.3897154322885725
7277.0848  481567.73  844019.83  90155.595  0.38351873070811565
7279.6049  492921.3   867627.63  91649.716  0.3763340292474029
7282.1422  504463.21  893224.71  92827.18   0.3663885185101133
7284.6981  516064.46  919477.09  93986.986  0.3559398685275244
7287.2698  527729.05  946445.75  95789.134  0.3449427413029068
7289.8654  539528.97  973176.69  99429.625  0.33531866094681834
7292.478   551657.23  1000677.9  105672.46  0.3258650340708388
7295.1133  563887.84  1028364.4  113462.63  0.3168699994664846
7297.7617  576069.78  1054945.3  121389.15  0.30991688795768374
7300.4322  588440.05  1082083.4  128948.01  0.3029517332744977
7303.1201  600688.67  1108075.7  135649.22  0.29769414498062957
7305.8323  613278.63  1134081.4  141350.76  0.2935760359465622
7308.5555  626180.92  1160176.4  145834.65  0.2903407239378711
7311.3031  638931.55  1185573.6  149168.88  0.28783067675587826
7314.068   651854.52  1210995.1  152256.46  0.28583219001307025
7316.8566  664900.83  1237420.9  155839.37  0.2828630760621729
7319.6564  678273.48  1264758.1  159639.63  0.2796113127691172
7322.4814  691584.46  1292950.4  163462.23  0.2752321521858918
7325.3229  705092.78  1321670.1  167265.18  0.27082923233732764
7328.1834  718865.45  1351114.1  171268.46  0.266320275138569
7331.0618  732561.45  1380736.3  176152.09  0.261600280561764
7333.9636  746197.78  1410193.9  181789.06  0.25712770209146946
7336.8779  760214.46  1441132.7  187174.37  0.2519416009820194
7339.8164  774351.48  1473969.8  191236.03  0.2450577596465491
7342.773   788759.83  1506880.2  192988.03  0.23894284315176562
7345.7481  802998.52  1539701.9  192766.37  0.23281066435453948
7348.7412  817666.55  1573660.9  192206.05  0.22658170167636826
7351.7538  832471.92  1607934.1  191989.08  0.22054308992577226
7354.789   847508.63  1641653.7  192220.45  0.21575937179668195
7357.8387  862750.67  1675676.5  192823.16  0.21125104937766134
7360.9111  878196.06  1711258.7  194153.21  0.20577013498162713
7363.9979  893460.78  1747115.1  196825.61  0.1998932893907132
7367.1082  908939.84  1784282.8  201511.35  0.19339592682390924
7370.2321  924338.24  1820846.8  208710.43  0.18754959551141354
7373.3811  932244.97  1843664    217401.85  0.18094907060341925
7376.5473  954358.05  1891667.6  232280.62  0.17715784444013855
7379.733   973754.46  1935014.4  249013.72  0.17290514961068146
7382.9326  989891.21  1971551.6  263498.18  0.16909777678225674
7386.156   1006366.3  2008975    273330.97  0.16524472728381115
7389.399   1022908.7  2047653.7  278947.1   0.16060612086699314
7392.6607  1039433.5  2085689.7  282131.58  0.1566156663012432
7395.9425  1056214.6  2126087    285573.4   0.15130247265003566
7399.2373  1073039    2167300.5  290613.57  0.14560743679233748
7402.5568  1089928.8  2209734.4  296741.07  0.13928076613205512
7405.8962  1106936.9  2252296.5  302593.92  0.13325366504041666
7409.2487  1123954.4  2296645    308326.11  0.12613860516178807
7412.6272  1141081.2  2339887.7  313904.65  0.12021755598783206
7416.0192  1158138.3  2385300.7  320287.52  0.11286397635608393
7419.4351  1175126.8  2429618    327501.74  0.10641284346609033
7422.8677  1185994.6  2460090.6  334452.3   0.10094809594769798
7426.3177  1206346.8  2516306.4  345031.2   0.0915914336204025
7429.7884  1226775.3  2566710.6  352799.45  0.08649195871631664
7433.2787  1244388.1  2612504    358572.04  0.08074102481706105
7436.7886  1261961.3  2658271.7  363042.97  0.07513304078056743
7440.3133  1279190.8  2703428.7  365381.24  0.06962528461203334
7443.8583  1297089.6  2749386    366662.86  0.06465860586140408
7447.4288  1314778.8  2795118.6  368479.82  0.05970868359560309
7451.0122  1332536.3  2841470.5  372626.12  0.054624577002617865
7454.6168  1350689.2  2887501.7  378592.76  0.05036623968072831
7458.2364  1368985.4  2933298.1  385445.75  0.046541008875355866
7461.8815  1386886.9  2977681.9  393343.07  0.04314323647809562
7465.5416  1404995.8  3023678.9  403431.75  0.039191245832554636
7469.2212  1423477    3069830.2  415351.76  0.03570316465680526
7472.9224  1442395.5  3118583.8  428222.11  0.031419952050446266
7476.6376  1461570.4  3167213.7  440133.81  0.02761787043574367
7480.374   1480843.6  3217496.8  451384.85  0.023171916413676535
7484.1301  1500455.2  3270206.3  463844.24  0.017984967756961498
7487.9075  1520424.1  3323972    477391.96  0.012808418683992443
7493.0961  1547893    3400782    495018     0.004524183700633126
