# XDI/1.0 
# Spectrum.license:CC BY 4.0
# Publication.authors: Peter Blanchard, Miranda Vu, Joel Reid, Erika Bergen, Jeff Warner
# Publication.affiliation: Canadian Light Source
# Facility.name:CLS
# Sample.temperature:r.t
# Sample.prep:powder, 500 um
# Sample.formula:FeHO2
# Publication.DOI: https://doi.org/10.20383/103.01329
# Sample.name:Lepidocrocite
# Scan.number:2
# Sample.id:qwdiiw
# Scan.start_time:2022-06-2
# Element.symbol:Fe
# Facility.energy:2.90 GeV
# Facility.xray_source:Bending magnet
# Beamline.name:IDEAS
# Beamline.scan_mode:Transmission
# Beamline.website:https://ideas.lightsource.ca/
# Beamline.detector:Ionization chamber
# Beamline.energy_range:1.8 - 13.0
# Beamline.flux:5E10-7E11 ph/s
# Mono.name:InSb(111), Ge(220)
# Element.edge:K
# Column.1:Energy
# Column.2:I0
# Column.3:Itrans
# Column.4:Irefer
# Column.5:Mutrans
# Energy I0       Itrans   Irefer   Mutrans
6912     1105580  860533   1092750  0.7553574665268623
6922     1110050  873721   1114180  0.7424539958180594
6932     1118120  892300   1142610  0.7265210259763049
6942     1120180  903922   1162280  0.7137032054005569
6952     1124960  918972   1186600  0.69955221922325
6962     1131140  936252   1213880  0.6843665280732643
6972     1131450  946286   1231890  0.6723730160760415
6982     1130640  954267   1247000  0.6618476032000012
6992     1133070  966598   1268210  0.6495006087195371
7002     1136440  980024   1290090  0.6370008398294554
7012     1143650  999219   1320300  0.621905153995463
7022     1147180  1014990  1346720  0.6073803458598804
7032     1143950  1019260  1357460  0.5992766075998257
7042     1146330  1032930  1380870  0.5862922596200664
7052     1145420  1041260  1396580  0.576100066734824
7062     1148200  1055260  1420090  0.5634767589376108
7072     1149740  1067380  1440300  0.5518373207151892
7082     1150680  1078470  1458300  0.5408450722440593
7082.5   1151170  1080360  1460770  0.5393147799110379
7083     1152030  1081350  1462250  0.5391194471480214
7083.5   1152010  1082060  1462990  0.5383414486879886
7084     1152930  1084460  1466590  0.5367048657417948
7084.5   1153210  1086810  1470090  0.534485645929982
7085     1153430  1086400  1469690  0.5351416367227959
7085.5   1153280  1087090  1470590  0.534258270022845
7086     1153460  1086940  1469650  0.5345978351146101
7086.5   1153730  1088920  1472760  0.5327664793920278
7087     1153560  1090700  1475200  0.5307102319185412
7087.5   1153220  1090870  1475640  0.5301898577139433
7088     1152570  1090340  1474820  0.5300999835909752
7088.5   1149640  1087340  1470920  0.5303423050290071
7089     1148040  1086130  1469230  0.5300198010677296
7089.5   1146880  1085050  1467750  0.530001235117809
7090     1146340  1083740  1465750  0.5308524008607247
7090.5   1148940  1086720  1469300  0.5302976040027055
7091     1152360  1090560  1473760  0.5296565909454363
7091.5   1155980  1095360  1479840  0.5282070271417959
7092     1157170  1097690  1482730  0.5269414161776296
7092.5   1158780  1100570  1486270  0.5255211805706559
7093     1158920  1100100  1485420  0.5261539334351201
7093.5   1158770  1099760  1484620  0.5263614106412192
7094     1159270  1101880  1487200  0.5246356932878902
7094.5   1159390  1102640  1487830  0.5239590221583275
7095     1158960  1102350  1486790  0.5238344077402508
7095.5   1159400  1103200  1487880  0.5233826610134663
7096     1159590  1104510  1489290  0.5222014739484394
7096.5   1159340  1104430  1488850  0.5220361311469631
7097     1159240  1103970  1488280  0.5224175845978277
7097.5   1159720  1105330  1489830  0.5214739374628212
7098     1159390  1106080  1490570  0.5203620285053778
7098.5   1160010  1107440  1491670  0.51956040467967
7099     1160290  1109150  1493280  0.5180574127683338
7099.5   1160370  1110500  1494060  0.5167323698408619
7100     1160560  1110350  1493170  0.5170774245516724
7100.5   1159890  1109680  1490700  0.5171075883161409
7101     1159290  1109850  1490020  0.5163331952079522
7101.5   1159390  1111220  1490490  0.515008242829288
7102     1159320  1111110  1489250  0.5150528359446981
7102.5   1159060  1111790  1488740  0.5140873323217341
7103     1158340  1111120  1486060  0.5140658854254462
7103.5   1158090  1111150  1483770  0.5137854534545467
7104     1157290  1110520  1480340  0.5136423898888131
7104.5   1157150  1110990  1478130  0.5130140676775125
7105     1155900  1109410  1473040  0.5134093916398583
7105.5   1154190  1107480  1466880  0.513710456295305
7106     1150940  1103510  1456330  0.5146011868346599
7106.5   1150840  1103520  1449810  0.5144903862408182
7107     1152640  1106550  1445140  0.5131287593413532
7107.5   1152600  1107250  1435820  0.5123584188712854
7108     1152810  1107950  1421920  0.5118389884665591
7108.5   1154510  1110360  1406260  0.5110315173653964
7109     1157760  1114020  1385820  0.5104775615085584
7109.5   1159850  1116200  1359370  0.5103027516133116
7110     1161190  1117820  1322370  0.509961351963996
7110.5   1161980  1118410  1272120  0.510137373580043
7111     1162300  1118500  1203970  0.510362419976412
7111.5   1162250  1117410  1105510  0.5114386275663922
7112     1162540  1116350  1009260  0.512822673103279
7112.5   1162450  1114200  916945   0.5149593899407505
7113     1162530  1111700  848450   0.5176327749921673
7113.5   1162710  1109010  783902   0.5206091358910553
7114     1162590  1107050  740379   0.5225326108850812
7114.5   1162970  1106950  704416   0.5230143040852344
7115     1163030  1106940  678422   0.5230843109023973
7115.5   1163060  1107470  656227   0.5225613336485687
7116     1163350  1108340  639241   0.521942434802672
7116.5   1163810  1108810  624596   0.5219093670417888
7117     1163720  1107900  606713   0.522768163333221
7117.5   1163680  1106550  586333   0.5241364279494816
7118     1163950  1104810  559057   0.5262215635257312
7118.5   1164410  1102840  527139   0.5287387447528101
7119     1164280  1098870  490068   0.5327742146560946
7119.5   1164740  1095290  458133   0.5369985866164813
7120     1165080  1089760  425626   0.5431806469644275
7120.5   1165460  1083210  396619   0.5505188412529605
7121     1165940  1073540  367814   0.5613493605155575
7121.5   1166660  1062590  343897   0.5739011479727093
7122     1167240  1047640  321013   0.590837232918177
7122.5   1167280  1030640  302537   0.609768724253557
7123     1167080  1010770  285825   0.6320511931151512
7123.5   1167320  989017   270907   0.6574117850465063
7124     1167180  968682   259767   0.6812635688128585
7124.5   1167250  946897   248688   0.7075990530291035
7125     1167720  930512   241854   0.7282206619362913
7125.5   1167290  911519   235397   0.7516094229169888
7126     1168400  892687   229116   0.7768142337156432
7126.5   1167830  872006   222287   0.8033179796897723
7127     1168580  849976   215496   0.8336075541498603
7127.5   1168290  829006   208983   0.8621676734220751
7128     1169030  809403   203172   0.8905327906646401
7128.5   1169620  791639   197733   0.9167412397357532
7129     1170280  775834   192735   0.9406805899148523
7129.5   1170560  761490   187790   0.9625064335751946
7130     1171300  752729   184629   0.976598826796712
7130.5   1171680  746162   182044   0.987092019833489
7131     1171830  741807   180535   0.9939993828687652
7131.5   1172040  738878   179898   0.9987748596014713
7132     1172460  738359   180559   1
7132.5   1173340  739486   182164   0.9991051572880686
7133     1173340  741175   184122   0.9964706722160448
7133.5   1173640  744390   186852   0.9917677078892034
7134     1173520  748096   189837   0.98591484146527
7134.5   1174080  752815   193098   0.9792043968966163
7135     1173870  756521   195505   0.9733270659114067
7135.5   1173690  760030   197533   0.9678062015512804
7136     1174300  764254   199635   0.9620061966473179
7136.5   1174250  767649   200936   0.9568386683641108
7137     1174200  770745   201679   0.9521416108555407
7137.5   1174300  774001   202042   0.9473719630018047
7138     1174380  777155   201979   0.9427546262612035
7138.5   1174140  780247   201391   0.937933384552417
7139     1173660  783460   200372   0.9327157599185281
7139.5   1174280  787671   199508   0.9271355463641058
7140     1174270  791676   197744   0.9212690873397795
7140.5   1173830  794323   195569   0.9169817731265318
7141     1174170  797875   194593   0.9121639364851368
7141.5   1174360  801998   194816   0.9063989530289794
7142     1174610  806004   195772   0.9008910597541501
7142.5   1174230  808972   195728   0.8962729864988359
7143     1174320  811886   195395   0.8922094024039497
7143.5   1173890  814341   196889   0.8882999671047083
7144     1174160  817126   197612   0.8846230621805542
7144.5   1174100  818986   197485   0.8819384938860186
7145     1173550  820467   196701   0.8793111223308523
7145.5   1173320  821652   195847   0.8774181676238
7146     1173750  823787   196182   0.8748446252102178
7146.5   1173280  825921   196836   0.8713946286101986
7147     1172980  827170   196608   0.8693543590911735
7147.5   1172840  828530   195636   0.8673194750275001
7148     1172410  830114   193798   0.8646904419394817
7148.5   1172760  832927   193048   0.8611286131627942
7149     1172430  835434   192003   0.8573331795036879
7149.5   1172370  838604   191213   0.8529007144148866
7150     1172520  843208   191697   0.8467260732380699
7150.5   1172780  847724   191836   0.8408140213537177
7151     1172740  851877   191719   0.8351312804598342
7151.5   1173040  856619   191740   0.8290164628472763
7152     1173600  861235   191870   0.8233617420177851
7153.24  1179640  875247   192727   0.8106531895533141
7154.51  1186520  888266   194190   0.8003183580580211
7155.79  1193070  900443   196204   0.7909527355838853
7157.09  1200670  912041   198958   0.7835066575541939
7158.41  1207460  922006   201058   0.7774701054271033
7159.75  1214850  930896   203134   0.7734351454681532
7161.11  1221260  937762   204446   0.7710261762829028
7162.49  1229100  945374   206654   0.7690800030885707
7163.88  1236360  950380   208846   0.7697822080740467
7165.3   1243340  953297   210824   0.772744316584249
7166.73  1250740  955615   212738   0.7767922792701534
7168.19  1258330  956759   214565   0.7823970777858322
7169.66  1266110  957249   216399   0.7889234877078428
7171.15  1274440  957019   218792   0.7967734959306748
7172.66  1284630  958694   222191   0.8039505295850069
7174.19  1293280  958645   226162   0.8117590137842925
7175.74  1301960  959911   230795   0.8179594390547275
7177.31  1310540  963340   235878   0.8214267241833857
7178.9   1319180  968280   240567   0.823108257964579
7180.5   1327740  974611   244249   0.8230514460253787
7182.13  1335640  980781   246046   0.8226144306926456
7183.77  1344610  989394   247307   0.8202471610214097
7185.44  1353660  999357   247473   0.8164232780071993
7187.12  1362560  1009720  246399   0.8120778910194669
7188.82  1371960  1020590  245083   0.8076520030735984
7190.54  1381670  1032550  243505   0.8023423711909456
7192.28  1392590  1046690  242483   0.795726842969751
7194.04  1403980  1061040  242869   0.7894091336152588
7195.82  1415040  1075410  245246   0.7829359141304185
7197.61  1425150  1087620  249548   0.7781199129218311
7199.43  1435010  1099250  255612   0.7737993110987512
7201.27  1445220  1110680  262809   0.770041065448995
7203.12  1455550  1122860  271489   0.7656711268516443
7204.99  1466480  1136260  280730   0.7606109359639265
7206.88  1478180  1151280  289286   0.7546228501200213
7208.8   1489190  1165150  293618   0.7493632432778062
7210.73  1500340  1178830  291817   0.744498026739603
7212.67  1511220  1192030  284109   0.7399831568003589
7214.64  1521670  1203770  273591   0.7366234783604735
7216.63  1532200  1215730  263808   0.7331704870012028
7218.64  1542070  1226630  256523   0.7302780526145793
7220.66  1552740  1238590  254523   0.7270359249452731
7222.71  1563870  1251300  256710   0.7234943135509053
7224.77  1574590  1263100  263673   0.7205443609414182
7226.85  1585500  1274820  273939   0.717852522642846
7228.95  1596310  1287150  287210   0.7145838846291255
7231.07  1606470  1298670  301185   0.7116211384931771
7233.21  1616640  1310640  315826   0.7083136674848961
7235.37  1628210  1323890  329898   0.7049331386271173
7237.55  1639110  1336350  339611   0.7018205021090733
7239.75  1650720  1349590  345953   0.6985863891022392
7241.96  1662690  1362600  347918   0.6958512483987085
7244.2   1674270  1373780  346340   0.6944297988917151
7246.45  1686850  1385500  343806   0.6932642010485045
7248.73  1698810  1396820  342187   0.6920262785918929
7251.02  1711680  1409290  343727   0.6904783597192474
7253.33  1724040  1419790  348064   0.6902151756902358
7255.66  1736800  1431920  354093   0.68890653068153
7258.01  1749150  1443330  358730   0.6879236839785856
7260.38  1760760  1453780  359975   0.6872325157536244
7262.77  1773280  1465300  359766   0.6863000085161287
7265.17  1786040  1477420  359716   0.6850674366045069
7267.6   1798030  1487060  359134   0.6852834337356679
7270.04  1809960  1497770  358011   0.6846330796202943
7272.51  1822720  1510270  355260   0.6831481025482969
7274.99  1835450  1524660  353039   0.6802344139827536
7277.49  1848420  1540760  352949   0.6762356784388444
7280.01  1860810  1555570  353742   0.6729035274022052
7282.55  1874020  1573340  353994   0.6679556936199994
7285.11  1886990  1590670  353515   0.6632703122664818
7287.69  1900870  1611560  354025   0.6566666656462467
7290.29  1914340  1631940  357039   0.6503090244998897
7292.9   1927630  1652510  365316   0.6438337109739288
7295.54  1941380  1672380  377944   0.6382393329768075
7298.19  1956930  1695160  394255   0.631828672014769
7300.86  1971430  1716750  410547   0.6257389463107648
7303.56  1985780  1736330  425315   0.6210181676179539
7306.27  2000460  1753090  437074   0.6184304846103494
7309     2014150  1768950  445251   0.6159060775772249
7311.75  2028160  1783790  450790   0.6142634828807959
7314.52  2041980  1798660  454137   0.612519008825924
7317.3   2055340  1811490  457137   0.61184184766683
7320.11  2069570  1825700  461293   0.6107861754865325
7322.94  2083180  1840580  465017   0.6089818082585169
7325.78  2097670  1857870  469669   0.606189255282058
7328.64  2111850  1876050  474025   0.6027241721380995
7331.53  2127190  1894870  479509   0.5995552665631712
7334.43  2145780  1917990  487728   0.5955987540688794
7337.35  2160460  1937980  496166   0.5914989057676266
7340.29  2175200  1956100  501044   0.5886038668712731
7343.25  2190270  1978210  504649   0.5835974176627375
7346.23  2205360  1997580  502327   0.5802738863976864
7349.23  2220310  2018330  496697   0.5761422446576578
7352.24  2234930  2036900  491633   0.5731450368680622
7355.28  2250510  2057180  487527   0.5697268111449703
7358.33  2265030  2074580  484069   0.5674271492133374
7361.4   2278980  2092310  481813   0.5646903407106467
7364.5   2291530  2107570  480618   0.5626404532376598
7367.61  2301750  2123360  482062   0.5591598600344027
7370.74  2302780  2130960  486711   0.5555507086397439
7373.89  2281410  2106180  490840   0.5582912837129559
7377.06  2242250  2053520  480833   0.5675370267233332
7380.25  2369790  2218430  541542   0.5422214338114382
7383.45  2381020  2236600  566567   0.5382611936527496
7386.68  2368850  2225990  582284   0.5378347792437188
7389.92  2291960  2130300  573409   0.5504697962928345
7393.19  2288760  2131120  565081   0.548412004753666
7396.47  2414520  2279170  598508   0.5326225679942087
7399.77  2473350  2357050  608820   0.52162175377514
7403.09  2479590  2370830  612762   0.5178000185577885
7406.43  2459150  2345690  613107   0.5205518577716303
7409.79  2434530  2326520  612379   0.518408590019088
7413.17  2556460  2476590  634368   0.5026585300528291
7416.57  2577570  2508530  641102   0.4973573702831247
7419.98  2595640  2536780  648756   0.4924928115082892
7423.42  2612530  2565100  658890   0.48716253653229935
7426.87  2630160  2595040  671701   0.48152859634335643
7430.35  2646620  2622400  682360   0.476621648026201
7433.84  2663840  2651620  690196   0.47131494108341004
7437.35  2681110  2680900  696023   0.4660959038725578
7440.88  2697240  2709290  698231   0.46085802004843424
7444.43  2715330  2737770  697154   0.45650151951958434
7448     2734310  2765740  695598   0.4528075778567439
7451.59  2752330  2791970  695570   0.44949283750229424
7455.2   2770670  2820990  699675   0.4452212610966739
7458.82  2788960  2849650  706316   0.44114646784221534
7462.47  2806630  2877380  714534   0.4372569268832431
7466.13  2825130  2905970  725708   0.43342638419754853
7469.82  2842690  2933020  739294   0.42988247165913107
7473.52  2859910  2961280  755590   0.4257835032078057
7477.24  2875670  2988090  770741   0.42172193084506865
7480.98  2893380  3018770  786491   0.41701582623439365
7484.74  2910820  3048530  801014   0.41262706568468455
7488.52  2929630  3080660  817711   0.407958320162279
7492.31  2950400  3113680  833934   0.4038048494430211
7496.13  2972550  3147590  849371   0.39993368180670275
7499.97  2997260  3187630  861860   0.3948963372072044
7503.82  3014360  3218420  867149   0.3903652176614137
7507.7   3031860  3250400  873412   0.3856321438007352
7511.59  3049020  3280830  880012   0.38138905097768244
7515.5   3066880  3313660  889766   0.37663565801282
7519.43  3084760  3345860  900268   0.3721813560942199
7523.38  3104750  3380990  910811   0.3675791001572056
7527.35  3125370  3415780  919962   0.36340138155054696
7531.34  3145190  3449450  927497   0.3593743869950408
7535.35  3162470  3481870  934618   0.35489895304225666
7539.37  3180370  3512720  943500   0.3512302982785256
7543.42  3198030  3544690  953167   0.34716255411301117
7547.48  3216160  3577660  962096   0.3429994841135536
7551.56  3235560  3611930  974589   0.3389354445157051
7555.67  3255540  3646430  984537   0.3350667572741576
7559.79  3262140  3659860  985664   0.33316021776761384
7563.93  3300040  3721350  995623   0.327258885732821
7568.09  3301770  3729720  997975   0.32526974385694796
7572.27  3332260  3783640  1011450  0.3193097052461407
7576.46  3346500  3813910  1026100  0.3150323267302116
7580.68  3360950  3843810  1043330  0.3109900864261333
7584.92  3377970  3877550  1062520  0.3067311215399696
7589.17  3400900  3918440  1081960  0.30242971236595523
7593.45  3422980  3959220  1098260  0.2979469284260088
7597.74  3440960  3993700  1110100  0.2939836808468981
7602.05  3457030  4026450  1119690  0.2899332022777467
7606.38  3476520  4065320  1131830  0.2853310101898054
7610.73  3493810  4101030  1145450  0.28096063445603925
7615.1   3508400  4132330  1159330  0.2769928934151362
7619.49  3525260  4165280  1172850  0.2733577238932943
7623.9   3541980  4198910  1182710  0.26953573882782594
7628.32  3559510  4234790  1192260  0.26541120326572937
7632.77  3577320  4267750  1202410  0.2622217639726674
7637.23  3596960  4302330  1215180  0.2592253332951102
7641.72  3618440  4343860  1233490  0.2550073803365312
7646.22  3645160  4392130  1253920  0.25074206504256585
7650.74  3663230  4428810  1270320  0.24684866604327374
7655.28  3681740  4463180  1283900  0.24374190468400467
7659.84  3704990  4508430  1299200  0.23936263169787575
7664.42  3733610  4560190  1315080  0.2350666060363434
7669.02  3757630  4607080  1327760  0.23065875520288867
7673.63  3771710  4636660  1334570  0.22758710789527872
7678.27  3782450  4665360  1340950  0.2237449297223964
7682.92  3801200  4704030  1350430  0.21992299002204563
7687.6   3828700  4761050  1366690  0.2143338034427364
7692.29  3857650  4815350  1385400  0.20993690631393983
7697     3886060  4869470  1405200  0.20550405202254302
7701.74  3905240  4911860  1422510  0.2011804742163659
7706.49  3916890  4936520  1435460  0.19883722444734683
7711.25  3929880  4964230  1448300  0.1961966926248672
7716.04  3940970  4991920  1462560  0.19302755841175834
7720.85  3943330  5003240  1472510  0.19110322194631996
7725.68  3952070  5027520  1484980  0.18806947248774805
7730.52  3965200  5056290  1497360  0.1853103026889639
7735.39  3971740  5074140  1505020  0.18314391728613472
7740.27  3973110  5082280  1509550  0.18169117225644799
7745.17  3973170  5090670  1514400  0.17980386641236845
7750.1   3971730  5098580  1519330  0.17759237061682223
7755.04  3968780  5101380  1522360  0.17610036691096762
7760     3969070  5112720  1527430  0.1736206441777796
7764.97  3982410  5143960  1540880  0.17046086964544163
7769.97  3998790  5181260  1557000  0.16685754953997653
7774.99  4005330  5202780  1568660  0.16395833017585534
7780.03  4017570  5235980  1583620  0.1601364664114223
7785.08  4039880  5283550  1602320  0.15608736498473808
7790.16  4087460  5375610  1634750  0.14966104289951068
7795.25  4137320  5470550  1667160  0.14344541256476268
7800.36  4149830  5501420  1678720  0.14043386145601025
7805.49  4146340  5502530  1670310  0.13922933426298975
7810.64  4120790  5474260  1668970  0.13803964890491102
7815.81  4094310  5441320  1656910  0.1375647432540903
7821     4087900  5442900  1656630  0.13542019001534042
7826.21  4103210  5480860  1669750  0.13171131906833
7831.43  4094350  5473310  1656680  0.1308069703573385
7836.68  4092880  5485550  1669980  0.12781278781293295
7841.95  4087320  5489130  1671100  0.12548965300881526
7847.23  4076800  5486940  1670320  0.12297449250562136
7852.53  4044470  5449020  1659690  0.12178866546552955
7857.85  3978680  5356040  1628000  0.12272456335317179
7863.19  4049270  5476220  1664100  0.11740842715222621
7868.55  4050580  5491980  1671370  0.114463442223549
7873.93  4054650  5511590  1678500  0.1115072444538863
7879.33  4063220  5534960  1677290  0.10905938578341969
7884.75  4084010  5580350  1694440  0.10552169587130615
7890.19  4074620  5582170  1707000  0.10248704642317173
7895.64  4065700  5583760  1715200  0.09962745099729116
7901.11  4097180  5650860  1740680  0.09474009411729324
7906.61  4134160  5726650  1770060  0.08973104785275328
7912.12  4155250  5777040  1790460  0.08549043348453243
7917.65  4161500  5800860  1799850  0.08247448988021669
7923.2   4148600  5794160  1796700  0.08022387562378419
7928.77  4131840  5780580  1790770  0.07825892585417758
7934.36  4124520  5783060  1791760  0.0757160188049878
7939.97  4131540  5809250  1800810  0.07246196316524116
7945.6   4135170  5831480  1807410  0.06906566362870926
7951.24  4084470  5762290  1779150  0.06860306604548484
7956.91  3997030  5634640  1730510  0.06948220121639184
7962.59  3895540  5491540  1684710  0.06948827119445272
7968.29  3919880  5544490  1701350  0.06559998401628818
7974.02  3983900  5659120  1732610  0.060676593701322085
7979.76  3961700  5639490  1722670  0.058236303114444984
7985.52  3918390  5582050  1696860  0.057364658915113886
7991.3   3910080  5575530  1665590  0.056262661919325656
7997.09  3893120  5578470  1702430  0.05063424100335855
8002.91  3818530  5479560  1676030  0.04895334832631465
8008.75  3876740  5586050  1683300  0.04419741334446243
8014.6   3939450  5708760  1758930  0.03763503816991612
8020.48  3911880  5682470  1748700  0.034855297678149565
8026.37  3877730  5650040  1737560  0.03133931666273029
8032.28  3852990  5627600  1731000  0.028543760114479733
8038.22  3814910  5584410  1717090  0.025970817131308586
8044.17  3782070  5549190  1706640  0.02329318514674209
8050.14  3741790  5502670  1692140  0.020650136875011663
8056.12  3673260  5409300  1661500  0.019067168434313077
8062.13  3605400  5320400  1633480  0.016670322354925632
8068.16  3561320  5268840  1619370  0.013710448674122886
8074.21  3584700  5325040  1643010  0.009014650385641606
8080.27  3567470  5317090  1644700  0.005176154301396489
8087.6   3545530  5308130  1646720  0
