# XDI/1.0 
# Spectrum.license:CC BY 4.0
# Publication.authors: Peter Blanchard, Miranda Vu, Joel Reid, Erika Bergen, Jeff Warner
# Publication.affiliation: Canadian Light Source
# Facility.name:CLS
# Sample.temperature:r.t
# Sample.prep:powder, 500 um
# Sample.formula:FeHO2
# Publication.DOI: https://doi.org/10.20383/103.01329
# Sample.name:Lepidocrocite
# Scan.number:1
# Sample.id:5iy892
# Scan.start_time:2022-06-1
# Element.symbol:Fe
# Facility.energy:2.90 GeV
# Facility.xray_source:Bending magnet
# Beamline.name:IDEAS
# Beamline.scan_mode:Transmission
# Beamline.website:https://ideas.lightsource.ca/
# Beamline.detector:Ionization chamber
# Beamline.energy_range:1.8 - 13.0
# Beamline.flux:5E10-7E11 ph/s
# Mono.name:InSb(111), Ge(220)
# Element.edge:K
# Column.1:Energy
# Column.2:I0
# Column.3:Itrans
# Column.4:Irefer
# Column.5:Mutrans
# Energy I0       Itrans   Irefer   Mutrans
6912     1120570  879978   1117600  0.7466095943456903
6922     1129940  900105   1147930  0.7302307751547708
6932     1135710  916067   1173130  0.7159187076903828
6942     1136560  926404   1191220  0.7039129701661824
6952     1135780  935046   1207160  0.6924815095885642
6962     1137110  946224   1226750  0.6802000486481903
6972     1138530  957371   1246240  0.6682047546369011
6982     1138060  966288   1262690  0.657103427415803
6992     1140640  979126   1284410  0.644568989360975
7002     1143460  992264   1306360  0.6321197750629398
7012     1148350  1008610  1332870  0.6182808899441088
7022     1150730  1022320  1356680  0.605176640434384
7032     1147610  1027320  1368410  0.5964711473083468
7042     1152100  1043790  1395580  0.5827146206183469
7052     1152480  1054520  1414870  0.5713682546201585
7062     1153430  1066140  1434960  0.5597497351628063
7072     1154040  1077060  1453990  0.5486737410618414
7082     1153410  1086190  1469060  0.5383711265536802
7082.5   1153440  1087070  1470290  0.537472557688282
7083     1154510  1089260  1473410  0.5362283568953268
7083.5   1154630  1090230  1474740  0.5353270964200404
7084     1154310  1090420  1475120  0.534809572162514
7084.5   1154820  1092000  1477270  0.5336560771312117
7085     1155380  1093340  1479240  0.5328059844108778
7085.5   1155280  1093940  1480200  0.5320778265712441
7086     1155290  1095240  1481940  0.5307262443028312
7086.5   1155350  1095850  1482680  0.5301474766937776
7087     1155600  1097030  1484360  0.5291617656348976
7087.5   1155250  1097100  1484510  0.5287413601068819
7088     1153700  1095740  1482600  0.528624199164406
7088.5   1152120  1094390  1480860  0.5284664098672504
7089     1149640  1091900  1477510  0.5286073669209934
7089.5   1148980  1091800  1477210  0.5280540453286866
7090     1149040  1091880  1477270  0.5280299118718277
7090.5   1150280  1092910  1478230  0.5281854722217715
7091     1154200  1098220  1484760  0.5265292428330557
7091.5   1158100  1103740  1491610  0.524648660353792
7092     1160130  1107030  1495740  0.5232443440807589
7092.5   1161540  1109610  1499030  0.5219681911386963
7093     1162190  1111260  1501100  0.5209061200283678
7093.5   1163140  1112880  1503040  0.5201728347427141
7094     1165280  1116070  1507230  0.518998739335152
7094.5   1165740  1116740  1507920  0.5187632006043471
7095     1165560  1117030  1507570  0.5182885192343025
7095.5   1165640  1117460  1507610  0.5179259877702471
7096     1165710  1118210  1508540  0.5172256790733364
7096.5   1165900  1119970  1511380  0.5156095983070174
7097     1165900  1120830  1512140  0.5147296589622989
7097.5   1166490  1122130  1513530  0.5139807725318585
7098     1166330  1122490  1513440  0.5134558007373896
7098.5   1166160  1122860  1513200  0.5129108854889267
7099     1165930  1123150  1512880  0.5123887295943241
7099.5   1166330  1124130  1513400  0.5117821236741936
7100     1166180  1124030  1512310  0.5117366639071746
7100.5   1166090  1124280  1511350  0.5113932469343253
7101     1165740  1124140  1510030  0.5111918726555411
7101.5   1165650  1124660  1509290  0.5105732005977403
7102     1165750  1124320  1507470  0.511018160605388
7102.5   1165380  1123970  1505260  0.5110111735785452
7103     1165060  1123710  1503150  0.5109615622988456
7103.5   1164290  1123390  1500450  0.5105301610973746
7104     1163880  1123730  1498390  0.5097794935191989
7104.5   1163470  1123450  1495130  0.5096612667317221
7105     1161490  1121280  1488950  0.5099251196246802
7105.5   1159710  1118080  1481150  0.5114432337690935
7106     1156860  1114700  1471520  0.5120933240054777
7106.5   1156730  1115570  1466330  0.5110701207495936
7107     1158510  1118610  1461550  0.5097131314599473
7107.5   1158890  1120070  1453220  0.5085938246924836
7108     1158880  1120510  1438270  0.5081336869124262
7108.5   1160760  1122710  1422050  0.5077433167447283
7109     1163550  1124720  1399240  0.508444903176399
7109.5   1165710  1126540  1372380  0.5087175048454127
7110     1167060  1128980  1334940  0.5075640672001915
7110.5   1167790  1129300  1283400  0.5079560206598509
7111     1167460  1127790  1213630  0.5091658851474717
7111.5   1167220  1126560  1114430  0.5101811486148079
7112     1168050  1125870  1018270  0.5116983900017171
7112.5   1167690  1123180  926257   0.514087288680413
7113     1166980  1120250  856323   0.5163844558833475
7113.5   1166880  1115410  789904   0.521249827110629
7114     1166890  1113780  746316   0.5229361297326741
7114.5   1166890  1113500  709743   0.5232243606582152
7115     1166580  1112470  682470   0.5239806719202549
7115.5   1166600  1114180  660588   0.5222395595659238
7116     1166490  1114240  643017   0.5220697291705412
7116.5   1166580  1114250  627939   0.522147885556751
7117     1166320  1112540  609534   0.5236530149745056
7117.5   1166360  1111100  589660   0.5251770875112083
7118     1166630  1108920  561913   0.5276938539264802
7118.5   1166500  1105930  530316   0.5306612735699168
7119     1166460  1102200  493194   0.5344949136166249
7119.5   1167300  1099330  461363   0.5383090781566373
7120     1167370  1093600  427926   0.5443686680103531
7120.5   1167470  1087240  399961   0.5511532585200395
7121     1167220  1076460  369594   0.5623308146641467
7121.5   1167870  1065510  345672   0.5746899545786561
7122     1168290  1050340  322361   0.5915407765550944
7122.5   1168650  1033960  303815   0.609912525146587
7123     1169220  1013980  287388   0.6328406707457813
7123.5   1169440  992348   271988   0.6577775170725719
7124     1169860  972914   261224   0.6808623830143936
7124.5   1169680  950697   250045   0.7071676201048497
7125     1170520  934607   243194   0.7275584146860349
7125.5   1170520  916103   236913   0.7504828728923273
7126     1170520  896473   230255   0.7753141132717435
7126.5   1170890  875687   223622   0.8025697970364898
7127     1170880  853468   216597   0.8320226591849061
7127.5   1171180  833268   210460   0.8597751955469375
7128     1171590  811970   204173   0.8898583433312689
7128.5   1172200  794927   198858   0.9147732729851635
7129     1172630  779274   193750   0.9379923701283095
7129.5   1172640  764930   188878   0.95929998104216
7130     1172800  755294   185429   0.9739892901769571
7130.5   1173060  747931   182777   0.9854737115852928
7131     1173480  743059   181265   0.9933759755815654
7131.5   1173960  740857   180787   0.9972470391082785
7132     1173520  738803   180917   1
7132.5   1173760  739415   182238   0.9992851973616532
7133     1174440  741294   184517   0.9970396657975407
7133.5   1174170  743874   186909   0.9927931640689144
7134     1173790  746896   189640   0.9877743594206088
7134.5   1173890  751113   192764   0.9814177415426464
7135     1174040  755567   195404   0.9747864311253519
7135.5   1173820  758550   197408   0.9700545775840216
7136     1173680  762125   199187   0.9645277304201746
7136.5   1174000  766005   200694   0.9590188131726439
7137     1173610  768229   201237   0.9553143867901718
7137.5   1173310  771072   201470   0.9507867227439097
7138     1173560  774619   201569   0.9457696147817108
7138.5   1173620  777970   201072   0.9408796963492866
7139     1173470  781232   200258   0.935936501963222
7139.5   1173150  784968   199094   0.9301547227682339
7140     1173310  788947   197299   0.9245147593727037
7140.5   1173570  792565   195535   0.9195236579218374
7141     1173260  795613   194227   0.9148205882540361
7141.5   1175230  801104   194912   0.9088591821860229
7142     1175010  804523   195700   0.9037623983345919
7142.5   1174660  807678   195699   0.898934062189132
7143     1174990  810975   195278   0.8945860038466646
7143.5   1175050  813872   197067   0.8905567016743519
7144     1175000  816797   197592   0.8863953073719607
7144.5   1174860  818799   197638   0.8834523352640764
7145     1174730  820672   196992   0.8807061416967067
7145.5   1174710  821784   196177   0.8791343499417532
7146     1175050  823896   196616   0.8765236714757325
7146.5   1175060  826139   197343   0.8734167364328592
7147     1174250  827035   196872   0.8713835917394885
7147.5   1174540  829043   196093   0.8688867005735947
7148     1174460  831065   194465   0.8660160569962447
7148.5   1174570  833681   193560   0.8625205609379631
7149     1174400  836337   192559   0.8587082266199473
7149.5   1174320  839780   191757   0.8539204608974603
7150     1174550  844756   192370   0.8473723149762167
7150.5   1174700  849100   192381   0.8416387846231461
7151     1174690  853121   192298   0.8362130551085155
7151.5   1174960  857474   192263   0.8306420691847028
7152     1175720  862352   192432   0.8248803101536497
7153.24  1181610  875983   193244   0.8126301799732243
7154.51  1188420  889401   194877   0.8017914864927342
7155.79  1195470  901990   197071   0.792459393584485
7157.09  1202250  912371   199335   0.7858242975589912
7158.41  1209260  922397   201630   0.7799603399675211
7159.75  1215760  930508   203228   0.7760693497292497
7161.11  1223050  938363   204967   0.7732861179688727
7162.49  1230840  945904   207246   0.7713887589360144
7163.88  1237360  950199   209044   0.7722518227250891
7165.3   1245140  954241   211238   0.7745710252855166
7166.73  1253240  957314   213583   0.7783185746998923
7168.19  1260750  958685   215309   0.7835271106183809
7169.66  1268860  959687   217334   0.7896802209447662
7171.15  1277420  959725   219866   0.797342561563281
7172.66  1285410  959465   222888   0.804801189442905
7174.19  1294110  959774   226786   0.8121648990941391
7175.74  1301970  960001   231185   0.8188354541670224
7177.31  1310150  962646   236139   0.8228612032206025
7178.9   1317920  966501   240388   0.8250582473015683
7180.5   1325910  971904   243732   0.8255965618629166
7182.13  1333930  978449   245738   0.8248156792192232
7183.77  1342440  986584   246631   0.8226141484916548
7185.44  1351240  995968   246786   0.8192520301813451
7187.12  1360130  1006100  245723   0.8151663128640745
7188.82  1369940  1017440  244654   0.8105561148252841
7190.54  1379380  1028850  242936   0.8056440905491211
7192.28  1389800  1042250  241780   0.79943710810701
7194.04  1401070  1056730  242049   0.792878666122559
7195.82  1412070  1070970  244288   0.7864990073159563
7197.61  1422420  1083660  248738   0.7813672664084822
7199.43  1432580  1095280  254695   0.7772993833936339
7201.27  1443060  1107290  262149   0.7731532759301157
7203.12  1452680  1118830  270577   0.7688845812464895
7204.99  1464080  1133230  280197   0.7631853310394231
7206.88  1474810  1146970  288248   0.7577404872398493
7208.8   1486130  1161080  292707   0.7524893181513445
7210.73  1497080  1174730  290971   0.7475064668006308
7212.67  1507920  1187610  283220   0.743276477989559
7214.64  1518220  1199300  272723   0.7398513441091222
7216.63  1528900  1211300  263003   0.736473908216377
7218.64  1539040  1222840  255852   0.7331820456547756
7220.66  1549920  1234820  253869   0.73008142113614
7222.71  1560610  1246480  255776   0.7271869176837026
7224.77  1571300  1257820  262693   0.7246305513137592
7226.85  1581590  1268260  272553   0.722637631982377
7228.95  1592510  1280540  285704   0.7194790615252035
7231.07  1602950  1292560  299810   0.7162593589733033
7233.21  1613740  1305320  314775   0.7126887523414105
7235.37  1624280  1317600  328272   0.7094175615322407
7237.55  1635510  1330470  338072   0.706172946531351
7239.75  1647520  1344890  344724   0.7022024507058248
7241.96  1659390  1358030  346595   0.699286117752461
7244.2   1671470  1370520  345467   0.6971060578649527
7246.45  1683570  1382710  342779   0.6952236479791912
7248.73  1699460  1398410  342532   0.6930495209247952
7251.02  1711490  1409580  343782   0.6920153421964949
7253.33  1724530  1422350  348652   0.6903778207760156
7255.66  1737500  1435590  355082   0.6883456016290201
7258.01  1750500  1448250  360058   0.6868256740201314
7260.38  1762460  1458770  361248   0.6863343542613652
7262.77  1774900  1469720  361044   0.685824481812629
7265.17  1785810  1478370  359775   0.686122296124707
7267.6   1798440  1489470  359666   0.6856262659683593
7270.04  1810670  1500560  358292   0.6848917827118369
7272.51  1822220  1511960  355142   0.6835048329028087
7274.99  1835180  1526690  352892   0.6805149225171863
7277.49  1847560  1540830  352515   0.6776536134137884
7280.01  1859450  1554760  352854   0.6746901548454769
7282.55  1872240  1571720  352962   0.6701109090453051
7285.11  1885520  1590630  352724   0.6645033692747281
7287.69  1898650  1610860  352948   0.657970659686422
7290.29  1912160  1631590  356105   0.651440421140365
7292.9   1926360  1653020  364830   0.6449631634994392
7295.54  1940140  1672030  377131   0.6400261596962079
7298.19  1955480  1693890  393246   0.6341639905343349
7300.86  1970340  1715890  409624   0.6280494367847842
7303.56  1985000  1736180  424607   0.62307117703776
7306.27  1999100  1754300  436193   0.6192830274857418
7309     2013860  1771690  445075   0.6164081700840693
7311.75  2027630  1786510  450671   0.614670540557406
7314.52  2041490  1800960  454024   0.613244963790879
7317.3   2055720  1815660  457466   0.6118888416388191
7320.11  2070290  1831580  461946   0.6099773709923478
7322.94  2083820  1846900  465955   0.6078960989716061
7325.78  2098250  1864570  470440   0.6048914576637326
7328.64  2112780  1881900  474582   0.6021969112784011
7331.53  2127360  1899360  479441   0.5994938420419061
7334.43  2141850  1918550  486895   0.5957514517695703
7337.35  2156960  1938840  495507   0.5917502733330545
7340.29  2172000  1957980  500602   0.5884545613349539
7343.25  2187050  1978930  503819   0.5841696764257529
7346.23  2201840  1999210  501401   0.5802077556757751
7349.23  2217230  2019740  495861   0.5764804342381445
7352.24  2232640  2040090  491312   0.5729277421666844
7355.28  2247850  2060330  487182   0.5693937176894721
7358.33  2262960  2079080  484207   0.5666884554385002
7361.4   2276880  2094740  481565   0.5651161326133447
7364.5   2290460  2111950  480866   0.5625532186390103
7367.61  2300380  2125530  481877   0.5601597722498972
7370.74  2300790  2130740  485582   0.5575575673977435
7373.89  2280240  2105780  489542   0.5607806637968566
7377.06  2237080  2047880  478278   0.5708361951220295
7380.25  2368540  2217970  540655   0.5448306802238987
7383.45  2378960  2235130  565296   0.5410277554308384
7386.68  2367870  2226220  582077   0.5402501812057157
7389.92  2291330  2130440  573027   0.5529957891301666
7393.19  2293380  2136080  566103   0.5509901279234178
7396.47  2417940  2282960  598533   0.5353865110917416
7399.77  2475810  2357190  608097   0.525819185767117
7403.09  2483080  2374820  613194   0.5206383612563593
7406.43  2458820  2346270  612920   0.5232482564002857
7409.79  2439400  2332310  613213   0.5209992804470599
7413.17  2559850  2480960  634890   0.5054202112485223
7416.57  2580550  2511150  640822   0.5007873107778583
7419.98  2597800  2536810  647661   0.4967701863842128
7423.42  2615300  2566930  658235   0.4909358562584717
7426.87  2632150  2593820  669822   0.48635164331649067
7430.35  2649110  2619760  680654   0.4823068981792363
7433.84  2666480  2648340  688700   0.4773605094633154
7437.35  2683740  2679520  694920   0.4713391061951844
7440.88  2700540  2707550  697239   0.4665632044144358
7444.43  2718800  2736440  696004   0.4621212408900968
7448     2737130  2761080  693464   0.45954787469027086
7451.59  2755800  2786410  693015   0.4568719264523957
7455.2   2774580  2813720  696595   0.4534765654615269
7458.82  2792750  2841750  702528   0.4495958288604517
7462.47  2810440  2868540  710812   0.446077772103498
7466.13  2829000  2896650  721758   0.4424443657516537
7469.82  2847480  2925680  735502   0.4384768302038668
7473.52  2865220  2953660  751781   0.4346852996862401
7477.24  2882950  2980750  767387   0.4312909607313525
7480.98  2900950  3011980  783214   0.42647786474547866
7484.74  2919990  3044850  798775   0.42153463438555794
7488.52  2938950  3075630  814937   0.41742380035011445
7492.31  2958790  3108940  831320   0.4127877983938366
7496.13  2979340  3142300  846251   0.4084868390281639
7499.97  2998920  3173780  856612   0.404568676617246
7503.82  3017770  3206810  862820   0.399882927228991
7507.7   3035510  3238670  869299   0.3952690173726435
7511.59  3052320  3270200  876103   0.3904933424090118
7515.5   3070040  3303310  886040   0.3855808689472218
7519.43  3089830  3337550  897043   0.3811254454664566
7523.38  3110100  3372060  907448   0.37682880036605243
7527.35  3129160  3404780  916068   0.3727628598329664
7531.34  3147920  3439040  924098   0.36813755449425606
7535.35  3173060  3482250  934144   0.3629424396904089
7539.37  3191980  3516040  943633   0.35868740128320425
7543.42  3209860  3548370  953524   0.3545981858041913
7547.48  3228460  3581750  962565   0.350488145707724
7551.56  3247750  3616370  974991   0.3462900602508454
7555.67  3266880  3650200  984519   0.3423485324944003
7559.79  3272400  3661970  985516   0.3405933910762569
7563.93  3310960  3725300  995501   0.33436671441706345
7568.09  3312340  3733380  998409   0.3323606773957364
7572.27  3343950  3790820  1012760  0.32574549865536906
7576.46  3359040  3824340  1027900  0.32081484870437393
7580.68  3376480  3857140  1046080  0.3169612517395428
7584.92  3397330  3896770  1067230  0.31230014540854134
7589.17  3417490  3935390  1085840  0.3077771754319142
7593.45  3438570  3974200  1102030  0.3035766691433958
7597.74  3458180  4011630  1114600  0.29934949584015674
7602.05  3479180  4051850  1126000  0.29485371613630373
7606.38  3500480  4092080  1138220  0.29052458123472236
7610.73  3518630  4129200  1152050  0.2861010825264228
7615.1   3533120  4161020  1166540  0.2820120381538282
7619.49  3550420  4196290  1180890  0.2779355316712072
7623.9   3569160  4232480  1191580  0.2741261900451102
7628.32  3586400  4267830  1201280  0.27011530237704323
7632.77  3605290  4306270  1212730  0.26585846007380565
7637.23  3625690  4345980  1226800  0.2618039823242765
7641.72  3652190  4396390  1248160  0.25693176989750305
7646.22  3669990  4432000  1264780  0.2532573456076653
7650.74  3687760  4467720  1280770  0.2495924117952372
7655.28  3709560  4510190  1296740  0.24550325582739607
7659.84  3731620  4553950  1311720  0.24123125715521537
7664.42  3757290  4602320  1326540  0.23697815496036487
7669.02  3776920  4642250  1337110  0.2330486867453479
7673.63  3792080  4677020  1345060  0.22908660934369957
7678.27  3808620  4714420  1354000  0.22494531846694174
7682.92  3831230  4759230  1364930  0.22088598475513543
7687.6   3856910  4812310  1379970  0.21582945044636376
7692.29  3884580  4867680  1398630  0.21090955214288265
7697     3916640  4930870  1420860  0.20554596261791572
7701.74  3939870  4979080  1439990  0.20117126577041206
7706.49  3955590  5013940  1455630  0.19773803063248024
7711.25  3975780  5057720  1473320  0.19360812959895884
7716.04  3993200  5097540  1491190  0.1896298327951274
7720.85  4001200  5120300  1504670  0.18681712981677634
7725.68  4010260  5142020  1517110  0.18455738477674719
7730.52  4020260  5167770  1528730  0.181685983387145
7735.39  4022490  5179350  1535250  0.17975575067280103
7740.27  4023980  5186750  1539960  0.17854359222791327
7745.17  4024520  5190430  1544180  0.1778843544168616
7750.1   4025680  5198070  1549430  0.1765285737840645
7755.04  4025240  5206210  1554640  0.17460948723974162
7760     4026720  5218290  1560580  0.17237404592308664
7764.97  4037240  5243420  1572050  0.16985768735137688
7769.97  4048230  5269450  1585100  0.1672971663791109
7774.99  4060470  5302450  1600400  0.16360124410085328
7780.03  4079670  5346080  1618990  0.1596150264180402
7785.08  4112330  5412040  1643540  0.15469839526821774
7790.16  4162770  5506720  1675930  0.1487921211718166
7795.25  4200950  5584850  1703000  0.14310788345392114
7800.36  4206150  5599600  1709560  0.1415023343219203
7805.49  4203370  5600250  1701940  0.14061133769671963
7810.64  4185180  5586200  1706120  0.1385193127124498
7815.81  4168820  5567950  1700650  0.13778062875146727
7821     4155970  5555560  1696590  0.1367953725159441
7826.21  4152500  5556980  1697240  0.13554483672078924
7831.43  4142980  5547880  1684390  0.13479246460501176
7836.68  4147790  5569280  1701060  0.13170919007840987
7841.95  4146900  5577420  1703830  0.12978887454132462
7847.23  4149380  5595300  1710940  0.1268050881331999
7852.53  4131670  5582490  1709950  0.12452930598276334
7857.85  4063700  5483710  1676860  0.12597974686345748
7863.19  4145200  5625670  1721480  0.1194442264453622
7868.55  4154720  5655080  1734360  0.11609657123916071
7873.93  4157230  5671060  1740380  0.1135540874738349
7879.33  4160170  5684220  1735340  0.11170737339020922
7884.75  4179120  5728630  1750410  0.10799570840552336
7890.19  4173440  5736590  1767160  0.10484476610329213
7895.64  4170080  5747580  1779520  0.10172736077652691
7901.11  4202700  5816550  1805810  0.09698543048405384
7906.61  4244340  5901130  1838020  0.09173800472926222
7912.12  4265060  5952090  1858650  0.08746357606246347
7917.65  4275870  5985770  1871570  0.08389693929147612
7923.2   4267600  5986120  1871290  0.081610545434599
7928.77  4247660  5967200  1863300  0.0798706723611412
7934.36  4235720  5962570  1862470  0.07753354477652027
7939.97  4241670  5988900  1871730  0.07409163401370779
7945.6   4251840  6023550  1883360  0.07022346101923203
7951.24  4198680  5948030  1852720  0.07026366900348849
7956.91  4103100  5803750  1797870  0.07201579962420145
7962.59  3992510  5643180  1745370  0.07285706151329141
7968.29  4024320  5709900  1767190  0.06848027850172765
7974.02  4103440  5852720  1808310  0.06247864520574656
7979.76  4101610  5864750  1810410  0.059613377708648274
7985.52  4081460  5848870  1799140  0.05707594530384602
7991.3   4097870  5882750  1778240  0.055054538651396014
7997.09  4079770  5885290  1817660  0.049484993477999166
8002.91  3994510  5767110  1784410  0.04852803592941799
8008.75  4033530  5845020  1776690  0.0442888225066058
8014.6   4095930  5972360  1857070  0.0371809796765289
8020.48  4075970  5959000  1851620  0.034148165318690755
8026.37  4066170  5962110  1853390  0.030790434487153174
8032.28  4064270  5979240  1860820  0.02696565889900996
8038.22  4018460  5924120  1841680  0.024587977689782436
8044.17  3968820  5864220  1821360  0.021988853303304554
8050.14  3928530  5818590  1806680  0.01924672633056716
8056.12  3862510  5730360  1776730  0.017334030543657772
8062.13  3807530  5659720  1754600  0.01511852988125558
8068.16  3801780  5671840  1762800  0.010933720704740682
8074.21  3814850  5711380  1781040  0.0069040594326725355
8080.27  3781870  5676160  1773110  0.004041532392078692
8087.6   3750110  5648370  1767930  0
