# XDI/1.0 
# Spectrum.license:CC BY 4.0
# Publication.authors: Matthew Newville
# Publication.affiliation: Center for Advanced Radiation Sources, University of Chicago
# Sample.reference:none
# Facility.name:APS
# Sample.temperature:r.t.
# Sample.prep:powder on tape, 4 layers
# Sample.formula:FeO
# Sample.smiles:[Fe]=O
# Publication.DOI: https://doi.org/10.71622/XASLIB_535X-8J62
# Sample.name:Iron (II) Oxide
# Scan.number:Scan1
# Sample.id:wdf05o
# Scan.start_time:2001-08-10
# Element.symbol:Fe
# Facility.energy:7.0 GeV
# Facility.xray_source:Bending Magnet
# Beamline.name:20-BM-B
# Beamline.website:https://www.aps.anl.gov/Beamlines/Directory/Details?beamline_id=32
# Beamline.scan_mode:Transmission
# Beamline.energy_resolution:1.4 x 10^-4
# Beamline.flux:1 x 10^11 ph/s at 10 keV (toroidal focus); 2 x 10^8 ph/s at 5 µm (KB mirror)
# Beamline.spot_size:30 mm x 1 mm
# Beamline.energy_range:3.9 - 35
# Beamline.detector:Ionization chamber
# Mono.name:Si(111)
# Element.edge:K
# Column.1:Energy
# Column.2:I0
# Column.3:Itrans
# Column.4:Mutrans
# Energy   I0         Itrans         Mutrans
6911.7671  280101     290366.187637  0.05155464506464639
6916.873   278863     289977.187414  0.050000852837440324
6921.703   278149     290136.18736   0.04843558967208952
6926.8344  277292     290103.187479  0.04694062391509226
6931.7399  265707     278595.187387  0.0458340151717819
6936.9887  286669     301917.187466  0.043591165392084665
6941.7869  285989     301961.187391  0.04232329301846626
6946.8779  284661     301519.187598  0.04071896428048341
6951.9154  284411     302120.187512  0.03927541226832288
6956.9401  283577     302167.187512  0.03772001295281564
6961.9621  283824     303265.18742   0.0363334771092945
6966.8684  283568     303950.187573  0.034744709713307356
6971.9156  283397     304638.187353  0.03330402329642907
6976.8572  283310     305481.187545  0.03175959242082805
6981.9918  283214     306229.18758   0.03035898009440639
6986.8759  283061     306938.187639  0.028923939865104994
6991.9328  282971     307721.187587  0.027482461222774136
6996.9144  283022     308670.187388  0.026024261317525048
7001.8515  282885     309435.187431  0.02453563689363711
7006.9934  282810     310281.187585  0.02302892555955116
7011.8412  282732     311023.187567  0.02168874679201851
7016.9463  282596     311819.187592  0.020161051262218378
7021.8712  282484     312561.188064  0.018766147495010918
7026.8765  282375     313268.18814   0.017435538824315207
7031.973   282225     314010.186086  0.01597828456178957
7036.8361  282119     314744.188138  0.014614930524700148
7041.8952  282087     315530.185965  0.013303315171953854
7046.8567  282034     316357.186115  0.011892165981440004
7051.8254  282011     317160.186765  0.010576008528278415
7056.8965  281905     317924.188924  0.009176694951481002
7061.8378  281847     318600.188941  0.008004803216870558
7066.7546  281772     319289.186628  0.006784331645564179
7071.8057  281634     319901.186408  0.005574714835166853
7076.7476  281516     320463.188833  0.004481024667331299
7081.686   281309     320876.187273  0.0034632021395047626
7086.7913  281051     321085.186853  0.0026741494970889588
7091.5312  280416     320763.186745  0.002041082496592686
7096.5552  277908     317955.1877    0.0019447930140206945
7101.5653  240033     275002.18797   0.0012494896990216824
7101.9395  247919     284665.187768  0.00013836551511446348
7102.2817  257073     295257.188296  0
7102.6987  270033     309588.18652   0.0008993154911016814
7103.1906  279482     319436.188161  0.0024481410875229065
7103.6399  282387     322348.188014  0.003084849815275564
7104.0036  283089     322984.187151  0.003342280697821283
7104.2818  283283     323081.188097  0.0035358254241238916
7104.6241  283337     323013.187935  0.003737579125445361
7105.095   283379     322744.188801  0.004231199158359748
7105.5231  283327     322572.187251  0.004407028189172985
7105.8763  283280     322305.188744  0.004740095332384004
7106.2402  283187     321923.186811  0.005171453902508749
7106.5721  283067     321655.18854   0.005377181312124154
7107.0646  283049     321220.186596  0.006025906733988771
7107.5251  282911     320690.187965  0.006611223850084059
7107.9427  282903     320311.187022  0.007191812757026206
7108.3176  282797     319777.187997  0.007842575332853766
7108.5961  282677     319226.187439  0.008496547056231693
7108.9711  282618     318402.186944  0.009691596957123785
7109.5068  282510     317071.188539  0.011606416142230805
7109.9354  282431     315273.186898  0.014326202919412681
7110.2784  282346     312986.187197  0.017836878293280907
7110.6214  282332     310103.187632  0.022466684621762264
7111.0073  282210     306109.187638  0.028769808285687745
7111.4683  282123     302147.187374  0.03516760780547236
7111.9186  282115     299642.187424  0.03934093820943356
7112.3583  282037     297501.187628  0.04280878606547183
7112.6693  281994     295744.187463  0.045711551529632605
7112.9374  281937     293845.18756   0.04885009720505013
7113.3772  281871     291801.187448  0.05224345664893129
7113.8278  281825     290459.187512  0.0544800108685921
7114.2462  281778     288513.187612  0.0577774319255965
7114.5789  281795     285696.187642  0.06274313829760404
7114.9008  281840     282531.187503  0.06842689887141001
7115.3194  281698     276967.187393  0.07817804697280267
7115.8132  281660     269041.187367  0.09271460290029751
7116.2426  281583     261185.20311   0.10748337527677249
7116.6721  281567     252213.202104  0.12503718120559013
7116.9728  281577     243746.203607  0.1422311387091275
7117.2627  281547     232641.203217  0.1656325661876583
7117.7783  281547     216149.203538  0.202617445189286
7118.2402  281500     201490.202541  0.23785830905479485
7118.627   281460     187785.202843  0.2732192191405401
7118.9708  281469     176633.203747  0.3040307769002294
7119.2931  281427     167426.203641  0.3308826705347292
7119.766   281425     155078.202546  0.36941559044970274
7120.2067  281361     145635.202554  0.40090204477709923
7120.6367  281376     137638.202745  0.4293365254337846
7121.0344  281330     130669.203767  0.45538999551450393
7121.3247  281224     124691.202989  0.4787553024932191
7121.6473  281254     116505.203313  0.512964923764757
7122.099   281217     106623.203116  0.5574821321114232
7122.5507  281234     97343.198509   0.6033149496388351
7122.9272  281186     88855.199429   0.6491202831903128
7123.25    281156     82365.204762   0.687216723986349
7123.5943  281139     76126.201484   0.726807983158907
7124.0785  281237     70064.204599   0.7687225536581437
7124.5412  281092     66014.203135   0.7984128920037357
7124.9718  281111     63251.200593   0.8199531051147402
7125.3377  281108     61151.197023   0.836931400940115
7125.6392  281113     59209.19932    0.8531734541956743
7125.9945  281001     56427.200919   0.8771802333278383
7126.5329  281104     52991.197117   0.9089658726456373
7126.9744  280979     49908.200775   0.9388922693665607
7127.3191  280857     47418.201032   0.964417004910772
7127.6315  280685     45666.201186   0.98304569732936
7127.9977  280560     44324.200113   0.9978249733648179
7128.5149  280587     44137.198809   1
7128.9244  280673     45222.198821   0.9879386898773291
7129.3555  280602     47220.201326   0.9660648361997645
7129.7111  280574     49581.198769   0.9414732681035248
7129.9806  280588     52250.199094   0.915125019318124
7130.3903  280512     56763.198658   0.8733178898324483
7130.8539  280368     60901.196773   0.8376661345046453
7131.2852  280353     64800.20218    0.8064250440713198
7131.6087  280324     68116.200458   0.7812700645552985
7131.9323  280355     70857.205182   0.7614815021355682
7132.3314  280358     73781.200097   0.7411468818225097
7132.8384  280325     76676.206441   0.7217284275343788
7133.2484  280340     78639.203884   0.7090400260588366
7133.6585  280358     80182.201028   0.6992984056524335
7134.0146  280338     81455.203434   0.6913394207966569
7134.306   280400     82685.202418   0.6839119571002579
7134.7701  280376     84493.200146   0.6729887873425966
7135.2559  280369     86031.206155   0.6639025772375333
7135.677   280380     87382.202215   0.6560847847637954
7135.9902  280318     88463.202361   0.6497891236231312
7136.3141  280310     89385.201182   0.6445594222013307
7136.757   280299     90385.204825   0.6389435669131083
7137.2322  280348     91158.202728   0.634747985256643
7137.6428  280287     91499.204496   0.6327604271001752
7138.0533  280265     91596.199822   0.6321880119572576
7138.3667  280233     91505.199883   0.6326305522383153
7138.6801  280231     91135.204085   0.6346649397916326
7139.1016  280223     90279.202182   0.6393974247202057
7139.588   280226     89172.198987   0.6456087325961971
7139.9664  280223     88050.200738   0.6519724497724841
7140.3015  280225     86871.19913    0.6587567763875617
7140.6043  280199     85700.200488   0.6655365256933458
7141.1017  280261     84138.202258   0.6749002414463068
7141.5451  280234     83056.206756   0.6813621947219548
7141.967   280277     82322.206892   0.6859043440691126
7142.3456  280266     81973.207183   0.6880215758891683
7142.681   280215     81859.20552    0.688630056196873
7143.0165  280222     82024.201681   0.6876297884058459
7143.5034  280148     82681.207148   0.6834840038501745
7143.9688  280235     83590.204058   0.678140372700056
7144.3693  280259     84631.206996   0.6719579370887916
7144.6616  280184     85535.203685   0.6664789483686288
7145.0081  280209     86716.203101   0.6596263142183952
7145.5061  280141     88270.20733    0.6505699823789949
7145.9285  280171     89686.201791   0.6426189449377068
7146.1342  280202     90325.20726    0.6391034709354789
7147.1308  281607.47  93749.051824   0.622906033865555
7148.3769  282953.53  97323.441422   0.6064831517508185
7149.4825  284295.16  99864.362896   0.5958986525616777
7150.7729  285557.34  101887.783873  0.588037099002537
7151.9661  286899.06  103419.729     0.582888330442684
7153.2031  288155.28  104645.149858  0.5791609421198537
7154.5382  289438.03  105483.043552  0.5773836383799312
7155.711   290658.28  105780.403655  0.5780838157711347
7157.058   291973     105466.222127  0.5818500860761926
7158.3621  293176.19  104643.481602  0.5878579300454907
7159.6775  294404.84  103783.170839  0.5941139547050454
7161.1349  295627.97  102666.277705  0.6016419180027958
7162.3752  296860.5   101656.79974   0.6087049574747598
7163.8554  297949.5   99713.722864   0.6202542628818939
7165.2383  299143.88  96455.036973   0.6389794811893926
7166.5673  300242.69  92691.735395   0.6608419670428668
7168.1256  301310.91  88956.817489   0.6833159512158116
7169.652   302427.5   86047.25132    0.7019035484432867
7171.0481  303495.5   84143.046361   0.7149330349025869
7172.5757  304598.88  83137.200696   0.7228075155898369
7174.1587  305727.59  82910.695997   0.7260402527293254
7175.6768  306769.69  83477.52806    0.7243247175117113
7177.2065  307837.12  84982.691974   0.7170832132851481
7178.9337  308895.94  87575.182799   0.70369513741331
7180.5524  309864.06  90368.98165    0.6894731864778576
7182.1171  310682.53  92962.100347   0.6765697520751602
7183.6825  310947.31  95184.525051   0.6651146084555066
7185.4567  291081.44  90887.23757    0.6551438207914868
7187.2319  313204.84  99755.253134   0.6451613635031256
7188.9312  315022.59  102204.545218  0.6358711864960606
7190.5875  316211.62  104251.12719   0.6277933928020429
7192.3105  317246.97  106073.988541  0.6207185328072916
7194.1551  318316.56  107389.118488  0.6162135552334181
7196.0336  319271.47  107903.51455   0.6153166038462727
7197.8472  320241.66  107710.179652  0.6177448411836224
7199.5848  321266.12  107188.087022  0.6217954579555277
7201.3452  322265.88  106610.266862  0.6260772036813992
7203.3158  323200.88  106223.689554  0.629361699628472
7205.3535  324151.12  106428.343404  0.6298702336382815
7207.2492  325150.66  107009.246236  0.6286808877689537
7209.1459  325885.44  107485.38755   0.6275831383855693
7211.1209  326697.44  107722.770023  0.6277252361662835
7213.075   327662.72  107680.368347  0.6294072715173579
7215.0412  328640.22  107255.19514   0.6328956337655913
7217.0748  329532.97  106548.247383  0.6375865708127711
7219.0322  330473.94  105886.50426   0.6421545744108962
7221.201   331416.12  105659.974029  0.6446638452092928
7223.3269  332369.56  106283.673258  0.6431484037916845
7225.454   333202.22  107601.573684  0.6382081794501708
7227.5271  334086.09  109398.667983  0.6312092726072774
7229.6901  334967.16  111553.968606  0.622720627695987
7231.91    335961.47  113909.466658  0.6137010652298085
7234.0757  336863.97  116076.168313  0.6055726193354366
7236.2428  337815.69  117648.051229  0.6002258695836198
7238.4892  338886.59  118286.128677  0.599097185636849
7240.7815  329086.72  113701.387365  0.604221105941481
7243.0196  335643     114704.837113  0.6097240375044557
7245.2257  339365.53  114222.464075  0.6173917344799723
7247.5225  338137.22  112540.278584  0.6230307781168319
7249.8877  341598.09  113091.256288  0.6256962810234351
7252.2322  342507.16  113497.415143  0.6252298481964901
7254.4441  343352.41  114168.731399  0.6235032469567142
7256.8923  344216.84  114896.233958  0.6215729806102915
7259.208   344988.47  115309.90111   0.6208915651538828
7261.6595  345766.25  115436.727813  0.6214713744090129
7263.9447  346708.22  115465.716801  0.6227135353835459
7266.3884  347433.34  115487.860353  0.6236679797823615
7268.9011  348203.62  115646.164523  0.6240929150300895
7271.3707  348895.09  116001.633777  0.6235470583441779
7273.9207  349891.75  116832.247153  0.6213930571536893
7276.5063  349788.53  117644.018439  0.6177617923168394
7279.0825  350767.47  119155.93641   0.6127443573212127
7281.4918  351364.59  120790.000206  0.6067487865770714
7284.128   351945.88  122725.212785  0.5995853984069575
7286.6761  352112.28  124600.57262   0.592194955584187
7289.1808  350398.84  125688.06321   0.5853702379870958
7291.902   350983.59  127508.696515  0.578975083249688
7294.6478  355958.44  130305.485528  0.5751409581111131
7297.3619  355658.47  130613.400196  0.5735296949981628
7299.8969  353997.62  129967.444211  0.5736690765779617
7302.5698  357607.94  130744.631997  0.5757741357725116
7305.324   358382.41  130288.953181  0.5786184555394187
7308.1031  358969.97  129742.385704  0.5815569873931243
7310.9298  359729.72  129279.958233  0.5844164474877263
7313.6451  360319.56  129012.668424  0.5862815752022974
7316.3398  360879.56  128969.491173  0.5872310901965282
7319.1731  361472.69  129149.441152  0.587355784144667
7322.1113  362090.97  129492.527736  0.5868809511998756
7325.0177  363008.34  130081.712307  0.5858702712860882
7327.7096  363582.88  130655.041165  0.5844536695615327
7330.5978  363831.53  131253.468899  0.5824989573676255
7333.6712  364127.31  132010.024018  0.5800166977239366
7336.4156  365954.19  133358.709507  0.5774211622523588
7339.2995  366482.22  134322.484193  0.5745243291833544
7342.4034  366602.38  135263.393084  0.5711780596848531
7345.3151  367317.62  136353.403893  0.5681213024765097
7348.2866  367739.03  137267.530497  0.5653371315698628
7351.3295  369123.53  138437.765444  0.562957308077658
7354.375   369536.16  139080.111325  0.5611907735876523
7357.4117  370156.88  139750.563716  0.5596160182928974
7360.497   370775.72  140490.109532  0.5578014371459666
7363.5965  371269.69  141254.782202  0.5557407627597636
7366.7103  371863.75  142067.546452  0.5536590428143824
7369.873   372499.94  142873.42333   0.5516736425301375
7372.9923  370256.25  142496.39106   0.5499638767320031
7376.126   373437.62  144012.46753   0.5489440120216916
7379.4708  374052.16  144571.641401  0.547821806724706
7382.5638  374261.75  144846.921205  0.5471467139905487
7385.671   363252.47  140764.297426  0.5465095676511683
7389.1177  376617.31  145974.764234  0.5464012011143904
7392.254   376942.25  146240.328307  0.5459207446179275
7395.5907  377380.25  146633.000496  0.5451560774643383
7398.919   377900.41  147151.751186  0.5440725579777849
7402.0639  378453.62  147812.591696  0.5425545059831802
7405.5498  378946.97  148673.547282  0.5402884864684852
7408.7473  379532.38  149616.579658  0.5378844937779079
7412.2865  380038.91  150726.704384  0.5348369716667428
7415.6187  380720.53  151880.920934  0.5319011761400817
7419.0125  381177.25  153026.218589  0.5287254441036635
7422.4095  381666.06  154011.608247  0.5261414474740469
7425.9271  382145.97  154865.093906  0.5239937438550278
7429.3308  381762.97  155279.656797  0.5221446669012302
7432.8317  383357.03  156330.312751  0.5208486345205172
7436.3831  348599.22  141979.047736  0.5214762842017959
7439.7731  382051.5   156640.875227  0.5181344712934474
7443.4493  383834.84  157859.779252  0.5165779548116911
7446.9286  384549.31  158490.764772  0.5155068192080998
7450.553   385208.84  159107.826868  0.5144142004314297
7454.193   385779.47  159626.984247  0.5135201865714858
7457.6709  386364.16  160133.204086  0.5126893345450704
7461.401   386958.97  160647.516559  0.5118501729438732
7464.9808  387539.84  161182.905056  0.5109311096340321
7468.7422  388015.81  161783.374544  0.5096781140157266
7472.3293  388635.84  162482.920431  0.5083109723816913
7476.0152  389020.97  163192.547983  0.5066171668096586
7479.6095  389703.19  164033.251135  0.5049138897249236
7483.6128  390137.47  164930.031788  0.5027316651470093
7487.2267  390578.84  165940.873954  0.5002269565678257
7491.0472  390942.31  166940.795958  0.497672953891646
7494.8121  391504.84  168039.795287  0.4950957175966053
7498.509   391929.44  168996.876683  0.49278419661198924
7502.5692  392494.12  169960.013762  0.49064984766900294
7506.2501  392868.88  170738.237279  0.48883197689805225
7510.1629  393326.72  171468.516945  0.48727097867852687
7514.0679  393786.62  172191.873557  0.4857412771789099
7517.8207  394067.62  172845.295531  0.48419494144047015
7521.9388  394610.69  173639.797452  0.4825808564932161
7525.8082  394922.81  174341.37424   0.4809503133570545
7529.6456  395401.03  175118.99875   0.47932046435887865
7533.6442  395801.31  175861.702151  0.47770063011178715
7537.6835  396149.66  176598.470824  0.47604022380338723
7541.5698  396333.09  177183.311362  0.47461004105399524
7545.7513  395706.59  177484.216225  0.47296079130836105
7549.7434  364256.16  164131.189889  0.47064698167118907
7553.5818  398842.81  179841.218     0.4702957511593043
7557.8501  399379.5   180643.313379  0.46873373687699255
7561.9286  399600.28  181267.483084  0.46727671902441625
7565.8652  399899.12  181870.700048  0.4659816524065872
7570.209   400320.03  182698.998594  0.4642251729060531
7574.3257  400728     183545.343941  0.4624127747860486
7578.4593  401116.06  184410.763879  0.4605335529822097
7582.4629  401530.19  185277.235495  0.45869474227914736
7586.9     401801.34  186146.779084  0.45667913678229793
7591.0724  402150.59  187023.373395  0.45475301013750785
7595.2004  402536.91  187865.032828  0.45297740653809754
7599.5177  403053.28  188762.749269  0.4512243625369545
7603.8154  403449.69  189676.531574  0.4492897251135652
7608.1551  403752.19  190523.376566  0.44742598567958936
7612.29    404234.75  191391.265573  0.44574069591341203
7616.5903  404634.38  192276.22191   0.4439173021902487
7621.0319  404951.06  193094.232356  0.44217540971962205
7625.454   405278.81  193901.294822  0.4404843756801254
7629.7573  403380.62  193644.420396  0.43878975524560515
7634.103   406016.47  195564.610884  0.43710264964409956
7638.5657  405550.41  195934.845194  0.43557357186871487
7643.1085  403034.38  195487.142203  0.4335938907045726
7647.6819  407117.44  197997.501948  0.4322458580770795
7652.1861  407432.53  198802.88942   0.43059311750452295
7656.7082  407800.69  199640.360459  0.4289329526383356
7661.1733  408156.94  200431.859738  0.42738190880950294
7665.9195  408571.19  201354.438517  0.4255821812821934
7670.5338  408854.53  202259.045726  0.4236761595847719
7675.2543  409369.94  203242.735483  0.42186943028638885
7679.8676  409507.38  204036.456275  0.4200777407173877
7684.6     409949.88  204991.23627   0.41827269144190776
7689.2502  410260.44  205901.06317   0.41642603392117616
7693.9694  410693.03  206879.936854  0.4145704833457925
7698.8083  407883.72  206199.874672  0.41277413095690346
7703.6156  411286.44  208683.84557   0.41092979227329574
7708.4798  411590.22  209637.890783  0.4090068345317578
7713.2742  411934.03  210568.967317  0.4071977662769131
7718.1637  412427.94  211560.110732  0.4054384448235387
7722.9579  412580.88  212374.284147  0.4036928905050451
7727.8347  412873.84  213300.513768  0.4018609558270608
7732.5775  413054.88  214138.798412  0.40010851542551934
7737.5818  413277     215016.123926  0.3983223488065397
7742.5161  413632.12  215946.497394  0.3965825940914076
7747.5722  413908.31  216813.920373  0.39490191684246734
7752.5197  414321.56  217732.389437  0.3932775505555543
7757.5764  414642.88  218690.924567  0.39145796455100834
7762.5372  414763.22  219531.48529   0.3896742978485628
7767.6332  415048.59  220490.091576  0.3878286362715226
7772.6331  415498.06  221523.749556  0.38602049857030435
7777.7041  415753.56  222487.466765  0.3841462011458285
7782.7174  415908.09  223359.215735  0.38236612083822996
7787.8021  416133.69  224298.00089   0.3805291913598489
7792.8288  416358.31  225224.842143  0.37872641564827564
7797.9272  416653.03  226190.732643  0.3769298016980034
7803.0195  416879.75  227105.671166  0.3751729047084468
7808.1707  417193.53  228108.63958   0.37333484850798127
7813.3029  417389.38  229032.659457  0.37153749011563036
7818.4682  417525.25  229989.719823  0.3696036876749096
7823.6536  417789.16  230939.830683  0.3678478570454613
7828.8461  418077.16  231901.96989   0.3661032332800974
7834.0982  418265.16  232857.173298  0.3642617667327054
7839.3445  418453.22  233797.405881  0.36246094266452966
7844.6637  418616.31  234694.68636   0.36073019669623024
7849.951   418646.47  235585.000997  0.35886191013495683
7855.2851  418978.69  236620.359808  0.357055145625554
7860.6927  418869.91  237402.768625  0.3552640546274709
7866.0156  419648.19  238671.20355   0.3535174238884852
7871.4385  418723.53  238962.68719   0.351793951314845
7876.7896  420798.91  241023.220896  0.3499621926855679
7882.2412  420610.31  241835.778743  0.3480437921338306
7887.5942  420576.78  242628.390322  0.3463578132539996
7893.1012  420654.28  243541.029834  0.3445620191976352
7898.4962  420821.84  244522.715668  0.34273887697500954
7904.0189  421015.41  245551.454606  0.34085844293932865
7909.3892  421114.06  246428.217297  0.33918347978223895
7914.9679  421345.72  247454.016874  0.3373706289609545
7920.367   421607.44  248435.860139  0.3356911237053508
7925.9482  421833.19  249466.750437  0.3338774882018369
7931.3762  421911     250430.671395  0.3320304484008055
7936.987   422121.81  251400.622346  0.3303372866685696
7942.4576  422301.69  252384.627582  0.3285866369501683
7948.1656  422437.62  253353.653081  0.32682095253370036
7953.7469  418064.59  251442.733074  0.32539506541383467
7959.5394  422809.56  255397.842213  0.3232214421518873
7965.1778  422592.62  256149.982408  0.321484142081939
7970.9875  423491.69  257618.17367   0.3196782930345154
7976.6155  414639.81  253194.387981  0.31776555124370764
7982.4016  423563.97  259463.657195  0.3161736637319446
7988.0872  423691.16  260481.956416  0.31435445497779635
7993.8222  423840.41  261482.283809  0.31260363927012425
7999.4836  423864.66  262404.657404  0.31086121361834435
8005.2492  424049.97  263464.062126  0.3090543988095052
8011.1743  424291.34  264565.466723  0.3072422270394465
8017.0398  424478.72  265599.970074  0.3055013204519578
8023.0106  424529.16  266632.470719  0.3036094984715104
8028.7975  424410.59  267544.998078  0.3017504520387689
8034.6758  424581.09  268623.591678  0.2999287383400715
8040.411   424434.62  269451.183702  0.298207891431156
8046.4039  424702.22  270585.844956  0.2964112322126714
8052.3644  424749.81  271604.529659  0.29457748169918957
8058.3757  424880.47  272675.251541  0.29275315239461225
8064.2849  425124.16  273806.003016  0.29095999406277995
8070.2031  423373.88  273602.785256  0.28925827628204936
8076.0885  425237.62  275816.590753  0.2874141237087543
8082.0665  425336.41  276831.439348  0.28568360409064175
8084.0938  425436.22  277185.595737  0.2851585364354273
