# XDI/1.0 
# Spectrum.license:CC BY 4.0
# Publication.authors: Puri A.
# Publication.affiliation: CNR-IOM; ESRF
# Sample.reference:Fe foil
# Facility.name:ESRF
# Sample.temperature:300 K
# Sample.prep:powder, liquids
# Sample.formula:FeO
# Sample.name:Iron (II) Oxide
# Scan.number:scan1
# Sample.id:q2cv7k
# Scan.start_time:2008-08-25
# Element.symbol:Fe
# Facility.energy:6.03 GeV
# Facility.xray_source:Bending magnet (0.85 T)
# Beamline.name:BM08-GILDA
# Beamline.energy_range:4.9 - 32.0
# Beamline.scan_mode:Transmission
# Beamline.flux:1e10-1e11 ph/s
# Beamline.spot_size:1 mm x 2 mm
# Beamline.website:https://www.esrf.fr/UsersAndScience/Experiments/CRG/BM08
# Beamline.detector:Ionization chamber
# Mono.name:Si(111), Si(311)
# Element.edge:K
# Column.1:Energy
# Column.2:Mutrans
# Column.3:Murefer
# Energy   Mutrans                Murefer
6899.7379  0.44999850395503144    -1.2934118
6909.8206  0.4338086891144531     -1.2999195
6919.974   0.41903210972530597    -1.3054993
6930.0869  0.404458820525681      -1.3117695
6940.2161  0.3893554713619481     -1.3185647
6950.456   0.3744320225874212     -1.3253023
6960.7404  0.36037021556047016    -1.3320158
6971.0103  0.34622473113620883    -1.3386397
6981.3119  0.33148412151345524    -1.3452972
6991.6777  0.317128970987903      -1.3518996
7002.0523  0.3032775174920832     -1.3584807
7012.4499  0.2891053264185263     -1.3650551
7022.838   0.27470160897475693    -1.3622977
7033.2753  0.26099676707812675    -1.3543499
7043.7949  0.2471317024714691     -1.3463903
7054.3092  0.23393050604733345    -1.3386094
7064.8404  0.22168781023527168    -1.3314689
7075.4335  0.20910992363308048    -1.3240832
7086.1025  0.19733426765451734    -1.3173215
7090.4796  0.19118000045200917    -1.3137302
7091.5135  0.18990340886708326    -1.3129221
7092.5796  0.18908318476738545    -1.3124033
7093.6395  0.18825120561741845    -1.311945
7094.713   0.18726049891732663    -1.3114026
7095.7788  0.18693058415122146    -1.3112645
7096.825   0.18623887506016734    -1.3107908
7097.8681  0.18545015243290114    -1.3104085
7098.8982  0.18493119446071402    -1.3100563
7099.938   0.18423752619461503    -1.309749
7100.9928  0.18391696047433795    -1.3094119
7102.0192  0.18366756092827774    -1.3091561
7103.0873  0.18346806878862315    -1.309049
7104.1464  0.18348302038764966    -1.3090487
7105.1858  0.1840488954464372     -1.309465
7106.2134  0.18407618641109705    -1.3094219
7107.24    0.18520006545700063    -1.3100478
7108.2696  0.18714650586405915    -1.3112828
7109.26    0.19068735385695942    -1.313221
7109.7315  0.19242981664465544    -1.3142065
7110.0591  0.193223987153406      -1.3146535
7110.3907  0.19521425121278352    -1.3158718
7110.6721  0.19837144461181336    -1.317732
7110.9997  0.2020580621023489     -1.3198785
7111.3227  0.2078215254406475     -1.2973849
7111.6565  0.2142153791282456     -1.2673918
7111.9996  0.22220637293530066    -1.2269197
7112.3415  0.22776578991125276    -1.1900284
7112.684   0.23251507082041334    -1.1555959
7113.0293  0.23672191802834056    -1.1249124
7113.3719  0.24084752821489055    -1.0989386
7113.7159  0.24508957183064106    -1.0748655
7114.0526  0.2498138302936148     -1.0544522
7114.402   0.25398420934851423    -1.0340829
7114.718   0.25773285019639064    -1.0159347
7115.0467  0.2625627322543262     -1.0014676
7115.3473  0.27093287798979776    -0.98758586
7115.6478  0.28119299177094736    -0.97821554
7115.9525  0.29414219360137567    -0.97067538
7116.2511  0.3086806472938435     -0.96513665
7116.5719  0.32587637821973026    -0.95975545
7116.8934  0.347483518288271      -0.95234412
7117.1941  0.36817202867547516    -0.94372587
7117.4949  0.3907086598168292     -0.93152215
7117.8386  0.4152510050032215     -0.91545653
7118.1395  0.44122475097457475    -0.89557537
7118.4403  0.47132988154313654    -0.87023201
7118.7835  0.4984874160709754     -0.84579775
7119.1153  0.5310515691070141     -0.81561471
7119.4679  0.5593449611457239     -0.78703709
7119.8186  0.5889266482623906     -0.75431779
7120.1599  0.613449040797668      -0.72458113
7120.4972  0.6365320239903451     -0.69225055
7120.8204  0.6566963863100679     -0.66165234
7121.106   0.6726094247111962     -0.63427138
7121.4333  0.6899084419705878     -0.60354454
7121.7942  0.7093087775800571     -0.57146305
7122.1384  0.7306614826789574     -0.5398292
7122.4396  0.7500947805492689     -0.51340341
7122.7408  0.7714133547565984     -0.48847653
7123.0522  0.7889067771748265     -0.46984635
7123.3487  0.8119053096116229     -0.44827367
7123.6446  0.8349403102014471     -0.42843207
7123.9459  0.8580038391296437     -0.4086812
7124.2473  0.8797260721391964     -0.38998453
7124.5527  0.8979614547698044     -0.37200678
7124.8568  0.9119315414703134     -0.35628965
7125.1515  0.9220242317138584     -0.34241568
7125.4913  0.9309367939648173     -0.3273474
7125.8406  0.939832359512975      -0.31264168
7126.1845  0.9468862317759894     -0.29828418
7126.5298  0.9557908885837849     -0.28294674
7126.8724  0.9630286827005712     -0.26753652
7127.2185  0.9725873087011885     -0.24973455
7127.5228  0.9808642045788235     -0.23411025
7127.8231  0.988118926655427      -0.21771304
7128.1241  0.9928491829437575     -0.2031081
7128.4608  0.9967475116393588     -0.18644215
7128.7996  1                      -0.16813221
7129.1506  0.9992821513892686     -0.14680085
7129.4847  0.9965671644207565     -0.1290835
7129.8115  0.9908419393673245     -0.11029139
7130.108   0.9844026121957906     -0.09518105
7130.4092  0.973819492318431      -0.080329857
7130.7536  0.9607688086578287     -0.066977797
7131.0562  0.9464580660999597     -0.057164411
7131.3582  0.9321600753656281     -0.051932843
7131.6615  0.9210803389858909     -0.051388554
7131.9588  0.9087202473428523     -0.055036955
7132.2642  0.8968461342254124     -0.062692252
7132.5663  0.8837548750184865     -0.075611945
7132.8684  0.8731990632915325     -0.090612404
7133.1706  0.8632521081741308     -0.1088748
7133.4727  0.8558052666429098     -0.12573021
7133.7749  0.8501395730136476     -0.14189762
7134.0785  0.8448838969126313     -0.15682531
7134.4104  0.8410828051679401     -0.17000655
7134.7248  0.8358321644905041     -0.18417443
7135.0696  0.8317699353352296     -0.1941691
7135.3726  0.827433267001962      -0.20379258
7135.6797  0.8229511728859794     -0.21165016
7136.0206  0.8189962515287754     -0.21728816
7136.3587  0.8152417331557644     -0.22247692
7136.6781  0.819513783084044      -0.22583209
7136.9711  0.8100788944546804     -0.22755244
7137.2594  0.8074172864132676     -0.22824652
7137.5761  0.8050133614474907     -0.22803348
7137.8786  0.8031033032647299     -0.22700079
7138.2244  0.801397858573934      -0.22522641
7138.527   0.8012156209232709     -0.22220895
7138.8729  0.8013376569056698     -0.21848968
7139.2067  0.8023499489027471     -0.21368
7140.473   0.8134865185445309     -0.19435399
7141.468   0.8280682287596994     -0.18380217
7142.5066  0.8389738735323812     -0.18385924
7143.5456  0.8404343869710789     -0.18996308
7144.5848  0.8310582564073148     -0.19530798
7145.5864  0.8204784361931885     -0.19462328
7146.6209  0.8095625487158864     -0.18642739
7147.6373  0.7983475261435785     -0.17085457
7148.7015  0.7900554208807268     -0.14992037
7149.6989  0.7836978806744425     -0.13189801
7150.7251  0.7776460577038846     -0.11844953
7151.7706  0.7737852970490556     -0.11108488
7152.8231  0.771057317656562      -0.10629898
7153.8319  0.7683739180892118     -0.10418907
7154.8641  0.7669465903260545     -0.10564251
7155.9068  0.7675406843797863     -0.11000507
7156.9497  0.7678796904055294     -0.11581295
7157.9856  0.767864996592693      -0.12082972
7158.9932  0.7703753700692402     -0.12395146
7160.0371  0.7730286773953314     -0.12515746
7161.0813  0.7771728138160774     -0.12665911
7162.1225  0.7800116928275571     -0.12944647
7163.1687  0.7828899443831399     -0.13361637
7164.2159  0.7870300937108122     -0.1384155
7165.2526  0.7943571162208691     -0.14329779
7166.3072  0.8032823099951436     -0.14769744
7167.3534  0.8150884706728699     -0.15116062
7168.3978  0.8261411910598834     -0.15449189
7169.4466  0.836187032959812      -0.15815679
7170.4937  0.8402398443262745     -0.16305095
7171.539   0.8451028948740044     -0.16958137
7172.6107  0.8474702313865314     -0.17835489
7173.6806  0.8479486481838872     -0.18890263
7174.7276  0.848035814287637      -0.20116878
7175.7339  0.8463401998435571     -0.21502432
7176.7829  0.8438727563605367     -0.23079939
7177.8323  0.8386632068018044     -0.24448754
7178.8423  0.8325525913941552     -0.25427228
7179.8867  0.8256692361030267     -0.26072579
7180.9726  0.8202370108332758     -0.26353061
7182.0348  0.8139126219310397     -0.26387486
7183.0878  0.8087369626634342     -0.26199901
7184.126   0.8021619196556795     -0.25840489
7185.1461  0.7956496218065979     -0.25180926
7186.1932  0.7908056818084284     -0.24223512
7187.2488  0.7871569073306012     -0.23168011
7188.2992  0.7829331837200946     -0.22033169
7189.3555  0.7793606108400646     -0.20893334
7190.4457  0.774751926518991      -0.19776422
7191.5026  0.7706719616738369     -0.18532646
7192.5557  0.7642370340532809     -0.17318535
7193.6105  0.7600819674980741     -0.16296871
7194.665   0.7585647926547898     -0.15814236
7195.7184  0.7577283280251149     -0.15999754
7196.7749  0.7576711510481482     -0.16636007
7197.8268  0.7585815143856551     -0.17620995
7198.886   0.7579449371677929     -0.18735148
7199.9421  0.7585078047210292     -0.20006245
7200.9971  0.7602237499026356     -0.21493137
7202.0118  0.7618003702413597     -0.23148529
7203.0544  0.7632873841004009     -0.25005425
7204.1255  0.7641453824698231     -0.26830977
7205.1832  0.7630474882718828     -0.28341279
7206.2411  0.7625768222459766     -0.29558382
7207.2995  0.7619558153139971     -0.30283
7208.3581  0.7614235212029082     -0.30484205
7209.4171  0.7588921811162319     -0.30035357
7210.4763  0.7579675192380467     -0.28778696
7211.5359  0.7572206610880546     -0.26393338
7212.5772  0.7576254025922763     -0.23204427
7213.6768  0.7571560426830667     -0.19879228
7214.7747  0.7575972179688241     -0.16262467
7215.7949  0.7576149021014656     -0.13202634
7216.8388  0.7596939477247178     -0.1042251
7217.9004  0.7608465957094379     -0.078405309
7218.9622  0.7616939732878275     -0.05718506
7219.9809  0.7616830947106048     -0.042743624
7220.9984  0.7623835857178688     -0.036870409
7222.0356  0.7594680410934498     -0.040222184
7223.1341  0.7586828071726232     -0.051839555
7224.208   0.7573732876983469     -0.068752016
7225.296   0.7547656085279055     -0.089803819
7226.3602  0.7528157653431375     -0.11281455
7227.4101  0.749426392515547      -0.13922459
7228.4471  0.745487522645114      -0.16774102
7229.481   0.7413292939126419     -0.19919933
7230.5312  0.7374831755134111     -0.22811041
7231.5969  0.7334777452486912     -0.25361918
7232.663   0.7292046298041593     -0.27683084
7233.7523  0.7252637492014435     -0.29750524
7234.8621  0.7196599930007922     -0.31473711
7235.9521  0.7152824741492649     -0.3296576
7237.0195  0.7124693737567964     -0.34052099
7238.0866  0.7112461954704616     -0.34813017
7239.1553  0.7115228687954356     -0.35143156
7240.2237  0.7116946918840181     -0.35099856
7241.2925  0.7126704297993376     -0.34803295
7242.4061  0.715734631126721      -0.34281789
7243.52    0.7184349586538886     -0.3359795
7244.5898  0.721104798667639      -0.32803994
7245.6598  0.7216626995402791     -0.31954122
7246.7302  0.722697418935896      -0.3109382
7247.8107  0.7233347523265825     -0.3034653
7248.872   0.7225972088509265     -0.2995015
7251.5148  0.7229825648336518     -0.29992301
7253.5638  0.7196348846258752     -0.3075497
7255.5756  0.7175809473775401     -0.31778649
7257.6326  0.7154883422006881     -0.32248278
7259.7049  0.7115487161574309     -0.31873831
7261.7503  0.7096776868038531     -0.31121469
7263.8558  0.7006519736011811     -0.30321751
7265.964   0.7112118411641927     -0.29521505
7268.0699  0.7117437743746154     -0.28835176
7270.182   0.71087360849702       -0.27764896
7272.2434  0.7096188599952695     -0.26208144
7274.3166  0.7064296323656818     -0.24622846
7276.4304  0.7012474253288474     -0.23789706
7278.5455  0.6966887687144016     -0.23314924
7280.6175  0.6920946579059423     -0.22672318
7282.6893  0.6866465873783725     -0.21649013
7284.7785  0.6785775874701897     -0.2048609
7286.838   0.6731658647954256     -0.19625618
7288.9142  0.6673455853808263     -0.19307802
7290.9465  0.660681554580245      -0.20002259
7293.0392  0.654096543839806      -0.22248817
7295.105   0.6508117462766708     -0.25016987
7297.1861  0.6478906162847994     -0.27715458
7299.2684  0.6462213991465872     -0.30304314
7301.352   0.6470173913444145     -0.3284353
7303.4354  0.646801693046275      -0.34733623
7305.5441  0.6475442203882731     -0.36110686
7307.6506  0.6478510203259982     -0.37044111
7309.7441  0.6485877045143539     -0.37652095
7311.8793  0.6479755482415682     -0.37843624
7314.0301  0.647652249987676      -0.37845817
7316.148   0.6465070949882151     -0.37902345
7318.2473  0.6452511434842442     -0.38095076
7320.345   0.6420590458350732     -0.38315017
7322.4817  0.6400817570139313     -0.38484032
7324.6269  0.6389343506817435     -0.38628511
7326.7711  0.6348779474943655     -0.38763595
7328.9167  0.631191295632338      -0.3891003
7330.9723  0.6279400790169014     -0.39261342
7333.1204  0.625583552338613      -0.39824621
7335.2684  0.6233447136489836     -0.40493989
7337.3749  0.6195620965812504     -0.41123276
7339.5269  0.6161275939846443     -0.41359526
7341.6946  0.6128048159228326     -0.41150926
7343.7891  0.610039938733661      -0.40518088
7345.8992  0.6062429200107736     -0.39367339
7348.0428  0.6030601370359386     -0.37842589
7350.1648  0.5999481937061465     -0.3652251
7352.3289  0.5977545363427706     -0.35363802
7354.4441  0.5944837967198696     -0.34243226
7356.6102  0.5924351870527969     -0.33102196
7358.7697  0.5901167783591529     -0.32190313
7360.8952  0.5871431459132288     -0.31446886
7363.0097  0.5836833630842456     -0.30895847
7365.1313  0.5805737054586725     -0.30566399
7367.2541  0.5777558102430678     -0.30662818
7369.4245  0.5749461985570389     -0.31157466
7371.5939  0.5720141384307066     -0.32064599
7373.7604  0.5691667352892072     -0.33637815
7375.9434  0.5672418114361502     -0.35922661
7378.119   0.5650166182288506     -0.38336717
7380.2496  0.5624489990323526     -0.4075957
7382.4083  0.5606262100678178     -0.43236444
7384.5611  0.5588638290004991     -0.45346914
7386.721   0.5567881174119725     -0.46403397
7388.8314  0.5547445775399719     -0.46812293
7390.9684  0.5530200738568536     -0.4678636
7393.106   0.5510138442394352     -0.46449089
7395.2464  0.5491943549381338     -0.46077908
7397.4099  0.546848466236624      -0.45833057
7399.5295  0.5443384021035049     -0.45776997
7401.6279  0.5424502729326497     -0.45872425
7403.7719  0.5397114493344254     -0.46046208
7405.9194  0.5370569905633517     -0.46152188
7408.0645  0.5348026159593315     -0.46215763
7410.2562  0.5319307403155176     -0.46231098
7412.4099  0.5283942403163572     -0.46253781
7414.6079  0.524577234570863      -0.46311036
7416.7839  0.5212429764307185     -0.46430328
7418.9136  0.51793688572828       -0.46607855
7421.0695  0.5140704881487606     -0.46980195
7423.2494  0.5107058112381827     -0.47488646
7425.3837  0.5079814236666046     -0.48028421
7427.5377  0.505532386117558      -0.48474179
7429.7032  0.5021916317654226     -0.48747474
7431.8641  0.4991152801156119     -0.48825176
7434.0279  0.49725012828716864    -0.48795892
7436.1951  0.49511784122278546    -0.4870003
7438.3968  0.49208797701592494    -0.48470156
7440.5718  0.48960441330314936    -0.47958665
7442.7408  0.4870859797117247     -0.47386606
7444.9096  0.48445087209065535    -0.46827425
7447.0982  0.48212347525184956    -0.46282814
7449.2527  0.4792307876696205     -0.45838597
7451.4292  0.4753700098290455     -0.45632728
7453.601   0.47204480857704667    -0.4562953
7455.8038  0.47311273083395       -0.45677574
7457.9199  0.46999901737231914    -0.45830694
7460.0898  0.46530086405753074    -0.46102183
7462.3054  0.464711616384173      -0.46410122
7464.5424  0.46293103561183246    -0.46802059
7466.7697  0.4605571341443306     -0.47392736
7468.9894  0.4568668904613874     -0.48256325
7471.1898  0.454189969920282      -0.49030334
7473.4241  0.45148907526349613    -0.49765609
7475.6599  0.4490924026825343     -0.50469745
7477.8494  0.445855742393966      -0.51119912
7480.0492  0.4428835191792144     -0.51667071
7482.2794  0.4399567350769066     -0.52166458
7484.4737  0.4373156640019727     -0.52730171
7486.6723  0.43442493559478845    -0.53406449
7488.9126  0.43060365059853845    -0.5410831
7491.158   0.42736970565783944    -0.54716424
7493.4048  0.4249837741681322     -0.55177935
7495.6058  0.4215413489426167     -0.5554239
7497.9025  0.4176968116320186     -0.5573951
7502.6441  0.41158076552863104    -0.55710089
7505.6964  0.4077231842368133     -0.55624076
7508.7648  0.40344023854556504    -0.55655317
7511.862   0.4002026674124584     -0.55806151
7514.901   0.39615183240678686    -0.56072948
7517.9787  0.39229926935280335    -0.56417884
7521.0975  0.38895143447331276    -0.56678594
7524.139   0.3854210697854771     -0.5687373
7527.2215  0.38174345762584944    -0.56998639
7530.3157  0.3781340213206334     -0.57052087
7533.4103  0.3747892111324402     -0.57120674
7536.506   0.3709828605494707     -0.57327613
7539.6074  0.36758059841237456    -0.5761097
7542.7053  0.3642801446346266     -0.57914128
7545.8271  0.3605892307075892     -0.58237245
7548.9638  0.35680642459664996    -0.584865
7552.0728  0.3535179664696152     -0.58626828
7555.1357  0.3498849513208769     -0.58606777
7558.2508  0.346204314469952      -0.5845682
7561.4156  0.3427121193239988     -0.58330446
7564.5352  0.3391932519002421     -0.58309103
7567.6575  0.3353663643507937     -0.58476981
7570.8313  0.33205477420963286    -0.58811242
7573.9567  0.3286375776592563     -0.59371662
7577.0948  0.3244762898639948     -0.60089038
7580.3204  0.32076078313442075    -0.607884
7583.4547  0.31628260736852776    -0.61517569
7586.6438  0.3124650001219234     -0.62143269
7589.8303  0.3089415097324907     -0.62552303
7592.9589  0.30476018335738453    -0.62868614
7596.0756  0.3010908719130785     -0.63074379
7599.2742  0.29731536974419237    -0.63241972
7602.4262  0.2915733026596731     -0.63447336
7605.5841  0.28946223999160914    -0.63719737
7608.7879  0.2857495689101263     -0.64090853
7611.9945  0.2821552045041588     -0.64498672
7615.2101  0.2781946290365185     -0.64936029
7618.4261  0.27462528707673783    -0.65205408
7621.6435  0.270938016527854      -0.65347003
7624.914   0.2660168094156348     -0.65448577
7628.0998  0.2629017039085773     -0.65584621
7631.2643  0.25903980899451173    -0.65789643
7634.4447  0.2546750075950299     -0.66166164
7637.6761  0.25128171641734964    -0.66573962
7640.8722  0.2479930348756168     -0.67007856
7644.099   0.2440628266211716     -0.67491355
7647.3404  0.24105774426005377    -0.67879897
7650.5839  0.2373811632451866     -0.681786
7653.7803  0.2334265684171568     -0.68467704
7657.0294  0.22973635910570575    -0.68694641
7660.2806  0.22613403769933677    -0.68869733
7663.4861  0.22236078686317765    -0.6903052
7666.7438  0.21858703764038434    -0.69129966
7669.9683  0.21494977761238224    -0.69213793
7673.2018  0.21167396819440892    -0.69297457
7676.3895  0.20757592394445493    -0.69376718
7679.6523  0.20459316586740078    -0.69476653
7682.8739  0.20053289588717116    -0.69617662
7686.0982  0.1964774207300776     -0.69829958
7689.3758  0.19339424633910188    -0.70105005
7692.5877  0.18917490509382723    -0.70448467
7695.8884  0.18546579146176795    -0.70839127
7699.1755  0.18230617487255105    -0.71186205
7702.414   0.17867460160790283    -0.7150884
7705.6887  0.17495982870968327    -0.71862284
7708.9503  0.17202920015599357    -0.7216886
7712.2196  0.16865675528822036    -0.72519528
7715.4893  0.16475057958099196    -0.72917271
7718.7509  0.16142468230627996    -0.73278038
7722.0296  0.1576526671252588     -0.7362218
7725.2649  0.1536958106530544     -0.73941011
7728.5772  0.1512671708659441     -0.74175529
7731.8415  0.14804072406622804    -0.74397014
7735.1085  0.14445095512874292    -0.74645482
7738.4256  0.14078527846971747    -0.74869511
7741.7024  0.13783759306311535    -0.75117381
7744.9781  0.13386178930593778    -0.75409345
7748.2575  0.13071327470864175    -0.75671583
7751.5397  0.1275865035171943     -0.75883642
7754.7711  0.12423766670871152    -0.76116623
7758.0582  0.12064198071887607    -0.76362705
7761.3852  0.11747765867240237    -0.76651445
7764.6412  0.11482622631120058    -0.76974803
7767.9885  0.11129183500307531    -0.77322543
7771.3388  0.10827476902126645    -0.77627182
7774.6285  0.10451086723093542    -0.77956531
7777.9451  0.10124932541929751    -0.78271231
7781.3044  0.09835078780912752    -0.78522521
7784.5687  0.09525589789509853    -0.78779606
7787.8764  0.09190882090700693    -0.79056181
7791.1935  0.08908039426624896    -0.79298229
7794.5119  0.08644162779985468    -0.79539247
7797.9378  0.08384500250124527    -0.79779259
7801.3149  0.08035562581763732    -0.79989159
7804.6431  0.07679028469952721    -0.8019126
7808.0262  0.07287285232866395    -0.80400824
7811.4123  0.06985172191792437    -0.80592555
7814.7706  0.06725210458093507    -0.80794884
7818.1285  0.06382633749902451    -0.81038039
7821.4853  0.06264772013351254    -0.81276336
7824.8828  0.0590788129731059     -0.81507168
7828.2391  0.05570537476921346    -0.81748467
7831.6532  0.05301424333473445    -0.81975179
7835.0172  0.04996472722731434    -0.82195373
7838.3833  0.0454420953736493     -0.8245494
7841.8156  0.04240090919731901    -0.82703811
7845.2346  0.03922787054047032    -0.82944216
7848.5983  0.035910976878091604   -0.83225621
7852.021   0.034845477811375314   -0.83489782
7855.4574  0.03163284835144924    -0.83723607
7858.8755  0.030353656563152438   -0.84016181
7862.3603  0.026303423574163532   -0.84315652
7865.8308  0.02261272412523632    -0.84597256
7869.1806  0.0206265695214441     -0.84901655
7872.6748  0.018511896471858923   -0.85199136
7876.1192  0.015469925594365936   -0.85471233
7879.5136  0.011074575568954139   -0.85773545
7882.9642  0.008318852745479818   -0.86045445
7886.4711  0.004820788736008088   -0.86313192
7889.8947  0.0026315647795298646  -0.86574212
7893.4412  0.0025901952517407155  -0.86860908
7896.9578  0                      -0.87107159
