# XDI/1.0 
# Spectrum.license:CC BY 4.0
# Publication.authors: Bruce Ravel
# Publication.affiliation: Brookhaven National Laboratory, NSLS-II
# Facility.name:NSLS-II
# Sample.temperature:rt
# Sample.prep:powder on tape
# Sample.formula:FeO
# Sample.smiles:[Fe+2].[O-2]
# Publication.DOI: https://doi.org/10.18434/mds2-4032
# Sample.name:Wustite
# Scan.number:scan1
# Sample.id:6cn8xf
# Scan.start_time:2023-05-05
# Element.symbol:Fe
# Facility.energy:3.0 GeV
# Beamline.flux:Si(111): 2x10^12 at 10 keV; 6x10^10 at 20 keV; Si(311): 4x10^11 at 10 keV; 1x10^10 at 20 keV
# Beamline.name:Beamline for Materials Measurement (BMM)
# Beamline.energy_range:4.0 - 23
# Beamline.scan_mode:Transmission
# Beamline.energy_resolution:Si(111): 1.3 x 10^-4; Si(311):1.9 x 10^-5 
# Beamline.spot_size:300 µm
# Beamline.detector:Ionization chamber
# Beamline.website:https://www.bnl.gov/nsls2/beamlines/beamline.php?r=6-BM
# Mono.name:Si(111) and Si(311)
# Element.edge:K
# Column.1:Energy
# Column.2:I0
# Column.3:Itrans
# Column.4:Irefer
# Column.5:Mutrans
# Energy  I0          Itrans     Irefer    Mutrans
6912.034  153.942949  14.173407  2.661995  0.05122634659890191
6922.003  153.795135  14.333767  2.712119  0.048077716402579226
6932.011  153.740978  14.515694  2.765716  0.04473519741591625
6942.019  153.821208  14.701177  2.820404  0.04159584912976935
6952.018  153.835941  14.890179  2.876838  0.038327069762836945
6962.022  153.821941  15.077064  2.932579  0.0350876831114613
6972.003  153.851684  15.265644  2.990062  0.031932607144183174
6982.006  153.815109  15.450108  3.046435  0.028774437206846335
6992.012  153.831502  15.637829  3.104665  0.025688202073372513
7002.011  153.794147  15.822162  3.162531  0.022604029586604384
7012.014  153.780528  16.008688  3.220418  0.019559563048921938
7022.012  153.735293  16.19124   3.278733  0.0165602169079276
7032.008  153.682964  16.37139   3.336973  0.013619398367208884
7041.88   153.647662  16.54465   3.392925  0.010845912040493922
7052.007  153.518547  16.714911  3.448182  0.007989404183872603
7061.998  152.77342   16.804846  3.485644  0.005351536878060451
7072.007  153.358002  17.026053  3.548883  0.002964281146996661
7082.001  153.259524  17.140484  3.586091  0.0010718027944738055
7083.995  153.097529  17.145735  3.588898  0.0007201215311439143
7085.995  153.212176  17.178193  3.595957  0.0004254208830603467
7087.985  153.199022  17.190647  3.598998  0.0002163200732652198
7089.99   153.204276  17.19941   3.601212  9.38504251115513e-05
7091.991  153.188868  17.203951  3.599864  0
7093.993  153.167458  17.196386  3.597208  7.734925146555923e-05
7095.99   153.129526  17.182726  3.589032  0.00021838271997102606
7097.993  153.136778  17.161498  3.578678  0.0005491796854051727
7099.99   153.125626  17.124107  3.5599    0.0010926870923694356
7101.993  153.098475  17.059048  3.532125  0.0020286130351021754
7102.286  153.100211  17.054479  3.528916  0.002100547838965079
7102.583  153.086567  17.040941  3.523233  0.0022823185799090173
7102.88   153.09538   17.030307  3.517512  0.00245815921157402
7103.182  153.079343  17.006721  3.508917  0.002788440515331658
7103.479  153.055956  16.987801  3.501708  0.0030359581200213102
7103.785  153.046135  16.973817  3.493687  0.00323165172622904
7104.082  153.048144  16.964445  3.488423  0.0033775839806606534
7104.384  153.045672  16.946399  3.479237  0.0036477906991134873
7104.686  153.033232  16.926461  3.470555  0.003930373297800815
7104.985  153.031394  16.90821   3.460751  0.004205478802179796
7105.287  153.03037   16.885528  3.450174  0.00454968297120134
7105.593  153.03217   16.864469  3.439277  0.004874549827356551
7105.89   153.032823  16.842027  3.426089  0.005219011827216236
7106.188  153.009787  16.81146   3.412942  0.00564855800368808
7106.49   153.001944  16.784274  3.397523  0.006052578927176287
7106.792  152.996099  16.752692  3.381497  0.006528276823689145
7107.089  152.991121  16.713404  3.363492  0.007125413045002882
7107.389  152.988396  16.676299  3.34312   0.007693930043274387
7107.685  152.969552  16.637795  3.320856  0.00825806391729614
7107.993  152.967064  16.594691  3.295281  0.008922751818223143
7108.293  152.950526  16.546995  3.265629  0.009636943240088007
7108.591  152.945941  16.494958  3.232907  0.01044137545532932
7108.893  152.928982  16.433031  3.193157  0.011382458014826347
7109.197  152.916982  16.357331  3.144234  0.01255275218949948
7109.499  152.896814  16.27175   3.083512  0.013871299096148289
7109.797  152.899051  16.161535  3.005305  0.01562738493525357
7110.097  152.888774  16.013605  2.898819  0.01798086482651084
7110.397  152.874095  15.819249  2.751918  0.0211044854315264
7110.697  152.835136  15.544116  2.551357  0.025562638455160134
7110.997  152.819212  15.195627  2.304391  0.0313818804737487
7111.295  152.792123  14.792922  2.03103   0.03826106506825298
7111.591  152.748104  14.40072   1.765159  0.04511498224061187
7111.896  152.707854  14.073589  1.541084  0.05097160973074217
7112.194  152.693926  13.829523  1.375241  0.05545863980825639
7112.494  152.675867  13.628342  1.252743  0.05920646887259862
7112.792  152.642252  13.450565  1.160345  0.06253506499399769
7113.092  152.635579  13.274993  1.083175  0.0659113598204673
7113.403  152.619091  13.092782  1.014274  0.0694469941049558
7113.701  152.587816  12.931319  0.954089  0.07259356165457269
7113.998  152.582827  12.799535  0.900695  0.07522627234362043
7114.3    152.561085  12.662705  0.855654  0.07796056838292623
7114.603  152.55811   12.475546  0.812782  0.08179477077807167
7114.905  152.544419  12.216008  0.773938  0.08719220154533498
7115.199  152.558539  11.893865  0.73764   0.09410645113383694
7115.498  152.55915   11.516406  0.703722  0.10242252698973218
7115.798  152.549563  11.062688  0.668367  0.1127697941891117
7116.092  152.527687  10.535611  0.630833  0.12531919457771445
7116.404  152.505386  9.926609   0.588346  0.14063331504453264
7116.7    152.479381  9.272675   0.541565  0.15815988193410266
7116.998  152.484426  8.585819   0.490478  0.17801105166104947
7117.297  152.486793  7.882262   0.435821  0.20005868229877857
7117.602  152.474959  7.168025   0.378892  0.22452863366156928
7117.903  152.451383  6.463355   0.322689  0.25116952068215853
7118.203  152.451388  5.771571   0.269239  0.28035700289183074
7118.498  152.439051  5.123395   0.222111  0.3110509906892128
7118.798  152.406856  4.525147   0.181473  0.34301067007140884
7119.104  152.406508  3.998879   0.148172  0.37488707009286043
7119.4    152.370511  3.556561   0.121743  0.4050491528709981
7119.699  152.362838  3.193226   0.100914  0.43282062811717487
7120.002  152.356004  2.881122   0.083627  0.45932744310189066
7120.296  152.329282  2.616483   0.069565  0.4841238083058657
7120.597  152.312557  2.388717   0.058106  0.5075773905043998
7120.896  152.308836  2.19039    0.048851  0.529919206128536
7121.201  152.31826   2.009735   0.041447  0.5521282388709898
7121.502  152.274304  1.842006   0.03518   0.574523167647799
7121.799  152.280531  1.684024   0.03021   0.5976531721443689
7122.102  152.256368  1.528221   0.025793  0.6226431683078459
7122.403  152.241057  1.374201   0.021775  0.6500070129987997
7122.7    152.217982  1.226955   0.018649  0.6791895964225456
7122.997  152.210342  1.087129   0.015725  0.7103729471508661
7123.301  152.183876  0.961046   0.013331  0.7421119233355472
7123.597  152.197619  0.856213   0.011451  0.7719153634177233
7123.899  152.176745  0.770024   0.009924  0.7992351190353414
7124.198  152.165199  0.701646   0.008816  0.8231919870300776
7124.501  152.147655  0.649233   0.007846  0.8431792914396037
7124.8    152.12685   0.609221   0.007114  0.8595451038955146
7125.104  152.30257   0.578726   0.00673   0.8730830277178466
7125.405  152.372215  0.553859   0.006126  0.8845242711637866
7125.709  152.33295   0.531953   0.005693  0.8948627721146668
7126.008  152.31855   0.510777   0.005451  0.9053121403259806
7126.303  152.3049    0.489505   0.005016  0.9162568015775123
7126.6    152.293833  0.466788   0.004739  0.928489843527621
7126.897  152.274317  0.44346    0.004253  0.9416750547632701
7127.195  152.279377  0.420155   0.004004  0.95560256098215
7127.496  152.242845  0.397801   0.003558  0.9696362935063757
7127.796  152.214942  0.378663   0.003304  0.9823019756030148
7128.102  152.184671  0.364632   0.003146  0.9919858440556585
7128.405  152.16697   0.355748   0.002874  0.9983153333030813
7128.705  152.141135  0.353371   0.002864  1
7129.004  152.147582  0.35823    0.002755  0.9964901487993335
7129.302  152.121877  0.369662   0.002645  0.9883468196050444
7129.606  152.121108  0.388737   0.0027    0.9753730296567343
7129.901  152.093578  0.413121   0.002607  0.9596409654011643
7130.201  152.058691  0.442937   0.002795  0.9416136910237742
7130.494  152.031447  0.476863   0.002758  0.9225396234432175
7130.798  151.986221  0.515614   0.003102  0.9023187242942656
7131.1    151.972625  0.557766   0.00334   0.8820351722516264
7131.399  151.96823   0.601704   0.003438  0.8624771561877339
7131.706  151.992905  0.645251   0.003826  0.8445035106246932
7132.005  151.976917  0.68694    0.004208  0.8283341652675048
7132.305  151.983228  0.725442   0.004545  0.8142844472313093
7132.605  151.99765   0.75931    0.004775  0.8025441200130361
7132.903  152.01048   0.790059   0.005284  0.7923306670186919
7133.205  152.000919  0.818135   0.005638  0.7833112286361369
7133.503  152.01099   0.842687   0.005974  0.7757047032470186
7133.798  152.040229  0.864931   0.006527  0.7690366821090151
7134.103  152.065608  0.885432   0.006749  0.7630395368120559
7134.403  152.080367  0.904518   0.007164  0.757566045947518
7134.694  152.123625  0.922933   0.007483  0.7524429471921192
7134.998  152.14466   0.943071   0.007867  0.7469135070356882
7135.298  152.162959  0.963143   0.008082  0.7415145292833953
7135.601  152.1794    0.984608   0.008573  0.7358592676779137
7135.903  152.174937  1.005947   0.008811  0.7303233817505271
7136.203  152.195962  1.026823   0.009055  0.7250633748200342
7136.51   152.212195  1.044912   0.009317  0.7205882049610779
7136.806  152.2053    1.060772   0.009624  0.7166923809955984
7136.998  152.224337  1.069514   0.00954   0.7146085921611175
7137.998  152.238403  1.095681   0.009571  0.7084002834076574
7139.003  152.264662  1.081435   0.009047  0.7118188624915949
7140.026  152.284396  1.025056   0.008215  0.725657159240451
7141.079  152.307723  0.94701    0.007235  0.7461150049297257
7142.128  152.332485  0.889067   0.006932  0.7624356969889484
7143.214  152.347573  0.8759     0.006873  0.76630805834815
7144.328  152.368869  0.909913   0.00724   0.7565213153910573
7145.409  152.435613  0.97303    0.007665  0.7393428201330822
7146.546  152.449161  1.047575   0.007904  0.7203329524312417
7147.703  152.455333  1.115251   0.007801  0.7042027973614625
7148.875  152.451262  1.166151   0.007709  0.6926891034499829
7150.072  152.453469  1.203629   0.007615  0.6845372658380328
7151.299  152.473785  1.231323   0.007609  0.6787064214317243
7152.527  152.477513  1.250884   0.007468  0.6746486796998438
7153.777  152.469339  1.264747   0.007549  0.6717932031665753
7155.058  152.455981  1.268808   0.0076    0.6709441662163222
7156.344  152.427595  1.258275   0.007671  0.673045487547802
7157.658  152.440279  1.235848   0.007709  0.6777037173018932
7159.006  152.422264  1.206337   0.007612  0.6839048067918831
7160.33   152.424745  1.17665    0.007439  0.6903333030811817
7161.703  152.386636  1.149633   0.007276  0.6962579979126017
7163.08   152.356942  1.1195     0.007281  0.7030559657930672
7164.491  152.316537  1.065762   0.006976  0.7156705973837391
7165.904  152.291952  0.990958   0.006719  0.7343924680392894
7167.351  152.257101  0.913598   0.006215  0.7552901731385646
7168.811  152.228811  0.849896   0.005975  0.7738774560965649
7170.296  152.193859  0.80716    0.00576   0.7871201636091367
7171.795  152.182808  0.777896   0.005571  0.7966230348133513
7173.305  152.172969  0.763824   0.005724  0.8013132355913816
7174.853  152.137253  0.761089   0.006062  0.8021774845610894
7176.418  152.121796  0.773054   0.006506  0.7981295404010611
7177.98   152.107825  0.801437   0.007132  0.7888089555994671
7179.587  152.103139  0.841931   0.007696  0.7760922229968606
7181.193  152.066528  0.886116   0.008147  0.7628422962208188
7182.839  152.009979  0.930275   0.008356  0.7502072959939277
7184.49   152.001511  0.967886   0.008574  0.7399739900250405
7186.15   151.960233  0.998519   0.008429  0.7318703667798374
7187.842  151.922566  1.028653   0.008352  0.7241403404192124
7189.555  151.909201  1.062482   0.008094  0.7157750188732175
7191.294  150.112238  1.082369   0.007945  0.7079258746653356
7193.03   151.542242  1.116752   0.007726  0.7023072250388811
7194.794  151.722029  1.129536   0.007669  0.6996781239815681
7196.589  151.721703  1.126417   0.007773  0.7003905105875657
7198.396  151.684107  1.111404   0.008038  0.7037861427269015
7200.219  151.651233  1.089133   0.008399  0.7089492052622243
7202.059  151.6006    1.068467   0.008895  0.7138023551300087
7203.922  151.57607   1.057561   0.009442  0.7164059309343378
7205.806  151.527174  1.057684   0.010094  0.7162930010271982
7207.701  151.476121  1.063412   0.010436  0.7148135676775011
7209.611  151.403606  1.06664    0.010232  0.7139083236045164
7211.562  151.361204  1.064555   0.009098  0.7143407059202088
7213.525  151.322181  1.055224   0.007714  0.7165441282636229
7215.495  151.283621  1.036734   0.006371  0.7210363149579015
7217.485  151.244985  1.013687   0.005419  0.726766863168143
7219.508  151.197473  0.992472   0.004949  0.7321390265132609
7221.538  151.124068  0.982754   0.004795  0.7345507761739556
7223.588  151.08308   0.989538   0.0052    0.7327072856806942
7225.662  150.952929  1.00916    0.005721  0.7274225269897323
7227.746  148.360299  1.021407   0.006795  0.7198453943161709
7229.862  151.128535  1.07785    0.008279  0.7107439657270624
7231.991  151.067678  1.117363   0.009707  0.7013573762308845
7234.13   151.015463  1.15597    0.011149  0.6925101688482596
7236.301  150.975489  1.183242   0.01234   0.6864297441905557
7238.496  150.954222  1.188655   0.012818  0.6852166500967382
7240.692  150.898014  1.168365   0.012412  0.6895598105665265
7242.912  150.876702  1.133593   0.011693  0.6973132995334295
7245.16   148.129933  1.077149   0.010494  0.7057446257740082
7247.414  150.643632  1.070266   0.010144  0.7117360987925266
7249.705  150.657466  1.060615   0.009924  0.7140952509622247
7252.005  150.555608  1.064672   0.00993   0.7129365591752715
7254.324  148.034161  1.058622   0.010179  0.7100511742647697
7256.664  150.645697  1.088604   0.010582  0.70735942031377
7259.01   150.471113  1.09147    0.010519  0.7063822414369222
7261.394  149.987533  1.085119   0.010291  0.7070572425713779
7263.787  135.524349  0.972333   0.008856  0.7092090987471485
7266.205  150.33897   1.075109   0.009728  0.7100501429414167
7268.637  150.869285  1.073503   0.009362  0.7113434224259201
7271.085  150.812267  1.0713     0.00901   0.711775546910774
7273.565  149.154913  1.06274    0.008539  0.7109948351326489
7276.056  150.86444   1.086597   0.00836   0.7082092307565376
7278.562  150.735398  1.104097   0.008271  0.7038691642568078
7281.083  150.720978  1.128298   0.008346  0.6982541242620883
7283.637  149.317691  1.147649   0.008053  0.6914579611974903
7286.202  150.427829  1.191201   0.0081    0.6837642889850541
7288.783  150.473703  1.22575    0.008314  0.6764712858952093
7291.398  150.464636  1.257368   0.008767  0.6698893802571709
7294.014  150.425381  1.279264   0.009672  0.6653711526482322
7296.659  150.364908  1.289867   0.010796  0.6631391110817757
7299.322  150.24092   1.287736   0.011651  0.6633525950158206
7302.003  149.040526  1.265598   0.012462  0.6657553205971775
7304.702  150.379523  1.259973   0.012891  0.6692099959984655
7307.426  150.292748  1.241931   0.013206  0.6727796639535989
7310.168  150.703418  1.231011   0.013166  0.6757604462742413
7312.916  150.62294   1.219022   0.013142  0.6781461550202759
7315.692  150.562358  1.21367    0.013104  0.679176962711473
7318.483  150.517247  1.213156   0.013118  0.6792086759045739
7321.304  150.459052  1.215763   0.013171  0.6785555903913666
7324.137  150.439736  1.22076    0.013371  0.677464965945703
7326.978  150.377355  1.226781   0.01349   0.6760894384238081
7329.865  150.317325  1.234754   0.013502  0.6743163357493803
7332.75   150.271258  1.244354   0.013935  0.6722405396708843
7335.667  150.21039   1.254875   0.014322  0.6699651825236072
7338.578  148.637671  1.253759   0.014621  0.6674807245665348
7341.532  149.948151  1.278963   0.014569  0.6646123564913555
7344.502  149.961108  1.293551   0.014075  0.6617104704072078
7347.488  149.929635  1.306686   0.013581  0.6590514609726618
7350.491  149.866122  1.31668    0.012994  0.6569777275408715
7353.51   149.814693  1.32316    0.012444  0.6556233421477105
7356.557  149.756661  1.328523   0.011995  0.6544806358727265
7359.625  149.661483  1.335979   0.011742  0.6528738340889496
7362.705  149.580261  1.345677   0.011311  0.6508689414909636
7365.802  149.497123  1.357686   0.011401  0.6484347605473442
7368.919  149.457153  1.369674   0.01174   0.6460993288147621
7372.063  149.399048  1.378729   0.012223  0.644299927394836
7375.211  149.350324  1.385232   0.013028  0.6430027804477594
7378.393  149.252774  1.391021   0.014449  0.641759004484194
7381.575  149.209336  1.394677   0.016239  0.6410071697599492
7384.799  149.113204  1.395999   0.017268  0.6405969608963439
7388.021  149.04713   1.395899   0.017959  0.6405010478245265
7391.275  148.983676  1.395233   0.017713  0.6405141971972758
7394.561  148.885526  1.3953     0.01737   0.6403319107946552
7397.851  148.821055  1.398019   0.017214  0.6397185312305339
7401.155  148.753029  1.403849   0.017236  0.6385276105888033
7404.474  148.651438  1.411888   0.01744   0.6368792980400733
7407.824  148.59765   1.42311    0.017628  0.6347447165304634
7411.198  148.507986  1.437317   0.017669  0.6320279529881564
7414.578  148.415969  1.454353   0.017874  0.628830077101734
7417.987  148.307229  1.470662   0.018154  0.6257657575895086
7421.406  148.19529   1.485762   0.018483  0.6229373532942531
7424.859  148.112592  1.498166   0.019078  0.6206498780975798
7428.312  147.997913  1.505811   0.019552  0.6191379580622673
7431.798  147.915019  1.512569   0.019488  0.617838748468485
7435.301  147.818735  1.518667   0.01949   0.6166336471306522
7438.823  147.727536  1.52455    0.019422  0.615477533652081
7442.366  147.584518  1.531291   0.018973  0.6140904037424663
7445.91   143.603211  1.497146   0.017883  0.6128535892115328
7449.49   147.500946  1.544123   0.018082  0.6117928731431024
7453.086  145.907365  1.531749   0.017925  0.6110665636718411
7456.697  147.283594  1.549833   0.017963  0.6104609190328663
7460.333  146.856066  1.54985    0.01813   0.609708568646945
7463.992  147.104305  1.555867   0.018392  0.6091449504345996
7467.66   143.111263  1.518966   0.018615  0.6082381593765858
7471.35   147.063918  1.567259   0.019668  0.6071931709892867
7475.063  146.970256  1.574535   0.020348  0.6058346603027142
7478.794  146.863266  1.584616   0.021034  0.6040014830429815
7482.531  146.697881  1.595037   0.021728  0.6020210843746263
7486.298  146.584352  1.60978    0.022381  0.5994492217633981
7490.084  146.455904  1.624529   0.023367  0.5968714290428908
7493.89   146.324103  1.641921   0.024003  0.5938937406923069
7497.717  146.279626  1.656866   0.024498  0.5914791548923917
7501.57   146.154755  1.669265   0.024528  0.5893368384576354
7505.424  146.047725  1.679027   0.024551  0.58764443683557
7509.302  145.901094  1.685865   0.024499  0.5863374923166411
7513.203  145.782679  1.692939   0.02482   0.5850485959563874
7517.128  145.647636  1.700398   0.024911  0.5836761624045511
7521.066  145.509286  1.708905   0.025351  0.5821443893946957
7525.028  145.386248  1.718159   0.025703  0.5805339779791838
7528.995  145.238941  1.727049   0.025735  0.5789418725531854
7532.989  145.09836   1.734961   0.025808  0.5775137475402939
7537.015  144.948673  1.743583   0.025991  0.575969598650204
7541.051  144.810316  1.752172   0.026213  0.5744563894607005
7545.093  144.665544  1.760069   0.02673   0.5730388355121758
7549.171  144.492081  1.76749    0.026772  0.5716447441699292
7553.273  144.357057  1.774714   0.026932  0.5703522381779406
7557.368  144.215968  1.781569   0.026953  0.5691058839059929
7561.501  144.04884   1.78749    0.026617  0.5679515752432892
7565.666  143.903133  1.794315   0.026817  0.566708057110562
7569.806  143.738209  1.802569   0.027188  0.5652291394225415
7574      143.58147   1.811826   0.027697  0.5636272364246908
7578.189  143.41404   1.823684   0.028465  0.5616442594479533
7582.422  143.270118  1.835582   0.029503  0.5597087233454481
7586.672  143.079569  1.84694    0.030216  0.5577749920588103
7590.925  142.878209  1.858402   0.030757  0.5558167668425418
7595.202  142.678325  1.869587   0.030896  0.5539088186397259
7599.509  142.401135  1.87854    0.031264  0.5521756797452221
7603.82   141.794158  1.883973   0.031609  0.5503298687744166
7608.157  141.595902  1.894415   0.032031  0.548543874558078
7612.516  141.374455  1.904416   0.032514  0.5467828899330465
7616.898  141.325174  1.916827   0.03306   0.5450180378454419
7621.29   141.407282  1.929926   0.033368  0.5434120095541797
7625.701  141.418819  1.941582   0.033623  0.5418802365443244
7630.133  141.286294  1.95355    0.034047  0.5400542785480618
7634.601  141.139678  1.963311   0.034464  0.5385016212403108
7639.063  140.959425  1.972962   0.035051  0.5369077109984448
7643.554  140.781546  1.982317   0.035666  0.5353625307850022
7648.062  140.611735  1.990377   0.036198  0.5340050514217826
7652.596  140.468324  1.999319   0.036532  0.5325862083190669
7657.141  140.270653  2.008103   0.037089  0.531092852104106
7661.711  140.096643  2.018048   0.03734   0.5294991996930782
7666.292  139.921764  2.029204   0.037534  0.5277557475650456
7670.903  139.732746  2.039531   0.037789  0.5260984109369781
7675.528  139.514966  2.050908   0.037978  0.5242618818763486
7680.176  139.309747  2.06143    0.03817   0.5225630344833277
7684.828  139.053344  2.072119   0.038588  0.5207546089840642
7689.511  139.177807  2.088564   0.039127  0.5189469569773151
7694.214  138.888696  2.098622   0.039815  0.517172307317858
7698.934  138.663793  2.109803   0.040358  0.5153845082856519
7703.675  138.406368  2.121308   0.040953  0.5135031166591725
7708.425  138.344673  2.134562   0.04162   0.5117823536449031
7713.198  138.095409  2.14498    0.042247  0.5100618484614718
7718.005  137.851052  2.155256   0.042947  0.5083730564711416
7722.816  137.742501  2.168282   0.043645  0.5066164549703598
7727.641  137.533133  2.179476   0.044227  0.5048964654486051
7732.506  137.32565   2.189786   0.044537  0.5032904371573428
7737.371  137.026429  2.199258   0.044998  0.5016153102014382
7742.264  137.071917  2.213578   0.045807  0.5000275878996895
7747.175  136.8137    2.223288   0.046206  0.4984127933599279
7752.114  136.616601  2.234305   0.046713  0.4967665434579034
7757.049  136.385882  2.244496   0.047233  0.49515742119658274
7762.018  136.195242  2.256203   0.047931  0.49345547983350335
7766.984  136.025     2.269107   0.048777  0.4916625241845327
7772.006  135.811928  2.280894   0.049477  0.4899224238573969
7777.036  135.584367  2.293422   0.050185  0.4880779020407828
7782.069  135.376856  2.305357   0.050824  0.4863447631462789
7787.126  135.166116  2.317749   0.051485  0.48456083157664603
7792.213  134.983129  2.329902   0.052128  0.48286327333781626
7797.308  134.806942  2.343297   0.052608  0.48104840206759725
7802.424  134.594772  2.355086   0.053313  0.4793482655203851
7807.564  134.392269  2.366975   0.053776  0.47766179400759895
7812.723  134.163259  2.378986   0.054297  0.4759170527253752
7817.9    133.948315  2.39106    0.055034  0.4741983523578116
7823.097  133.764687  2.404984   0.055447  0.47234764260108
7828.319  133.552623  2.417453   0.056109  0.47060522179640035
7833.544  133.343122  2.430631   0.056786  0.46879885894384254
7838.794  132.801554  2.436707   0.057202  0.46710568382926243
7844.072  132.937309  2.456644   0.057964  0.46526812344528007
7849.368  132.665701  2.46711    0.05869   0.46364482048785727
7854.674  131.5888    2.463323   0.05901   0.46193926949304276
7860.006  132.285145  2.493758   0.060421  0.460134195794676
7865.359  132.06114   2.505216   0.061183  0.4585152759615028
7870.722  132.213144  2.524773   0.0621    0.4568068888274679
7876.111  132.175212  2.54133    0.06316   0.455047709018304
7881.516  131.963675  2.555329   0.064066  0.45321839922114465
7886.939  131.727355  2.568391   0.064821  0.4514416869149819
7892.391  131.512932  2.581943   0.065515  0.44966471677798087
7897.848  131.193256  2.593297   0.066465  0.44790579479965525
7903.332  131.018463  2.607238   0.067428  0.4461798751686215
7908.837  130.786842  2.620926   0.068249  0.4443735123160636
7914.344  130.528018  2.633134   0.06901   0.4426646095203522
7919.889  130.293802  2.646638   0.069862  0.44088274059742505
7925.434  130.060842  2.659912   0.070878  0.43913129571340764
7931.014  129.681067  2.670836   0.071559  0.43732080756743835
7936.623  129.331363  2.680823   0.072175  0.4356621817851795
7942.222  129.346587  2.699358   0.073123  0.43391615134876477
7947.87   129.033298  2.710666   0.073936  0.4322129208314942
7953.479  128.685422  2.723033   0.074578  0.43034313159273463
7959.146  128.418981  2.736131   0.075664  0.42857157590333617
7964.881  128.113885  2.747355   0.076364  0.4269028947183869
