*Spectrum*
- Title: Fe K edge XAS transmission of natural hematite Fe2O3 at ambient conditions
- Version: #1 (2018-01-31 23:51:01 UTC)
- Measurement type: laboratory measurement (spectrum)
- Spectrum type: transmission (AU)
- Spectral unit: Energy (eV)
- Valid spectral range(s): 7004.290158-7963.25018 eV (Resol. 0.36 eV)
- Observation geometry: 
- Spatial observation mode: single spot
- Data analysis: raw averaged spectra
- Quality flag: 4
- File name: XAS_trans_Fe2O3.data.txt
- Comments: 

*Sample*
- Name: Pellet of natural hematite Fe2O3 mixed with BN
- Origin(s): natural terrestrial; commercial
- Type: pellet
- Temperature: 293.0 +/- 2.0 K
- Pressure: 

*Experiment*
- Title: Fe K edge XAS transmission of natural hematite Fe2O3 at ambient conditions
- Version: #1 (2018-01-31 23:51:01 UTC)
- Experimentalist(s): Testemale Denis; Sanchez-Valle Carmen
- Database(s): FAME @ SSHADE
- DOI: https://doi.org/10.26302/SSHADE/EXPERIMENT_DT_20170706_002

*Data reference*
- Testemale, Denis; Sanchez-Valle, Carmen (2016): Fe K edge XAS transmission of natural hematite Fe2O3 at ambient conditions. SSHADE/FAME (OSUG Data Center). Dataset/Spectral Data. https://doi.org/10.26302/SSHADE/EXPERIMENT_DT_20170706_002




energy(ev)	transmission(au)
7007.750159	-0.26786
7010.850159	-0.27053
7013.860159	-0.27208
7016.860159	-0.27480
7019.890159	-0.27782
7022.850159	-0.28036
7025.940159	-0.28251
7028.980159	-0.28542
7031.980159	-0.28800
7035.010159	-0.29014
7038.020159	-0.29281
7041.010159	-0.29419
7044.100159	-0.29778
7047.130159	-0.30070
7050.080159	-0.30274
7053.080160	-0.30451
7056.060160	-0.30749
7059.080160	-0.31035
7062.080160	-0.31300
7065.090160	-0.31529
7068.050160	-0.31788
7071.080160	-0.32026
7074.110160	-0.32248
7077.060160	-0.32467
7080.040160	-0.32715
7083.080160	-0.33023
7086.070160	-0.33176
7089.070160	-0.33428
7092.090160	-0.33649
7095.030160	-0.33823
7098.070161	-0.34077
7101.100161	-0.34190
7104.040161	-0.34336
7104.370161	-0.34301
7104.640161	-0.34340
7104.950161	-0.34292
7105.250161	-0.34342
7105.540161	-0.34264
7105.840161	-0.34264
7106.150161	-0.34286
7106.440161	-0.34255
7106.750161	-0.34297
7107.050161	-0.34316
7107.360161	-0.34292
7107.670161	-0.34234
7107.950161	-0.34268
7108.250161	-0.34252
7108.550161	-0.34141
7108.850161	-0.34269
7109.150161	-0.34146
7109.450161	-0.34175
7109.760161	-0.34114
7110.060161	-0.34087
7110.350161	-0.34056
7110.660161	-0.34024
7110.950161	-0.33903
7111.250161	-0.33779
7111.550161	-0.33751
7111.850161	-0.33549
7112.170161	-0.33384
7112.460161	-0.33219
7112.760161	-0.32778
7113.050161	-0.32190
7113.370161	-0.31313
7113.660161	-0.30781
7113.960161	-0.30597
7114.250161	-0.30342
7114.570161	-0.29659
7114.870161	-0.29099
7115.160161	-0.29079
7115.460161	-0.29446
7115.760161	-0.29801
7116.060161	-0.29909
7116.360161	-0.29923
7116.650161	-0.30117
7116.960161	-0.30072
7117.270161	-0.29935
7117.560161	-0.29765
7117.860161	-0.29610
7118.150161	-0.29564
7118.460161	-0.29517
7118.750161	-0.29329
7119.050161	-0.29217
7119.360161	-0.28909
7119.670161	-0.28597
7119.960161	-0.28183
7120.250161	-0.27603
7120.550161	-0.26931
7120.850161	-0.25944
7121.150161	-0.24793
7121.450161	-0.23358
7121.760161	-0.21577
7122.070161	-0.19505
7122.360161	-0.17058
7122.660161	-0.14032
7122.960161	-0.10507
7123.250161	-0.06616
7123.560161	-0.02456
7123.840161	0.01468
7124.150161	0.05095
7124.460161	0.08267
7124.770161	0.11166
7125.050161	0.13938
7125.360161	0.16992
7125.650161	0.20234
7125.960161	0.23903
7126.250161	0.27697
7126.560161	0.32021
7126.870161	0.36354
7127.170161	0.40720
7127.460161	0.44937
7127.760161	0.48949
7128.050161	0.52661
7128.350161	0.56422
7128.650161	0.60267
7128.950161	0.63974
7129.260161	0.67397
7129.570161	0.70458
7129.860161	0.72853
7130.160161	0.74574
7130.460161	0.75687
7130.750161	0.76226
7131.050161	0.76476
7131.360161	0.76681
7131.670161	0.77092
7131.980161	0.77722
7132.260161	0.78602
7132.560161	0.79844
7132.860161	0.81187
7133.160161	0.82507
7133.440161	0.83555
7133.750161	0.84367
7134.060161	0.84668
7134.370161	0.84509
7134.660161	0.83943
7134.960161	0.82963
7135.250161	0.81651
7135.560161	0.80060
7135.860161	0.78386
7136.150161	0.76767
7136.460161	0.75202
7136.770161	0.73915
7137.060161	0.72760
7137.350161	0.71780
7137.660161	0.70900
7137.950161	0.70122
7138.250161	0.69304
7138.540161	0.68516
7138.850161	0.67554
7139.170161	0.66485
7139.470162	0.65430
7139.750162	0.64293
7140.060162	0.63071
7140.360162	0.61748
7140.660162	0.60538
7140.960162	0.59267
7141.250162	0.58150
7141.570162	0.56957
7141.870162	0.55955
7142.150162	0.55023
7142.450162	0.53977
7142.760162	0.53121
7143.050162	0.52287
7143.350162	0.51480
7143.650162	0.50922
7143.970162	0.50286
7144.270162	0.49890
7144.560162	0.49485
7144.850162	0.49245
7145.160162	0.49074
7145.460162	0.48954
7145.750162	0.48870
7146.060162	0.48930
7146.360162	0.48932
7146.670162	0.49018
7146.960162	0.49094
7147.260162	0.49166
7147.550162	0.49219
7147.860162	0.49147
7148.160162	0.49000
7148.450162	0.48820
7148.760162	0.48504
7149.070162	0.48050
7149.360162	0.47612
7149.660162	0.47088
7149.960162	0.46540
7151.060162	0.43985
7153.540162	0.39447
7155.050162	0.37332
7156.190162	0.35672
7157.480162	0.33816
7158.790162	0.32110
7160.120162	0.31157
7161.500162	0.30845
7162.850162	0.30982
7164.290162	0.31543
7165.650162	0.32298
7167.110162	0.33097
7168.540162	0.34140
7170.030162	0.35706
7171.520162	0.37706
7173.020162	0.40326
7174.560162	0.43274
7176.070162	0.45901
7177.640162	0.47456
7179.250162	0.48334
7180.830162	0.48677
7182.480162	0.48706
7184.110163	0.48348
7185.730163	0.47849
7187.440163	0.47319
7189.130163	0.46858
7190.850163	0.46389
7192.590163	0.45811
7194.320163	0.45000
7196.130163	0.44045
7197.870163	0.43100
7199.730163	0.42209
7201.510163	0.41175
7203.360163	0.40110
7205.250163	0.39052
7207.140163	0.38313
7209.030163	0.37684
7210.940163	0.37267
7212.910163	0.36958
7214.860163	0.36806
7216.830163	0.36783
7218.820163	0.37023
7220.830163	0.37369
7222.870163	0.37317
7224.930163	0.37297
7227.040163	0.37030
7229.100164	0.36624
7231.180164	0.36089
7233.350164	0.35559
7235.490164	0.35407
7237.660164	0.35327
7239.840164	0.35250
7242.050164	0.35064
7244.290164	0.34720
7246.470164	0.34061
7248.820164	0.33422
7251.010164	0.32896
7253.380164	0.32560
7255.650164	0.32381
7258.050164	0.32459
7260.360164	0.32732
7262.730164	0.33077
7265.160164	0.33202
7267.550164	0.33479
7269.970164	0.33416
7272.440165	0.33217
7274.910165	0.33042
7277.390165	0.33125
7279.870165	0.33239
7282.440165	0.33188
7284.960165	0.32940
7287.530165	0.32585
7290.100165	0.32142
7292.710165	0.31648
7295.370165	0.31125
7297.960165	0.30576
7300.660165	0.29907
7303.310165	0.29168
7305.990165	0.28335
7308.720165	0.27534
7311.450165	0.26736
7314.220165	0.25976
7316.970166	0.25099
7319.780166	0.24408
7322.560166	0.23982
7325.430166	0.23815
7328.230166	0.23842
7331.130166	0.24157
7334.010166	0.24504
7336.910166	0.24846
7339.810166	0.25151
7342.770166	0.25292
7345.740166	0.25263
7348.700166	0.24935
7351.700166	0.24379
7354.710166	0.23911
7357.770166	0.23383
7360.810167	0.22815
7363.900167	0.22173
7366.950167	0.21593
7370.080167	0.20879
7373.230167	0.20271
7376.360167	0.19669
7379.540167	0.19271
7382.740167	0.18887
7385.880167	0.18512
7389.170167	0.18024
7392.410167	0.17706
7395.640167	0.17497
7398.960167	0.17440
7402.230167	0.17419
7405.560168	0.17487
7408.910168	0.17501
7412.230168	0.17452
7415.600168	0.17280
7419.030168	0.17011
7422.440168	0.16631
7425.850168	0.16123
7429.290168	0.15509
7432.800168	0.14910
7436.250168	0.14168
7439.760168	0.13463
7443.350168	0.12810
7446.830168	0.12231
7450.420169	0.11737
7454.010169	0.11370
7457.570169	0.11097
7461.240169	0.10819
7464.860169	0.10672
7468.530169	0.10447
7472.210169	0.10232
7475.850169	0.10052
7479.620169	0.09842
7483.350169	0.09591
7487.100169	0.09261
7490.860169	0.08874
7494.620170	0.08442
7498.470170	0.08032
7502.270170	0.07608
7506.130170	0.07215
7509.980170	0.06790
7513.920170	0.06378
7517.800170	0.05932
7521.670170	0.05536
7525.650170	0.05200
7529.630170	0.04788
7533.620170	0.04426
7537.580171	0.04036
7541.570171	0.03673
7545.660171	0.03367
7549.680171	0.03388
7553.790171	0.02582
7557.820171	0.02203
7562.010171	0.01816
7566.100171	0.01480
7570.240171	0.01048
7574.410171	0.00638
7578.630171	0.00236
7582.810172	-0.00181
7587.040172	-0.00577
7591.270172	-0.00958
7595.570172	-0.00915
7599.820172	-0.01497
7604.130172	-0.02248
7608.430172	-0.02643
7612.810172	-0.03070
7617.120172	-0.03399
7621.510172	-0.03726
7625.920173	-0.04034
7630.340173	-0.04423
7634.740173	-0.04801
7639.210173	-0.05258
7643.690173	-0.05749
7648.180173	-0.06219
7652.670173	-0.06637
7657.210173	-0.07054
7661.770173	-0.07470
7666.310173	-0.07902
7670.880174	-0.08261
7675.520174	-0.08683
7680.150174	-0.09093
7684.730174	-0.09460
7689.430174	-0.09815
7694.090174	-0.10220
7698.820174	-0.10565
7703.450174	-0.10961
7708.290174	-0.11309
7712.970174	-0.11693
7717.760175	-0.12111
7722.540175	-0.12531
7727.390175	-0.12972
7732.160175	-0.13410
7737.020175	-0.13843
7741.900175	-0.14264
7746.810175	-0.14689
7751.680175	-0.15117
7756.610175	-0.15561
7761.550176	-0.15969
7766.560176	-0.16470
7771.450176	-0.16884
7776.500176	-0.17317
7781.490176	-0.17700
7786.550176	-0.18066
7791.580176	-0.18484
7796.710176	-0.18886
7801.750176	-0.19257
7806.840177	-0.19663
7812.030177	-0.20062
7817.180177	-0.20478
7822.290177	-0.20863
7827.520177	-0.21294
7832.700177	-0.21705
7837.940177	-0.22101
7843.190177	-0.22505
7848.470178	-0.22945
7853.730178	-0.23369
7859.040178	-0.23760
7864.370178	-0.24198
7869.720178	-0.24627
7875.030178	-0.25039
7880.470178	-0.25471
7885.820178	-0.25859
7891.230179	-0.26292
7896.670179	-0.26679
7902.140179	-0.27085
7907.560179	-0.27484
7913.050179	-0.27900
7918.570179	-0.28303
7924.080179	-0.28730
7929.560179	-0.29146
7935.170180	-0.29550
7940.780180	-0.29974
7946.340180	-0.30350
7952.010180	-0.30655
7957.610180	-0.31137
