# XDI/1.0 
# Spectrum.license:CC BY 4.0
# Publication.authors: Peter Blanchard, Miranda Vu, Joel Reid, Erika Bergen, Jeff Warner
# Publication.affiliation: Canadian Light Source
# Facility.name:CLS
# Sample.temperature:r.t
# Sample.prep:powder, 500 um
# Sample.formula:FeCO3
# Publication.DOI: https://doi.org/10.20383/103.01329
# Sample.name:Siderite
# Scan.number:scan1
# Sample.id:dujsej
# Scan.start_time:2022-03-20
# Element.symbol:Fe
# Facility.energy:2.90 GeV
# Facility.xray_source:Bending magnet
# Beamline.name:IDEAS
# Beamline.scan_mode:Transmission
# Beamline.website:https://ideas.lightsource.ca/
# Beamline.detector:Ionization chamber
# Beamline.energy_range:1.8 - 13.0
# Beamline.flux:5E10-7E11 ph/s
# Mono.name:InSb(111), Ge(220)
# Element.edge:K
# Column.1:Energy
# Column.2:I0
# Column.3:Itrans
# Column.4:Irefer
# Column.5:Mutrans
# Energy  I0        Itrans    Irefer   Mutrans               
6912      1018020   1025640   710012   0.6648382937250101    
6922      1074000   1097060   757290   0.6515203664345587    
6932      1076620   1111940   769559   0.6408596996871085    
6942      1075770   1123100   779236   0.6304497628746668    
6952      1078700   1138520   791998   0.6199043683034664    
6962      1082950   1155680   806090   0.6092517191423985    
6972      1072440   1154200   807204   0.6010687862858873    
6982      1065300   1157150   811500   0.5921500703346797    
6992      1064720   1168440   821592   0.5822446429472471    
7002      1062890   1178410   830953   0.5723751984573778    
7012      1059430   1186300   838940   0.5627791847262267    
7022      1056240   1194700   847235   0.5530501036384842    
7032      1055560   1207070   858311   0.5424773694273587    
7042      1055530   1217210   866513   0.5343688962758575    
7052      1055480   1232560   881190   0.5222172350015474    
7062      1056140   1246260   893123   0.5121431335247527    
7072      1044630   1243680   893838   0.5035595645338731    
7082      1053750   1268400   912124   0.49294409961498475   
7082.5    1052440   1267340   911136   0.4925500626387681    
7083      1052770   1268340   911881   0.4920909841361824    
7083.5    1052830   1269230   912531   0.49146842661976936   
7084      1054300   1272090   914670   0.4906419757276644    
7084.5    1054630   1273250   915356   0.4900638088322145    
7085      1055860   1275640   917226   0.489378216911477     
7085.5    1056190   1277330   918349   0.48840114782916205   
7086      1056680   1279220   919634   0.48742091462146125   
7086.5    1057090   1281180   920992   0.4863166975135833    
7087      1057780   1282410   921893   0.48602006752955584   
7087.5    1058320   1283270   922605   0.48586549285111874   
7088      1058820   1284100   923232   0.48569717579241406   
7088.5    1059180   1285140   923867   0.4852435074400173    
7089      1059950   1287120   925262   0.4844583508402292    
7089.5    1060280   1288520   926216   0.4837089050544653    
7090      1060380   1289260   926471   0.4832453906588604    
7090.5    1060420   1290050   927017   0.48269008847507255   
7091      1060140   1290000   926941   0.4824724265580466    
7091.5    1059550   1289700   926649   0.4821593450550728    
7092      1058800   1289070   926101   0.4819473139465434    
7092.5    1058390   1289330   926284   0.48137835639835885   
7093      1057490   1288550   925445   0.4811411433217204    
7093.5    1056260   1287250   924395   0.48099197964230334   
7094      1055270   1286450   923450   0.4806866883314638    
7094.5    1054620   1286030   923034   0.48040692163033527   
7095      1053260   1285030   922052   0.4799118385419345    
7095.5    1052350   1284280   921346   0.4796408329336686    
7096      1051460   1283880   920872   0.47912443008302175   
7096.5    1050550   1283100   919892   0.4788750854932346    
7097      1049800   1282510   919187   0.4786294917485208    
7097.5    1049160   1282420   918645   0.4781081898173539    
7098      1047790   1280580   916828   0.4782329566004082    
7098.5    1047120   1279570   915581   0.47837724908216395   
7099      1046050   1277720   913367   0.47878728974597473   
7099.5    1044830   1276100   911494   0.4788855466901595    
7100      1043600   1275250   910501   0.47839133528637856   
7100.5    1042740   1275320   910073   0.4775419290978539    
7101      1041960   1274450   909029   0.47747827470707127   
7101.5    1040870   1273770   907654   0.47698276641232984   
7102      1040300   1273820   907261   0.4764157019185938    
7102.5    1039700   1274080   906807   0.4756612414504228    
7103      1039020   1274030   905993   0.4750671458639085    
7103.5    1038330   1273810   904712   0.47459224671634803   
7104      1037940   1273750   903297   0.4742748473854763    
7104.5    1037580   1274280   902233   0.47353787547806314   
7105      1037320   1273720   900063   0.4737203977971698    
7105.5    1038520   1275780   899696   0.47327618635867863   
7106      1038960   1276750   898143   0.47295118423534915   
7106.5    1038590   1277390   895754   0.47212299532953117   
7107      1038180   1276390   891507   0.4724981028374314    
7107.5    1037960   1276330   886977   0.47233878668705753   
7108      1037710   1276150   880719   0.47224233442723823   
7108.5    1037100   1275590   873103   0.4720983135877646    
7109      1036640   1274610   861177   0.47241219137679913   
7109.5    1036210   1273700   847402   0.472701326759468     
7110      1035500   1272170   825613   0.47320028910208145   
7110.5    1034850   1270760   800797   0.4736649788708413    
7111      1034280   1268880   764086   0.474562944962974     
7111.5    1033760   1266550   716114   0.47585261799244266   
7112      1033260   1264540   657178   0.4769195300034916    
7112.5    1032570   1262240   607385   0.47803283556493525   
7113      1031480   1260480   563278   0.47836044912738734   
7113.5    1030970   1259240   530326   0.47883348036919177   
7114      1030200   1257580   499475   0.4793860113695376    
7114.5    1029390   1255590   477021   0.48015600567573813   
7115      1028860   1253520   458218   0.4812524064586766    
7115.5    1028210   1250180   443959   0.48321927119761177   
7116      1027890   1246480   432261   0.48578178009619005   
7116.5    1027520   1240720   422087   0.4899082513950004    
7117      1027340   1232140   410904   0.4964424553068614    
7117.5    1027240   1220810   398134   0.505272279630205     
7118      1027300   1204290   380660   0.5184899008431157    
7118.5    1027250   1186970   363321   0.5324367278687454    
7119      1026630   1163940   342551   0.5507804486887838    
7119.5    1026390   1139850   322764   0.5707576998475485    
7120      1026430   1109580   300947   0.5967954160818508    
7120.5    1026140   1078960   283023   0.6235550245397035    
7121      1026040   1043180   266011   0.6560382362529669    
7121.5    1025860   1004510   251214   0.6923584264280239    
7122      1025650   960057    237442   0.735884342142387     
7122.5    1025100   906355    223902   0.7909708502218965    
7123      1024450   858110    213639   0.8431972873263105    
7123.5    1023670   811503    204671   0.8964071721542477    
7124      1022630   778025    198330   0.9361224031988914    
7124.5    1021120   748205    192584   0.9724479488701679    
7125      1019600   733074    189151   0.9907447004195647    
7125.5    1016450   724049    186216   0.9997221052598092    
7126      1014080   722153    184306   1                     
7126.5    1013840   726116    182946   0.9944846558545445    
7127      1016720   736538    181869   0.9834583230084833    
7127.5    1021020   751815    181000   0.967703701635333     
7128      1023760   770807    179968   0.946193004602023     
7128.5    1025340   788363    179076   0.9259277299793374    
7129      1026010   805788    178222   0.9054399621316214    
7129.5    1027030   824980    177130   0.883661608847471     
7130      1027300   839886    176161   0.8666172962549556    
7130.5    1027560   851276    175410   0.8538494701386456    
7131      1027740   859132    174886   0.8451447998329839    
7131.5    1027930   864837    174756   0.8389299069501689    
7132      1027800   867215    174943   0.8361552055369311    
7132.5    1028180   866430    175417   0.8373871101000149    
7133      1027920   861270    176108   0.8429130043618123    
7133.5    1027450   853993    176845   0.8506677930234415    
7134      1027750   846829    177707   0.8590876221203883    
7134.5    1027630   838829    178687   0.8681440400060996    
7135      1027840   832199    179651   0.8760069253918052    
7135.5    1028320   827941    180515   0.8814132457364757    
7136      1028890   825270    181019   0.8850699901903539    
7136.5    1028590   822997    180596   0.887452569542172     
7137      1028900   823345    180797   0.887335280012936     
7137.5    1028990   825665    181208   0.8847016249988834    
7138      1029760   830826    182007   0.8794048022274437    
7138.5    1029510   837461    182681   0.8714863680639889    
7139      1030100   846400    183140   0.8617834095971566    
7139.5    1030330   855421    183239   0.8517578175085734    
7140      1030630   868727    183402   0.8371286233893255    
7140.5    1031010   880175    183576   0.8248379855487867    
7141      1031290   892810    183724   0.811331818312228     
7141.5    1031440   904567    183921   0.7988344998392235    
7142      1031660   914174    184262   0.7888351367218075    
7142.5    1031830   924254    184647   0.7784011177120853    
7143      1032370   934414    185087   0.7683455465635192    
7143.5    1032310   944903    185723   0.7575062204636       
7144      1032120   953653    186205   0.7484241839985204    
7144.5    1032150   962129    186648   0.7399044281525062    
7145      1031850   970829    187043   0.7309278415541575    
7145.5    1032120   978210    187380   0.7238640491391429    
7146      1032220   985142    187437   0.7171362851180587    
7146.5    1031870   991071    187204   0.7110122952317275    
7147      1031380   994782    186981   0.7069430859172303    
7147.5    1030980   997790    186376   0.703651797803214     
7148      1030660   1000510   185706   0.7007221547101533    
7148.5    1029790   1001490   184434   0.6989606517185276    
7149      1029140   1001750   183131   0.6980999669900423    
7149.5    1029170   1002460   182013   0.6974437048043904    
7150      1029880   1003920   181944   0.6967040179210257    
7150.5    1029460   1003630   181834   0.6965890748813302    
7151      1029080   1002150   181299   0.6976579972201793    
7151.5    1028550   1000110   180842   0.6991287773120225    
7152      1027750   996500    180245   0.7018703285924138    
7152      1026510   994380    179791   0.7027614321117787    
7153.24   1031770   995336    179658   0.7067704725772537    
7154.51   1034840   990336    178945   0.7145053924991301    
7155.79   1037780   983329    180071   0.7241050609338793    
7157.09   1040190   970865    180297   0.7386684218582104    
7158.41   1041270   955904    180060   0.7546728373192104    
7159.75   1042430   943777    179722   0.7680819066621811    
7161.11   1044370   935728    179537   0.7781518867570696    
7162.49   1045480   929958    179330   0.7851531748236925    
7163.88   1047290   925853    179583   0.7910976799752819    
7165.3    1051250   924450    180317   0.7962083809958795    
7166.73   1056440   922784    180759   0.8027082381899957    
7168.19   1061510   919334    178659   0.810951478279361     
7169.66   1067540   922040    182470   0.8135842238587292    
7171.15   1073030   924360    184620   0.8161117570877032    
7172.66   1077120   927452    186101   0.8165609052554568    
7174.19   1079820   934960    187741   0.8111907427283301    
7175.74   1082400   945810    189792   0.802350350687171     
7177.31   1083770   955939    191773   0.7932820047231678    
7178.9    1086080   965026    193644   0.7861995039906253    
7180.5    1088840   972860    195067   0.7808409733873694    
7182.13   1089590   977124    195355   0.7772814397359479    
7183.77   1088610   977592    194239   0.7759496430577494    
7185.44   1088330   977048    192813   0.7762388473191014    
7187.12   1090870   979813    191516   0.7757608454235375    
7188.82   1094390   984010    189956   0.7747439004288228    
7190.54   1099820   992041    188776   0.7716729990222645    
7192.28   1104380   1000780   187069   0.7671975309900511    
7194.04   1108560   1008680   184076   0.763251346736232     
7195.82   1112560   1019920   183674   0.7560257840551147    
7197.61   1117220   1031270   183919   0.7493728563742406    
7199.43   1121660   1045250   191184   0.7401970232564985    
7201.27   1124700   1052140   193987   0.7364648797559902    
7203.12   1128530   1057340   197124   0.7349863473171595    
7204.99   1132820   1060210   200251   0.7360330275793666    
7206.88   1138100   1064540   203081   0.7365878289321455    
7208.8    1145660   1072200   205131   0.7360573518036417    
7210.73   1155990   1085090   205546   0.73318437173939      
7212.67   1169700   1101780   204429   0.7298285409616407    
7214.64   1183120   1114990   200646   0.7293352310864512    
7216.63   1194600   1126550   197872   0.7286995583065584    
7218.64   1203740   1134320   194534   0.7294225999140467    
7220.66   1212540   1143060   193998   0.7290443439735058    
7222.71   1220560   1151520   194707   0.7282894175816444    
7224.77   1229810   1163120   197691   0.7259001789887721    
7226.85   1237240   1172020   201779   0.72435525100062      
7228.95   1245540   1179010   207338   0.725069833213219     
7231.07   1255350   1188820   213931   0.7246439535997587    
7233.21   1265010   1199310   220859   0.7235624518955136    
7235.37   1272320   1207210   226902   0.722786227775913     
7237.55   1277630   1213420   230918   0.7218529595847075    
7239.75   1281920   1219690   232746   0.7201124600225026    
7241.96   1286450   1225330   232836   0.7190634442018043    
7244.2    1291230   1231350   231400   0.7179118071992522    
7246.45   1294750   1234680   228063   0.7179327454485873    
7248.73   1299870   1240550   227153   0.7171634504713508    
7251.02   1304480   1243520   226400   0.7182733841441657    
7253.33   1309340   1246680   226942   0.7194139913445462    
7255.66   1318000   1256450   229413   0.7182412411563653    
7258.01   1330970   1272230   232433   0.7156442215155402    
7260.38   1344160   1291520   234582   0.7106333041212225    
7262.77   1356930   1312540   235632   0.7041718474017012    
7265.17   1368620   1332250   236121   0.6980600316851955    
7267.6    1378500   1351140   236832   0.691407731088424     
7270.04   1386440   1367030   236560   0.6856614987681918    
7272.51   1394130   1382200   235389   0.6803439672577648    
7274.99   1402020   1395660   233962   0.6764340710838983    
7277.49   1411700   1409280   233277   0.6736993984359012    
7280.01   1419040   1417980   233202   0.6727638699328654    
7282.55   1424470   1422700   231980   0.6732430817191836    
7285.11   1426100   1422870   229373   0.6742324106352938    
7287.69   1428000   1425650   227201   0.6736330317370324    
7290.29   1431580   1431800   225666   0.6718935714138323    
7292.9    1434670   1439200   227280   0.6689966435763471    
7295.54   1436330   1444730   230585   0.6664090528991622    
7298.19   1436420   1447470   234230   0.664639244789225     
7300.86   1434750   1448390   237373   0.6629017160643621    
7303.56   1434410   1451010   239778   0.6609269415901204    
7306.27   1437960   1459510   243354   0.6576724110040059    
7309      1443690   1470320   246041   0.6543856756926871    
7311.75   1454500   1486850   248681   0.6507922796535136    
7314.52   1471270   1510820   252039   0.6464172654514023    
7317.3    1492960   1539490   256512   0.6423949363259144    
7320.11   1509540   1561060   259830   0.6396228534284301    
7322.94   1527260   1582370   263575   0.6377987176654104    
7325.78   1541000   1598780   265428   0.6364841432866165    
7328.64   1553410   1616060   268421   0.6338476400435007    
7331.53   1561000   1628240   269837   0.6313027427561311    
7334.43   1560390   1630820   269704   0.6293957272576971    
7337.35   1554680   1626960   268537   0.628143458890351     
7340.29   1558300   1632370   269041   0.6271832937438263    
7343.25   1562710   1637980   268104   0.6265990372184739    
7346.23   1569400   1647510   266212   0.6251216376781963    
7349.23   1582670   1666610   264946   0.6221206027574204    
7352.24   1593980   1684770   263619   0.6185302662698687    
7355.28   1601190   1698790   261921   0.6148844680614522    
7358.33   1588630   1691770   258371   0.6112772413594985    
7361.4    1507990   1608120   243484   0.6099394743264258    
7364.5    1572480   1686780   246108   0.6042601135741114    
7367.61   1597490   1720760   246128   0.6002367013143042    
7370.74   1586320   1713850   243088   0.5973454287206689    
7373.89   1573580   1704100   242442   0.5950672074178834    
7377.06   1545740   1677430   242741   0.5930615284005015    
7380.25   1468370   1597700   242304   0.5904996379720728    
7383.45   1551890   1691440   253987   0.588862706519756     
7386.68   1578260   1725500   263181   0.5858804675869783    
7389.92   1595350   1750680   269573   0.5822895968635386    
7393.19   1612180   1775810   271536   0.5786591454471898    
7396.47   1628060   1802960   275943   0.5734704737805854    
7399.77   1625250   1806120   275297   0.5701101258363646    
7403.09   1566640   1745330   268422   0.5677036168045281    
7406.43   1640260   1832640   277263   0.5649096146533996    
7409.79   1665840   1865790   280382   0.5625407142486087    
7413.17   1669910   1874680   280665   0.5603061660566032    
7416.57   1665010   1873940   279577   0.5578488565337003    
7419.98   1635420   1843480   274497   0.5563579270803076    
7423.42   1521560   1719330   261083   0.553997868224905     
7426.87   1609540   1819760   264793   0.5534591819303258    
7430.35   1618970   1836110   264499   0.5504618121956951    
7433.84   1624970   1850580   265803   0.5464522334679226    
7437.35   1634340   1868820   267176   0.5425317951379337    
7440.88   1654800   1901130   271006   0.5379914583616622    
7444.43   1685450   1946260   276109   0.5330564388871856    
7448      1705170   1977160   277875   0.5290768288239539    
7451.59   1710990   1989230   276257   0.526489081548255     
7455.2    1709060   1992420   274309   0.523850937910752     
7458.82   1693640   1977530   269452   0.5223419799657929    
7462.47   1674270   1957900   264112   0.5208671945749953    
7466.13   1658640   1942900   260550   0.5192361067180964    
7469.82   1644530   1930080   258431   0.5173783762288792    
7473.52   1633290   1921460   257683   0.5150772566546837    
7477.24   1628410   1921970   259285   0.5119303144387739    
7480.98   1625330   1924730   260522   0.5087152611004023    
7484.74   1622490   1927730   261536   0.5055213539976525    
7488.52   1617410   1928490   262448   0.5021112963852984    
7492.31   1609820   1925520   262790   0.4990563311897294    
7496.13   1608520   1930770   264465   0.4956456691715411    
7499.97   1610750   1940260   265402   0.4922475707262185    
7503.82   1620490   1958960   266904   0.48880563344133815   
7507.7    1629780   1978020   268152   0.48497431144105585   
7511.59   1622930   1975920   265571   0.48193174361929897   
7515.5    1597640   1949660   259175   0.4796843353136642    
7519.43   1587280   1943010   256960   0.47670035321238036   
7523.38   1584260   1945790   256521   0.4734795208955691    
7527.35   1583130   1950820   256397   0.47029629640490234   
7531.34   1585570   1960060   256690   0.46721936122910457   
7535.35   1580490   1958440   254887   0.46491815760210814   
7539.37   1574250   1955330   252972   0.4626319223789012    
7543.42   1582750   1973940   256021   0.4586831965075391    
7547.48   1606050   2012320   262890   0.45419820787065657   
7551.56   1627620   2047380   268629   0.45040030533507563   
7555.67   1636610   2068070   269993   0.4460082056330234    
7559.79   1622600   2057270   266157   0.44276119566993      
7563.93   1600440   2033140   259451   0.4408748391760924    
7568.09   1579540   2013560   254255   0.4375249060426725    
7572.27   1576750   2015900   254340   0.4346951507209276    
7576.46   1583020   2031470   257869   0.43109652510805124   
7580.68   1594860   2056030   262846   0.42668602019711827   
7584.92   1598170   2067420   266816   0.42335210545655166   
7589.17   1609730   2089200   272103   0.42019083618836356   
7593.45   1613100   2102910   275008   0.4158925568271712    
7597.74   1598730   2089890   272668   0.413248063712633     
7602.05   1580480   2074010   269169   0.4095256067355079    
7606.38   1570750   2069260   267752   0.40577509120306016   
7610.73   1559700   2059570   266304   0.4034896397987422    
7615.1    1559240   2068400   267842   0.399072002471773     
7619.49   1551630   2066250   268292   0.39535043776534334   
7623.9    1551660   2074190   269195   0.39166416002593      
7628.32   1549360   2079510   269109   0.3877567211518896    
7632.77   1549960   2088080   269812   0.3841578655405012    
7637.23   1559160   2109330   273336   0.38009361415091475   
7641.72   1570910   2136590   278233   0.3749420333390943    
7646.22   1562700   2132240   278615   0.3718489456091218    
7650.74   1538260   2105690   274866   0.3687255485617764    
7655.28   1523180   2093130   273381   0.3649880821608457    
7659.84   1517090   2093620   273371   0.36089194035005145   
7664.42   1523710   2112600   276021   0.3563800630036807    
7669.02   1522600   2120470   276553   0.35208415557996736   
7673.63   1526730   2135440   277951   0.34790507419521816   
7678.27   1533870   2155660   280143   0.3433083824133737    
7682.92   1541050   2175330   282259   0.3390450380290125    
7687.6    1539390   2182350   282765   0.33489154595877985   
7692.29   1532830   2181670   282631   0.33106724268380605   
7697      1533770   2192570   284884   0.3268451571870591    
7701.74   1533370   2201560   287005   0.32264047795929807   
7706.49   1535910   2215010   289738   0.3183556697857865    
7711.25   1546160   2239770   294384   0.31404259740504475   
7716.04   1552100   2258530   298014   0.3096892458527031    
7720.85   1563880   2286550   303417   0.30508246361980057   
7725.68   1565390   2299360   306280   0.30061797497203097   
7730.52   1566000   2310530   308429   0.29631297515692323   
7735.39   1562650   2315900   309466   0.2920017579272729    
7740.27   1570510   2338590   313109   0.2874301561717255    
7745.17   1587620   2374990   318954   0.28297745217898335   
7750.1    1583360   2378960   319925   0.27876852151412024   
7755.04   1571940   2371660   318927   0.2747447717074937    
7760      1544640   2339950   313977   0.2708236876654567    
7764.97   1508220   2292990   307152   0.26735785606264223   
7769.97   1459410   2226290   297725   0.2640949081185234    
7774.99   1422050   2177040   291123   0.2606536342862461    
7780.03   1397380   2147400   287413   0.25699046503419326   
7785.08   1385510   2137900   286458   0.253032768446313     
7790.16   1394050   2161860   290585   0.2482027095266776    
7795.25   1399250   2180150   294568   0.2436610277663874    
7800.36   1392510   2179340   295227   0.23935564850151947   
7805.49   1390030   2184800   295390   0.23521656137371663   
7810.64   1391050   2196850   298104   0.2306119188970437    
7815.81   1405150   2229880   303063   0.225938344143449     
7821      1424160   2271170   309387   0.22119600732885253   
7826.21   1433920   2297470   313517   0.2166716233263947    
7831.43   1435040   2309900   315724   0.21221357338238903   
7836.68   1433760   2318040   317241   0.20795337876016595   
7841.95   1445940   2348260   321595   0.20361277822170662   
7847.23   1462370   2387620   329106   0.19847012014123175   
7852.53   1468420   2408860   333411   0.1939028907935974    
7857.85   1466310   2416240   335252   0.18955881661501697   
7863.19   1468620   2431230   337462   0.18510501663713994   
7868.55   1448180   2407140   334717   0.18118535664633156   
7873.93   1418050   2366300   329622   0.17740525235456595   
7879.33   1406300   2357130   329235   0.17311835421568827   
7884.75   1399670   2356510   330184   0.16880748859193007   
7890.19   1379980   2333290   327498   0.16468742294281108   
7895.64   1351000   2292270   321586   0.16131872831892147   
7901.11   1333880   2273740   320433   0.1568398270882434    
7906.61   1335920   2287020   323330   0.15269045626282626   
7912.12   1345460   2311430   327963   0.14930852730901537   
7917.65   1343480   2318710   329908   0.14484818776050012   
7923.2    1340040   2322190   331387   0.1409228281562556    
7928.77   1341380   2335700   334770   0.13628460872834133   
7934.36   1348880   2359500   338485   0.13187730182644208   
7939.97   1351100   2373770   340283   0.1276411677144486    
7945.6    1344820   2372050   340440   0.12384086261755724   
7951.24   1337190   2369380   340450   0.11943247491051766   
7956.91   1337380   2379900   342519   0.11529018399059485   
7962.59   1343470   2400100   345981   0.11151447501520773   
7968.29   1342430   2408840   347678   0.10725506426252379   
7974.02   1318260   2374210   342300   0.10369228563640295   
7979.76   1279700   2311610   331134   0.10082662813504865   
7985.52   1265790   2299850   334895   0.0951959001474549    
7991.3    1260940   2299770   334879   0.09152105835092879   
7997.09   1240450   2271850   331180   0.08749416260403596   
8002.91   1237280   2274870   332263   0.08373909200349947   
8008.75   1238040   2286280   334460   0.0794992356960857    
8014.6    1239540   2299160   336687   0.07524212219910871   
8020.48   1240520   2311130   336780   0.07098935287999314   
8026.37   1240240   2325710   344648   0.06469630499781275   
8032.28   1223240   2303520   342282   0.06062474618827842   
8038.22   1200980   2271270   338637   0.05650383182330446   
8044.17   1227290   2333140   347892   0.05147553918245206   
8050.14   1225600   2340980   350161   0.04690382294795359   
8056.12   1229820   2360280   354223   0.04229278863760871   
8062.13   1234080   2379660   358446   0.037733807839649414  
8068.16   1237110   2397150   362386   0.033028746137555784  
8074.21   1230760   2395950   363430   0.02854124814075021   
8080.27   1226540   2399150   365138   0.023934029805041127  
8086.35   1212770   2383040   364558   0.01953613463740722   
8092.46   1189430   2348020   360849   0.015065246839978922  
8098.58   1180420   2340890   360759   0.010657692515115391  
8104.72   1187680   2367520   365812   0.005653529800777026  
8112.14   1188360   2382780   369531   0                     