# XDI/1.0 
# Spectrum.license:CC BY 4.0
# Publication.authors: Bruce Ravel
# Publication.affiliation: Brookhaven National Laboratory, NSLS-II
# Facility.name:NSLS-II
# Sample.temperature:rt
# Sample.prep:PEG pellet
# Sample.smiles:[Ca+2].[Fe+2].[Si+4].[Si+4].[O-2].[O-2].[O-2].[O-2].[O-2].[O-2]
# Publication.DOI: https://doi.org/10.18434/mds2-4032
# Sample.name:Hedenbergite
# Scan.number:scan1
# Sample.id:om107e
# Scan.start_time:2023-05-05
# Element.symbol:Fe
# Facility.energy:3.0 GeV
# Beamline.flux:Si(111): 2x10^12 at 10 keV; 6x10^10 at 20 keV; Si(311): 4x10^11 at 10 keV; 1x10^10 at 20 keV
# Beamline.name:Beamline for Materials Measurement (BMM)
# Beamline.energy_range:4.0 - 23
# Beamline.scan_mode:Transmission
# Beamline.energy_resolution:Si(111): 1.3 x 10^-4; Si(311):1.9 x 10^-5 
# Beamline.spot_size:300 µm
# Beamline.detector:Ionization chamber
# Beamline.website:https://www.bnl.gov/nsls2/beamlines/beamline.php?r=6-BM
# Mono.name:Si(111) and Si(311)
# Element.edge:K
# Column.1:Energy
# Column.2:I0
# Column.3:Itrans
# Column.4:Irefer
# Column.5:Mutrans
# Energy   I0           Itrans      Irefer     Mutrans               
6912.003   154.182274   28.62439    5.374436   1                     
6922.011   154.092586   28.868291   5.459068   0.9874944987743439    
6932.017   154.062652   29.124492   5.546587   0.9750394269676363    
6942.033   154.091822   29.387813   5.635333   0.9628859799034999    
6951.983   154.098607   29.653217   5.726139   0.9505459835638368    
6962.002   154.085714   29.914912   5.81658    0.9383113465630182    
6972.006   154.04291    30.181117   5.908954   0.9257083332109515    
6982.017   154.040772   30.447726   6.002335   0.913558399653642     
6992.014   154.02235    30.708391   6.094384   0.9016353619517161    
7002.011   153.970513   30.968097   6.186719   0.889555096440002     
7012.014   153.899418   31.213031   6.277954   0.87805171794171      
7022.008   153.83764    31.470158   6.370573   0.8661820105293708    
7032.014   153.769451   31.716603   6.461843   0.8548111226054095    
7042.013   153.677025   31.981741   6.556263   0.8424992986382885    
7052.011   153.612393   32.251005   6.650314   0.8303548944839901    
7062.004   152.912653   32.37334    6.712534   0.8188353727190006    
7072.013   153.423887   32.740179   6.822197   0.8078973850275659    
7081.978   153.365612   33.009824   6.903292   0.7960600711517355    
7083.978   153.087404   32.994535   6.902527   0.7941947068145518    
7085.978   153.254996   33.081331   6.923031   0.7920802092817871    
7087.985   153.227698   33.142851   6.935946   0.789271845676059     
7089.983   153.230726   33.191537   6.947199   0.787274423412062     
7091.991   153.198825   33.236554   6.952241   0.7851177791754724    
7093.991   153.172473   33.301532   6.961792   0.7821865680215336    
7096.325   153.133872   33.355484   6.964651   0.779606111277434     
7098.003   153.157744   33.40206    6.962848   0.7778964602858434    
7099.996   153.134678   33.459578   6.955176   0.7753156084621641    
7102.003   153.113661   33.512918   6.938308   0.7729292047139766    
7102.296   153.091311   33.512501   6.931901   0.772745015437264     
7102.591   153.05029    33.514758   6.927902   0.7722824887076192    
7102.889   153.057371   33.524782   6.924532   0.7719338240042752    
7103.19    153.082946   33.546778   6.920321   0.7712595966145945    
7103.485   153.081203   33.546401   6.913603   0.7712593925505854    
7103.785   153.054361   33.551494   6.905843   0.7708081272708706    
7104.089   153.05588    33.55769    6.898911   0.7705671213655807    
7104.384   153.023511   33.553087   6.888526   0.7704645960896056    
7104.683   153.036207   33.57447    6.884007   0.7697002928638146    
7104.989   153.076602   33.584902   6.874102   0.7696358217339585    
7105.287   153.086632   33.598001   6.865257   0.7691883336294009    
7105.589   153.070935   33.602067   6.852814   0.7688799845068647    
7105.89    153.393637   33.68315    6.854486   0.7684604512190631    
7106.188   153.408628   33.695544   6.840448   0.7680878086986282    
7106.488   153.369036   33.697731   6.823741   0.7676422680524869    
7106.794   153.382034   33.702627   6.805417   0.7675587718951371    
7107.092   153.363858   33.70217    6.784076   0.767414015551513     
7107.383   153.375755   33.708908   6.760284   0.7672452751819313    
7107.685   153.386437   33.721301   6.734134   0.7668343294090146    
7107.987   153.363608   33.729965   6.702782   0.7662746883837152    
7108.289   153.356068   33.736646   6.664487   0.7659336977187534    
7108.593   153.330152   33.738348   6.618911   0.7656310021221336    
7108.886   153.330086   33.745591   6.567049   0.7653343285860351    
7109.191   153.311618   33.746387   6.50082    0.7651356515372597    
7109.491   153.312707   33.753396   6.416397   0.7648590018615248    
7109.799   153.299178   33.763877   6.301959   0.7643090488448874    
7110.099   153.289526   33.767254   6.147456   0.7640842536711956    
7110.395   153.261784   33.76238    5.924695   0.7640337121201202    
7110.693   153.233579   33.766609   5.615869   0.7636070948901736    
7110.995   153.22593    33.770895   5.207936   0.763363177550674     
7111.297   153.19915    33.76888    4.720286   0.7632043899665717    
7111.595   153.172981   33.769614   4.221631   0.7629387807691688    
7111.891   153.111288   33.766479   3.774097   0.7625111837261195    
7112.194   153.079731   33.762967   3.415811   0.7623703395149578    
7112.492   153.041081   33.762596   3.148045   0.762037200806049     
7112.798   153.02263    33.751371   2.943799   0.7623295504844527    
7113.094   153.013787   33.746142   2.781684   0.7624635480800365    
7113.397   153.000525   33.762418   2.641303   0.7616789070150886    
7113.697   152.991696   33.771234   2.513766   0.7612391951642831    
7114       152.982727   33.775649   2.397476   0.760978023725138     
7114.302   152.974731   33.784872   2.295745   0.760529338137304     
7114.598   152.971122   33.78434    2.212222   0.7605185166603042    
7114.901   152.958712   33.791259   2.147226   0.760124162236392     
7115.197   152.913977   33.793854   2.100657   0.7596147852366643    
7115.5     152.886223   33.799969   2.066845   0.7591148543797       
7115.802   152.884071   33.814405   2.043389   0.7585064620103423    
7116.099   152.876338   33.819364   2.024227   0.7582344285656107    
7116.393   152.893371   33.82759    2.004801   0.7580526453429918    
7116.689   152.87566    33.834111   1.977337   0.7576269932177001    
7116.998   152.866361   33.832866   1.934849   0.7575938468295206    
7117.299   152.857735   33.837769   1.874636   0.7573161404184077    
7117.598   152.83437    33.82966    1.794123   0.757435872416198     
7117.896   152.826408   33.812895   1.695092   0.7580477284801004    
7118.197   152.801359   33.79247    1.583249   0.7586550697129       
7118.502   152.800781   33.783337   1.468258   0.7590226840336258    
7118.807   152.801685   33.776885   1.356711   0.7592942917373455    
7119.104   152.77953    33.748659   1.253413   0.7602474024423801    
7119.398   152.750921   33.719874   1.157778   0.7611660376498749    
7119.699   152.727083   33.678299   1.067173   0.7626524374960406    
7120       152.721368   33.641338   0.98005    0.7641154051330236    
7120.296   152.69816    33.589149   0.896976   0.7660472140213498    
7120.593   152.663377   33.541313   0.819807   0.7676987269099937    
7120.894   152.648959   33.498673   0.75079    0.7693230384998943    
7121.197   152.638781   33.454222   0.689239   0.771062552402585     
7121.5     152.613061   33.416579   0.638008   0.7723829985341295    
7121.801   152.608053   33.383481   0.594492   0.7737045695464113    
7122.105   152.583232   33.344457   0.557968   0.775093512482902     
7122.397   152.573069   33.301625   0.526059   0.7767745401888698    
7122.705   152.58027    33.256861   0.497229   0.7786949469225335    
7123.004   152.55729    33.205303   0.472711   0.7806271883066087    
7123.305   152.537546   33.138447   0.450335   0.7832285800105817    
7123.6     152.496915   33.065156   0.431403   0.7859150651898383    
7123.901   152.497924   33.003085   0.414649   0.7885159041818024    
7124.2     152.468584   32.947791   0.399011   0.7905633599105419    
7124.501   152.466399   32.894381   0.384613   0.792781331361155     
7124.803   152.443039   32.836533   0.371573   0.794997767165853     
7125.097   152.427845   32.779442   0.359277   0.797260493061252     
7125.399   152.407944   32.728729   0.34746    0.7992159730666982    
7125.7     152.392726   32.688603   0.336336   0.800770333342401     
7126.002   152.34811    32.656975   0.326015   0.8017016548025262    
7126.303   152.346973   32.645344   0.315572   0.8021826974647338    
7126.605   152.323149   32.631603   0.30552    0.8025476814093095    
7126.9     152.306451   32.608769   0.294692   0.8033619795244061    
7127.203   152.220198   32.571239   0.283532   0.8041690222105876    
7127.503   152.280749   32.54692    0.271767   0.8057478117301717    
7127.804   152.254807   32.507801   0.260018   0.8071716398126991    
7128.102   152.207718   32.44888    0.248367   0.8092472724466679    
7128.397   152.175243   32.403371   0.236781   0.8108887640482508    
7128.698   152.15623    32.362906   0.224883   0.8124399608967466    
7128.998   152.161941   32.327985   0.213234   0.8139808664085152    
7129.3     152.109686   32.289223   0.202289   0.8151619202486484    
7129.599   152.023885   32.234367   0.192303   0.8167289604722878    
7129.899   152.040671   32.235759   0.184014   0.8168216884459978    
7130.205   152.01997    32.224015   0.177091   0.8171364719122202    
7130.505   151.995259   32.215608   0.171951   0.8172721435168576    
7130.804   151.979795   32.235833   0.16859    0.8162661470959063    
7131.1     151.960137   32.255152   0.167577   0.8152613540729571    
7131.404   151.940795   32.279484   0.168504   0.8140456786415984    
7131.706   151.918903   32.298721   0.171497   0.8130251759079       
7132.003   151.887788   32.31452    0.176339   0.812068120573806     
7132.301   151.920017   32.338601   0.182516   0.8113332782064143    
7132.601   151.861862   32.354372   0.189786   0.8101326775566838    
7132.899   151.853784   32.380422   0.197913   0.8089492095611424    
7133.201   151.85428    32.410961   0.206984   0.8076534603509945    
7133.496   151.880548   32.446828   0.216484   0.8063664940044676    
7133.798   151.865713   32.462366   0.225969   0.8055714047329774    
7134.098   151.872507   32.489199   0.234968   0.8044934621490106    
7134.403   151.854471   32.524859   0.243576   0.8028165591015314    
7134.707   151.889466   32.566971   0.251574   0.8013496644575503    
7135.001   151.882047   32.597455   0.258274   0.7999918083451909    
7135.301   151.845593   32.616754   0.264298   0.7988443510619937    
7135.603   151.838961   32.642261   0.269525   0.7977058816347055    
7135.905   151.833419   32.667085   0.273941   0.796606991842591     
7136.203   151.835684   32.694121   0.276902   0.7954864954418077    
7136.503   151.852924   32.723491   0.279109   0.7944045867536782    
7136.795   151.84184    32.733529   0.280218   0.7938808649148421    
7136.998   151.847899   32.753447   0.280342   0.793096864928842     
7137.998   151.846799   32.823489   0.275831   0.790140428121387     
7139.003   151.830572   32.872443   0.26452    0.7879374125357004    
7140.021   151.83015    32.915256   0.252199   0.7861383419350494    
7141.079   151.806014   32.935696   0.243825   0.7850627923863005    
7142.134   151.799649   32.966917   0.242787   0.7836980811856455    
7143.214   151.817534   33.007136   0.246719   0.7821788797021135    
7144.313   151.814177   33.06509    0.251201   0.779728714513735     
7145.435   151.815335   33.124089   0.250542   0.7772802921416402    
7146.578   151.807974   33.178526   0.241644   0.7749484848772037    
7147.724   151.802714   33.242815   0.227262   0.772230639207826     
7148.903   151.797422   33.319229   0.21264    0.7690156333644191    
7150.098   151.810778   33.39802    0.202835   0.7658791496341253    
7151.314   151.778367   33.461742   0.197563   0.762955491208634     
7152.547   151.762541   33.525267   0.193782   0.7601956192708449    
7153.801   151.734459   33.574536   0.192129   0.7579148183910414    
7155.058   151.699621   33.615321   0.193926   0.7559235861331102    
7156.355   151.733735   33.662911   0.198012   0.7542823922249251    
7157.669   151.720801   33.696169   0.201182   0.7528027703330569    
7158.993   151.695754   33.723479   0.202542   0.7514576026020857    
7160.339   151.673118   33.742162   0.203232   0.7504878354746537    
7161.714   151.61709    33.73496    0.204702   0.7502726595750461    
7163.093   151.580963   33.733947   0.207987   0.7499853809009505    
7164.502   151.538927   33.732617   0.212648   0.7496572043656072    
7165.924   151.50172    33.721617   0.216228   0.7497683616236371    
7167.36    151.476286   33.72368    0.218778   0.7494524054517063    
7168.82    151.426674   33.73114    0.221546   0.7486954945851532    
7170.303   151.409373   33.75197    0.225579   0.7476863946775405    
7171.795   151.368359   33.765344   0.232482   0.7467662824618274    
7173.327   151.328361   33.792658   0.242908   0.7452864430419343    
7174.86    151.281358   33.810408   0.256118   0.7441336531105678    
7176.424   151.246038   33.825874   0.271502   0.7431807895809326    
7177.991   151.234347   33.861861   0.286057   0.7416075180997019    
7179.598   151.230227   33.909014   0.296316   0.7396505791308383    
7181.202   151.179034   33.942056   0.299193   0.7378402058307094    
7182.843   151.171598   33.981636   0.296876   0.7361648816279854    
7184.49    151.149191   34.021204   0.290984   0.7343553012684007    
7186.161   151.216969   34.084204   0.280328   0.7324218495486393    
7187.849   151.610527   34.224495   0.267175   0.7303413854473069    
7189.563   151.543453   34.269483   0.253079   0.7279191279157068    
7191.292   149.94833    33.96266    0.23605    0.7257286923136266    
7193.05    151.207022   34.300483   0.225722   0.7236064728485467    
7194.801   151.387836   34.398619   0.221731   0.7213142136433971    
7196.6     151.35543    34.454788   0.226758   0.7187685160915271    
7198.392   151.317324   34.493136   0.238545   0.7168869041098914    
7200.224   151.291822   34.546579   0.255387   0.7145190086362488    
7202.059   151.259514   34.604875   0.275765   0.7118988656809953    
7203.92    151.201834   34.652632   0.299113   0.7094705714238257    
7205.799   151.128445   34.699161   0.321495   0.706950144738185     
7207.71    151.077416   34.747766   0.33251    0.7045536213962852    
7209.62    151.015058   34.783317   0.322575   0.7025737186566443    
7211.56    150.945915   34.816143   0.290527   0.7006409750705949    
7213.525   150.913747   34.859916   0.246374   0.6986139407593797    
7215.5     150.833237   34.904264   0.206024   0.6961242998176793    
7217.496   150.820851   34.967031   0.176913   0.6935329040712476    
7219.5     150.766933   35.007959   0.161099   0.6914262198589268    
7221.536   150.719294   35.054629   0.158122   0.689152756970276     
7223.597   150.677502   35.105889   0.1685     0.686754773378982     
7225.664   150.546198   35.133148   0.19015    0.6844817011495684    
7227.755   147.908632   34.569227   0.216464   0.6824208936014751    
7229.86    150.716968   35.286914   0.25652    0.6800218223032344    
7231.993   150.65167    35.331792   0.295966   0.677671018125171     
7234.132   150.560068   35.371863   0.333006   0.6752686593832323    
7236.305   150.539697   35.420471   0.360038   0.6731878834147139    
7238.494   150.485769   35.457577   0.372593   0.671249498287002     
7240.697   150.458998   35.508978   0.371076   0.6690060410214617    
7242.914   150.456809   35.561279   0.358928   0.6669558946259067    
7245.16    147.58317    34.932785   0.334583   0.664952331396285     
7247.423   150.194994   35.61351    0.3259     0.6625292416077657    
7249.699   150.197277   35.664056   0.319837   0.6605939554416129    
7252.005   150.083177   35.696981   0.32331    0.6582729568422933    
7254.326   147.717379   35.192798   0.328421   0.6559775882837018    
7256.666   150.137427   35.832296   0.341503   0.6535528470909222    
7259.004   149.99177    35.865635   0.339162   0.6509313183069486    
7261.394   149.531521   35.829056   0.329138   0.6480998751724388    
7263.784   138.579616   33.255849   0.29709    0.6459844532751954    
7266.203   149.71935    36.00588    0.314682   0.6430409296975965    
7268.639   150.340877   36.222989   0.307753   0.6404629695038272    
7271.083   150.279437   36.285451   0.293773   0.6375227788244682    
7273.565   149.072674   36.069907   0.276878   0.6346198948176014    
7276.049   150.306366   36.448291   0.27087    0.6315937855722489    
7278.564   150.248286   36.511741   0.266424   0.6286616638215814    
7281.085   150.235767   36.574553   0.259408   0.6261759180583041    
7283.637   149.145217   36.376059   0.248252   0.6236331512729553    
7286.202   149.82713    36.622491   0.241169   0.620612469375416     
7288.783   149.923049   36.717236   0.238203   0.6179314594479048    
7291.391   149.895565   36.786736   0.247335   0.6150702367946922    
7294.012   149.83072    36.857821   0.26942    0.6118106815643096    
7296.661   149.788807   36.922534   0.298208   0.6090051970699152    
7299.318   149.67069    36.971552   0.32716    0.6060871669522285    
7302.001   147.976977   36.631747   0.349086   0.6031253870393344    
7304.707   149.794651   37.163971   0.373575   0.6000690651904501    
7307.419   149.707634   37.223372   0.387242   0.5970647282595852    
7310.161   149.644528   37.276077   0.392865   0.5945315945739809    
7312.919   149.594578   37.335272   0.393534   0.5918824945549759    
7315.699   149.507287   37.398903   0.39381    0.5887286414398346    
7318.481   149.464103   37.462082   0.396185   0.5860020476446448    
7321.302   149.413045   37.535549   0.398712   0.5828284732889412    
7324.141   149.349021   37.595031   0.40095    0.5800532737823574    
7326.981   149.270285   37.650114   0.402095   0.5773064838959482    
7329.859   149.186625   37.707712   0.40479    0.5744247394452512    
7332.757   149.118771   37.778759   0.412878   0.5712008764352452    
7335.663   149.053931   37.845229   0.423564   0.5681763002239881    
7338.587   147.8088     37.612462   0.426116   0.5651154031340657    
7341.534   148.856547   37.962476   0.426093   0.5620819734465914    
7344.5     148.844394   38.05135    0.411752   0.5587440370004387    
7347.481   148.787752   38.108069   0.390225   0.5561645979276845    
7350.498   148.720821   38.180545   0.369988   0.5529232395408038    
7353.519   148.648754   38.254198   0.353254   0.5495964769949281    
7356.564   148.578446   38.330026   0.339002   0.5462125632478355    
7359.621   148.494312   38.395606   0.327178   0.5430734157603745    
7362.698   148.424368   38.461122   0.318607   0.5400720183844904    
7365.799   148.367772   38.530472   0.315907   0.537061157159194     
7368.926   148.290969   38.605159   0.320688   0.5336759275038288    
7372.065   148.249708   38.679544   0.334785   0.5306369798856269    
7375.218   148.14653    38.749695   0.36053    0.5271773759532463    
7378.393   148.054851   38.820747   0.398332   0.5237967414945741    
7381.584   147.952716   38.883844   0.441982   0.5206048795205696    
7384.806   147.913452   38.963485   0.476536   0.5174166130714155    
7388.033   147.835526   39.038536   0.490543   0.5140355064707312    
7391.282   147.787902   39.110373   0.48875    0.511055295996738     
7394.559   147.708503   39.1801     0.481237   0.5078571907306838    
7397.848   147.645527   39.264085   0.475914   0.5043155281770115    
7401.16    147.556354   39.338138   0.476416   0.5008832665239802    
7404.481   147.463947   39.426029   0.47912    0.49694093728134103   
7407.833   147.350937   39.482067   0.479817   0.49392441247610824   
7411.198   147.30538    39.575502   0.479619   0.49023760519298326   
7414.578   147.194497   39.64666    0.480057   0.4867211423917651    
7417.992   147.058727   39.708028   0.482692   0.48331496301514415   
7421.401   146.97678    39.774708   0.489452   0.480231876222887     
7424.861   146.886584   39.851568   0.500654   0.47672239292862695   
7428.319   146.831052   39.941388   0.50941    0.4730955627713349    
7431.802   146.731766   40.020748   0.51127    0.4694247305498468    
7435.301   146.641526   40.097348   0.509588   0.46593871737527104   
7438.819   146.508408   40.166502   0.502285   0.4623092686800212    
7442.354   146.350259   40.226276   0.489979   0.4587684709210983    
7445.91    142.445617   39.247214   0.463518   0.45545463492092914   
7449.483   146.280516   40.414318   0.467054   0.4516783169810291    
7453.091   144.959254   40.152367   0.460497   0.4481325489304366    
7456.704   146.025144   40.548996   0.466096   0.4446794579705418    
7460.333   145.44579    40.492406   0.468736   0.44112248075116944   
7463.992   145.841586   40.704935   0.478147   0.43765032179138147   
7467.66    141.850346   39.694431   0.478933   0.43405037703878885   
7471.345   145.77247    40.901599   0.510197   0.4303484898636486    
7475.06    145.637114   40.970876   0.527292   0.4267329284564504    
7478.798   145.498398   41.035799   0.540784   0.42323460723364464   
7482.533   145.367784   41.105588   0.553451   0.41965207258969656   
7486.303   145.245239   41.178029   0.569716   0.41606019413380935   
7490.098   145.116688   41.256348   0.586607   0.41221798711249885   
7493.897   145.005719   41.340822   0.599527   0.4083415475802126    
7497.727   144.90362    41.422947   0.60477    0.4046327085809404    
7501.587   144.786292   41.503817   0.60341    0.4008252421179781    
7505.431   144.634743   41.568872   0.600944   0.3972204587310458    
7509.302   144.501629   41.629498   0.601172   0.39394025526175835   
7513.206   144.385852   41.703088   0.605041   0.39039859182721837   
7517.101   144.256939   41.789875   0.610919   0.3862990972054073    
7521.047   144.114387   41.867207   0.61595    0.3823853762028967    
7525.031   143.975163   41.945597   0.618693   0.37847210370512874   
7529.004   143.838384   42.032506   0.619503   0.37430622350124976   
7532.985   143.717853   42.112542   0.620095   0.3705260310791573    
7537.015   143.553951   42.175465   0.62354    0.36689274288581064   
7541.029   143.41492    42.258477   0.629283   0.3628440907446751    
7545.102   143.26113    42.323489   0.634643   0.35924386215665566   
7549.171   143.112651   42.404543   0.639387   0.3551745843565215    
7553.241   142.971441   42.482307   0.640296   0.35128580514748975   
7557.382   142.84746    42.554273   0.636536   0.3477545889737325    
7561.501   142.654566   42.610021   0.632549   0.3440850140554032    
7565.656   142.511024   42.694571   0.632327   0.33996221703175483   
7569.811   142.392189   42.778414   0.638706   0.33610557501481564   
7573.966   142.222009   42.857355   0.650781   0.33191315856472475   
7578.201   142.043831   42.920971   0.666494   0.32813818069324757   
7582.432   141.890956   43.002726   0.683833   0.3240281235811605    
7586.672   141.712967   43.07249    0.697178   0.32006096857868466   
7590.902   141.525416   43.139188   0.70648    0.3161000950620596    
7595.172   141.281731   43.190609   0.711925   0.31207996958360557   
7599.479   141.049542   43.238167   0.714954   0.3082933433138738    
7603.833   140.478947   43.17659    0.717614   0.3046679662327981    
7608.172   140.258663   43.243055   0.72572    0.3003817500746583    
7612.492   140.055652   43.301305   0.736295   0.29652716310911925   
7616.915   140.482852   43.555137   0.747542   0.2926660624192794    
7621.299   140.568701   43.72227    0.752128   0.2882260506691732    
7625.716   140.557679   43.847961   0.754519   0.2841584096512051    
7630.148   140.463166   43.944738   0.75939    0.2801897144863892    
7634.601   140.330595   44.024598   0.768183   0.2763829776268931    
7639.071   140.138591   44.093689   0.779486   0.27233153324001513   
7643.556   139.958172   44.168128   0.791004   0.2682280422191008    
7648.027   139.817648   44.249471   0.801708   0.2643045764574744    
7652.584   139.661358   44.329732   0.809031   0.26026234673369114   
7657.151   139.462819   44.402625   0.814779   0.2560339838374871    
7661.713   139.293404   44.479675   0.819208   0.25196604980868675   
7666.264   139.080089   44.528827   0.820386   0.24832879744139336   
7670.878   138.912153   44.627067   0.821821   0.2436226209723107    
7675.528   138.716067   44.695699   0.822726   0.23955463345381917   
7680.169   138.490597   44.74209    0.824088   0.23587999498709547   
7684.825   138.209066   44.777086   0.827635   0.23199478138910878   
7689.48    138.3864     44.963897   0.837291   0.22802088816407873   
7694.207   138.070606   45.010864   0.84756    0.22342975032315862   
7698.906   137.842287   45.066716   0.8571     0.21943652728266466   
7703.65    137.564582   45.136886   0.866755   0.21450895006369322   
7708.419   137.500422   45.250187   0.877738   0.21040754519785929   
7713.185   137.248412   45.30558    0.888713   0.20618979590090739   
7718.01    137.001343   45.359405   0.899799   0.2020668837685323    
7722.788   136.890584   45.446335   0.910759   0.19831045841391418   
7727.616   136.653696   45.499175   0.918545   0.19431873849919348   
7732.48    136.394474   45.567723   0.925616   0.18962334386063587   
7737.361   136.131857   45.611106   0.931815   0.1856524846611659    
7742.248   136.225473   45.782543   0.941882   0.18142605273062395   
7747.134   135.920165   45.822268   0.949535   0.1771349975008795    
7752.116   135.701473   45.879296   0.956265   0.17319839683583818   
7757.015   135.507676   45.964018   0.964155   0.1686824667192277    
7761.985   135.269354   46.026087   0.973636   0.16439316291686454   
7767.013   135.050224   46.097578   0.984669   0.1600161646663757    
7772.006   134.841883   46.17488    0.996267   0.15557562489970278   
7777.013   134.614347   46.244969   1.00697    0.15115411210675475   
7782.051   134.421431   46.318659   1.016211   0.14697987353445277   
7787.108   134.19114    46.380321   1.024968   0.14277982822040589   
7792.187   134.037024   46.470475   1.033605   0.13851631901681566   
7797.295   133.842938   46.53195    1.0416     0.13469417682390883   
7802.43    133.602645   46.591616   1.047915   0.13044813851301162   
7807.584   133.404546   46.6835     1.054961   0.1256839861182853    
7812.697   133.206933   46.758721   1.061919   0.12141861186405209   
7817.91    132.976001   46.812357   1.069158   0.11744405671768535   
7823.068   132.708529   46.8341     1.076228   0.1140263839864218    
7828.285   132.468672   46.891883   1.083923   0.10983046167234482   
7833.544   132.229063   46.975075   1.092568   0.10488842460279157   
7838.773   131.703829   46.929567   1.09806    0.10073557606334783   
7844.085   131.832822   47.136588   1.110797   0.09601466048666625   
7849.331   131.553245   47.182018   1.120547   0.09175774027295464   
7854.659   130.511905   46.962269   1.123273   0.08723517029831615   
7859.972   131.14383    47.330174   1.141025   0.08313405515168591   
7865.341   130.902222   47.384286   1.152507   0.07901455409201864   
7870.696   130.679859   47.454514   1.164312   0.07462679103788067   
7876.085   130.418945   47.503278   1.17605    0.07045348983337213   
7881.482   130.176302   47.565722   1.187544   0.06607298048539771   
7886.929   129.940883   47.638493   1.198776   0.06146770373649515   
7892.343   129.704489   47.70715    1.209754   0.05696968838577835   
7897.819   129.407744   47.756817   1.220019   0.052375198140612526  
7903.289   129.233611   47.845632   1.231969   0.04795517149306996   
7908.786   128.996909   47.925896   1.243348   0.04311460889062053   
7914.302   128.719462   47.95909    1.253524   0.03918980496763495   
7919.846   128.449691   48.014432   1.263499   0.03470529134625163   
7925.394   128.253733   48.103192   1.275491   0.030052019974393475  
7930.976   127.844976   48.096343   1.284773   0.02584541904667134   
7936.575   127.478723   48.107393   1.292851   0.021571426450453048  
7942.187   127.503931   48.254884   1.303468   0.017621842861234957  
7947.829   127.176225   48.279052   1.311751   0.013381596278318305  
7953.479   126.81677    48.310572   1.321055   0.008577344623908766  
7959.138   126.532838   48.361206   1.331143   0.004040847138080734  
7964.843   126.184011   48.36938    1.339783   0                     