*Spectrum*
- Title: Fe K edge XAS transmission of Fe metallic reference foil at ambient conditions
- Version: #1 (2018-01-31 23:51:01 UTC)
- Measurement type: laboratory measurement (spectrum)
- Spectrum type: transmission (AU)
- Spectral unit: Energy (eV)
- Valid spectral range(s): 7004.290158-7963.25018 eV (Resol. 0.36 eV)
- Observation geometry: 
- Spatial observation mode: single spot
- Data analysis: raw averaged spectra
- Quality flag: 4
- File name: XAS_trans_FeFoil_300K.data.txt
- Comments: 

*Sample*
- Name: Fe metallic foil
- Origin(s): commercial
- Type: compact
- Temperature: 293.0 +/- 2.0 K
- Pressure: 

*Experiment*
- Title: Fe K edge XAS transmission of Fe metallic foil reference at ambient conditions
- Version: #1 (2018-01-31 23:51:01 UTC)
- Experimentalist(s): Testemale Denis
- Database(s): FAME @ SSHADE
- DOI: https://doi.org/10.26302/SSHADE/EXPERIMENT_DT_20170706_006

*Data reference*
- Testemale, Denis (2016): Fe K edge XAS transmission of Fe metallic foil reference at ambient conditions. SSHADE/FAME (OSUG Data Center). Dataset/Spectral Data. https://doi.org/10.26302/SSHADE/EXPERIMENT_DT_20170706_006




energy(ev)	transmission(au)
7004.410158	0.12029
7007.800159	0.11688
7010.840159	0.11388
7013.860159	0.11066
7016.850159	0.10797
7019.890159	0.10615
7022.870159	0.10214
7026.000159	0.09935
7028.970159	0.09761
7032.000159	0.09422
7035.000159	0.09168
7038.040159	0.08967
7041.080159	0.08699
7044.100159	0.08418
7047.110159	0.08059
7050.090159	0.07936
7053.070160	0.07749
7056.050160	0.07404
7059.080160	0.07222
7062.070160	0.06997
7065.080160	0.06745
7068.050160	0.06527
7071.080160	0.06390
7074.100160	0.06110
7077.060160	0.06003
7080.040160	0.05750
7083.080160	0.05400
7086.070160	0.05306
7089.070160	0.05113
7092.080160	0.04984
7095.030160	0.04897
7098.070161	0.04969
7101.100161	0.05063
7104.040161	0.05382
7104.370161	0.05511
7104.640161	0.05586
7104.950161	0.05567
7105.250161	0.05692
7105.550161	0.05728
7105.850161	0.05773
7106.150161	0.05929
7106.440161	0.06010
7106.750161	0.06251
7107.050161	0.06432
7107.360161	0.06496
7107.660161	0.06651
7107.960161	0.06905
7108.260161	0.07182
7108.550161	0.07421
7108.850161	0.07705
7109.150161	0.08146
7109.450161	0.08571
7109.760161	0.09184
7110.060161	0.10008
7110.350161	0.10926
7110.650161	0.12314
7110.950161	0.14054
7111.250161	0.17126
7111.550161	0.21803
7111.860161	0.28757
7112.170161	0.36885
7112.470161	0.44027
7112.760161	0.50018
7113.050161	0.54775
7113.360161	0.58771
7113.650161	0.62241
7113.960161	0.65466
7114.250161	0.68566
7114.580161	0.71847
7114.870161	0.74384
7115.160161	0.76697
7115.450161	0.78511
7115.760161	0.80096
7116.060161	0.81172
7116.360161	0.81798
7116.650161	0.82268
7116.960161	0.82771
7117.270161	0.83447
7117.560161	0.84515
7117.860161	0.86307
7118.150161	0.88951
7118.450161	0.92556
7118.750161	0.96860
7119.050161	1.01582
7119.360161	1.06625
7119.670161	1.11653
7119.960161	1.16529
7120.250161	1.21636
7120.550161	1.26978
7120.860161	1.32631
7121.150161	1.38228
7121.450161	1.43972
7121.760161	1.49398
7122.070161	1.54238
7122.370161	1.58676
7122.650161	1.62478
7122.960161	1.66233
7123.250161	1.69655
7123.560161	1.72843
7123.840161	1.75685
7124.160161	1.78484
7124.460161	1.80985
7124.770161	1.83346
7125.050161	1.85505
7125.360161	1.87783
7125.650161	1.89719
7125.960161	1.91840
7126.260161	1.93766
7126.560161	1.95772
7126.870161	1.97842
7127.170161	1.99951
7127.460161	2.02131
7127.760161	2.04406
7128.050161	2.06916
7128.350161	2.09646
7128.650161	2.12751
7128.960161	2.16129
7129.260161	2.19321
7129.570161	2.22784
7129.860161	2.26057
7130.160161	2.29248
7130.460161	2.32067
7130.750161	2.34648
7131.050161	2.36923
7131.360161	2.38456
7131.670161	2.39026
7131.980161	2.38875
7132.260161	2.37802
7132.560161	2.36107
7132.860161	2.33885
7133.160161	2.31179
7133.440161	2.28441
7133.750161	2.25438
7134.060161	2.22431
7134.380161	2.19543
7134.660161	2.17303
7134.960161	2.14824
7135.250161	2.12800
7135.560161	2.11043
7135.860161	2.09443
7136.150161	2.08250
7136.460161	2.07172
7136.770161	2.06396
7137.060161	2.05878
7137.350161	2.05754
7137.660161	2.05693
7137.950161	2.05792
7138.260161	2.06197
7138.550161	2.06882
7138.850161	2.07542
7139.170161	2.08227
7139.470162	2.09131
7139.750162	2.09931
7140.060162	2.10933
7140.360162	2.12007
7140.660162	2.12986
7140.960162	2.13536
7141.250162	2.14264
7141.580162	2.14834
7141.870162	2.14909
7142.160162	2.15189
7142.450162	2.15253
7142.760162	2.15130
7143.050162	2.14974
7143.360162	2.14627
7143.650162	2.14230
7143.970162	2.13706
7144.270162	2.13424
7144.570162	2.13122
7144.850162	2.12792
7145.160162	2.12781
7145.470162	2.12619
7145.750162	2.12715
7146.050162	2.13035
7146.360162	2.13391
7146.670162	2.13953
7146.960162	2.14751
7147.260162	2.15639
7147.560162	2.16568
7147.850162	2.17692
7148.160162	2.18928
7148.450162	2.20036
7148.760162	2.21217
7149.080162	2.22328
7149.360162	2.23449
7149.670162	2.24404
7149.960162	2.25194
7151.100162	2.27910
7153.720162	2.30593
7154.890162	2.30612
7156.170162	2.29447
7157.500162	2.28099
7158.800162	2.27384
7160.140162	2.27102
7161.500162	2.26751
7162.870162	2.25975
7164.280162	2.24634
7165.660162	2.23388
7167.120162	2.22496
7168.550162	2.21657
7170.040162	2.20690
7171.520162	2.19297
7173.020162	2.16913
7174.560162	2.13810
7176.070162	2.10231
7177.660162	2.06499
7179.240162	2.03518
7180.820162	2.02107
7182.490162	2.02000
7184.110163	2.02764
7185.730163	2.04515
7187.440163	2.07516
7189.120163	2.10692
7190.840163	2.14447
7192.600163	2.18445
7194.310163	2.21188
7196.120163	2.21197
7197.890163	2.19067
7199.700163	2.15048
7201.550163	2.10356
7203.330163	2.05442
7205.240163	2.00024
7207.130163	1.96140
7209.010163	1.95398
7210.950163	1.99178
7212.890163	2.07792
7214.830163	2.18947
7216.850163	2.30445
7218.820163	2.39088
7220.820163	2.43538
7222.870163	2.42588
7224.940163	2.36521
7227.010163	2.27793
7229.100164	2.18203
7231.180164	2.08567
7233.330164	1.99618
7235.490164	1.92889
7237.650164	1.88889
7239.850164	1.87586
7242.040164	1.88668
7244.290164	1.91330
7246.460164	1.94495
7248.820164	1.97097
7251.040164	1.97560
7253.360164	1.96092
7255.670164	1.94078
7258.030164	1.93256
7260.360164	1.94186
7262.730164	1.95973
7265.150164	1.97541
7267.560164	1.98885
7269.960164	2.00873
7272.420165	2.04176
7274.920165	2.07320
7277.400165	2.08778
7279.880165	2.09926
7282.440165	2.11991
7284.970165	2.14380
7287.530165	2.16338
7290.110165	2.16399
7292.730165	2.12940
7295.360165	2.06922
7297.960165	2.00528
7300.640165	1.94810
7303.320165	1.90212
7306.000165	1.86965
7308.720165	1.85014
7311.460165	1.84288
7314.220165	1.84382
7316.970166	1.84221
7319.800166	1.83878
7322.540166	1.83416
7325.430166	1.83110
7328.240166	1.82847
7331.120166	1.82151
7334.010166	1.80738
7336.920166	1.79154
7339.820166	1.78455
7342.770166	1.79252
7345.730166	1.81843
7348.700166	1.85282
7351.690166	1.88618
7354.720166	1.91591
7357.770166	1.94146
7360.820167	1.96253
7363.890167	1.97813
7366.950167	1.98218
7370.080167	1.97064
7373.230167	1.93943
7376.360167	1.88955
7379.550167	1.82269
7382.740167	1.75649
7385.880167	1.71383
7389.160167	1.69830
7392.420167	1.70211
7395.630167	1.71313
7398.960167	1.71967
7402.230167	1.71724
7405.560168	1.71478
7408.900168	1.71276
7412.230168	1.71421
7415.600168	1.71368
7419.040168	1.70920
7422.450168	1.70021
7425.840168	1.68393
7429.300168	1.67426
7432.800168	1.67281
7436.250168	1.67440
7439.760168	1.68451
7443.350168	1.70144
7446.830168	1.72010
7450.430169	1.73176
7454.000169	1.73629
7457.590169	1.73392
7461.250169	1.72694
7464.850169	1.71687
7468.510169	1.69859
7472.210169	1.67424
7475.860169	1.65468
7479.600169	1.63653
7483.350169	1.62355
7487.100169	1.60383
7490.870169	1.58671
7494.620170	1.57207
7498.480170	1.56558
7502.280170	1.56817
7506.130170	1.57267
7509.990170	1.57199
7513.920170	1.56741
7517.800170	1.56214
7521.670170	1.55581
7525.650170	1.55431
7529.620170	1.55333
7533.620170	1.55383
7537.580171	1.54848
7541.570171	1.54350
7545.650171	1.53575
7549.670171	1.53158
7553.800171	1.52903
7557.820171	1.53485
7562.000171	1.53898
7566.090171	1.54063
7570.240171	1.53310
7574.410171	1.52266
7578.620171	1.50565
7582.820172	1.48896
7587.030172	1.47648
7591.260172	1.46593
7595.570172	1.46316
7599.830172	1.45969
7604.120172	1.45374
7608.420172	1.44686
7612.810172	1.43680
7617.120172	1.42928
7621.520172	1.42598
7625.920173	1.42514
7630.340173	1.41998
7634.740173	1.41325
7639.210173	1.40183
7643.680173	1.39095
7648.170173	1.38272
7652.680173	1.37662
7657.210173	1.37047
7661.770173	1.36698
7666.310173	1.36429
7670.880174	1.36378
7675.530174	1.36220
7680.140174	1.35899
7684.730174	1.35516
7689.410174	1.34990
7694.100174	1.34211
7698.810174	1.33270
7703.470174	1.32445
7708.260174	1.31632
7713.000174	1.30780
7717.750175	1.29820
7722.540175	1.28939
7727.380175	1.28282
7732.170175	1.27543
7737.020175	1.26953
7741.910175	1.26307
7746.810175	1.25588
7751.670175	1.25064
7756.600175	1.24466
7761.550176	1.23622
7766.550176	1.22781
7771.460176	1.21957
7776.500176	1.21191
7781.480176	1.20347
7786.550176	1.19685
7791.580176	1.19006
7796.710176	1.18378
7801.750176	1.17858
7806.840177	1.17349
7812.040177	1.16717
7817.180177	1.16115
7822.290177	1.15510
7827.520177	1.14836
7832.710177	1.14224
7837.950177	1.13614
7843.180177	1.12971
7848.480178	1.12254
7853.710178	1.11645
7859.040178	1.10902
7864.370178	1.10098
7869.730178	1.09356
7875.030178	1.08579
7880.470178	1.07838
7885.820178	1.07076
7891.240179	1.06322
7896.670179	1.05537
7902.140179	1.04782
7907.560179	1.04041
7913.050179	1.03295
7918.570179	1.02670
7924.080179	1.01955
7929.570179	1.01238
7935.170180	1.00562
7940.780180	1.00042
7946.330180	0.99458
7952.010180	0.98927
7957.600180	0.98219
