6786.577874 	0.680012 
6792.395492 	0.673110 
6797.997995 	0.666242 
6803.694513 	0.659638 
6809.499800 	0.652646 
6815.397867 	0.645735 
6821.248317 	0.638740 
6827.013062 	0.632002 
6832.750424 	0.625199 
6838.529392 	0.618447 
6844.473962 	0.611468 
6850.448530 	0.604321 
6856.253792 	0.597662 
6862.073513 	0.590961 
6867.924981 	0.584099 
6873.748977 	0.577375 
6879.638666 	0.570580 
6885.654067 	0.563523 
6891.745408 	0.556545 
6897.627289 	0.550023 
6903.574471 	0.543478 
6909.451979 	0.536636 
6915.416142 	0.529775 
6921.485415 	0.522930 
6927.472488 	0.516211 
6933.405199 	0.509633 
6939.415195 	0.502873 
6945.379275 	0.496191 
6951.411565 	0.489565 
6957.418921 	0.482926 
6963.473772 	0.476247 
6969.530093 	0.469588 
6975.604475 	0.462939 
6981.705995 	0.456340 
6987.805395 	0.449689 
6993.941565 	0.443046 
7000.056064 	0.436412 
7006.221046 	0.429697 
7012.338650 	0.423271 
7018.526125 	0.416695 
7024.651287 	0.410151 
7030.845199 	0.403628 
7037.149633 	0.397010 
7043.349312 	0.390600 
7049.484881 	0.384216 
7055.701947 	0.377918 
7061.855678 	0.371622 
7068.261316 	0.365167 
7073.012662 	0.360522 
7074.891683 	0.359044 
7075.248093 	0.358733 
7075.583322 	0.357966 
7075.888877 	0.357831 
7076.194459 	0.357389 
7076.508558 	0.357357 
7076.835422 	0.356907 
7077.209019 	0.356425 
7077.603887 	0.356040 
7077.990309 	0.355577 
7078.385268 	0.355234 
7078.780274 	0.354860 
7079.145589 	0.354735 
7079.498198 	0.354074 
7079.833847 	0.353931 
7080.139784 	0.353751 
7080.445749 	0.353562 
7080.928125 	0.353062 
7081.278793 	0.352709 
7081.465831 	0.352479 
7081.861195 	0.351830 
7082.252353 	0.351659 
7082.647809 	0.351139 
7083.039058 	0.351311 
7083.409084 	0.350794 
7083.766390 	0.350317 
7084.102461 	0.350168 
7084.408783 	0.349598 
7084.715132 	0.349535 
7085.200242 	0.349099 
7085.555608 	0.348506 
7085.745010 	0.348253 
7086.140872 	0.347956 
7086.532523 	0.348059 
7086.928477 	0.347927 
7087.315960 	0.347043 
7087.686453 	0.346949 
7088.039949 	0.346225 
7088.372183 	0.346403 
7088.674630 	0.346310 
7089.145393 	0.345611 
7089.637528 	0.345421 
7090.012535 	0.344941 
7090.212840 	0.344902 
7090.413156 	0.344863 
7090.801037 	0.344272 
7091.201752 	0.344054 
7091.589722 	0.343844 
7091.956416 	0.343259 
7092.314621 	0.343252 
7092.647273 	0.342522 
7092.954366 	0.342308 
7093.421456 	0.342067 
7093.914209 	0.341960 
7094.293955 	0.341379 
7094.494512 	0.341082 
7094.695081 	0.340786 
7095.087718 	0.341154 
7095.488937 	0.340625 
7095.881666 	0.340202 
7096.248823 	0.340051 
7096.607480 	0.339942 
7096.936281 	0.339729 
7097.399647 	0.339064 
7097.871619 	0.338978 
7098.209086 	0.338880 
7098.593584 	0.338640 
7098.995217 	0.338350 
7099.189641 	0.338172 
7099.384077 	0.337994 
7099.785803 	0.337826 
7100.174753 	0.337516 
7100.542373 	0.337446 
7100.897207 	0.337129 
7101.226423 	0.337155 
7101.686096 	0.336801 
7102.162939 	0.336408 
7102.505109 	0.336704 
7102.894370 	0.336466 
7103.292232 	0.336279 
7103.489041 	0.336437 
7103.685861 	0.336594 
7104.088095 	0.336440 
7104.477536 	0.336183 
7104.841340 	0.336543 
7105.200903 	0.336620 
7105.526254 	0.336472 
7105.988648 	0.336771 
7106.468234 	0.337148 
7106.815120 	0.337785 
7107.204873 	0.338383 
7107.607522 	0.338931 
7107.806722 	0.339427 
7108.005934 	0.339924 
7108.408677 	0.341452 
7108.794327 	0.343078 
7109.162878 	0.346171 
7109.518610 	0.350965 
7109.840087 	0.358358 
7110.303066 	0.381643 
7110.783259 	0.418409 
7111.130584 	0.443933 
7111.525119 	0.458410 
7111.923989 	0.453208 
7112.121297 	0.442142 
7112.318616 	0.431196 
7112.721869 	0.404100 
7113.103716 	0.382836 
7113.468441 	0.369437 
7113.820331 	0.363295 
7114.298873 	0.360311 
7114.768897 	0.360872 
7115.090868 	0.362315 
7115.442925 	0.364787 
7115.837959 	0.367093 
7116.237333 	0.369433 
7116.437038 	0.371322 
7116.636754 	0.373213 
7117.040517 	0.378410 
7117.422847 	0.385702 
7117.788034 	0.396236 
7118.140369 	0.411167 
7118.615220 	0.443793 
7119.085838 	0.490543 
7119.416814 	0.532055 
7119.773616 	0.583646 
7120.173450 	0.645539 
7120.573332 	0.717134 
7120.773290 	0.754664 
7120.973260 	0.793669 
7121.377536 	0.870375 
7121.756050 	0.938305 
7122.126003 	0.993249 
7122.474483 	1.035870 
7122.943481 	1.086879 
7123.416848 	1.132694 
7123.743939 	1.158382 
7124.105498 	1.179724 
7124.510144 	1.197079 
7124.906228 	1.211832 
7125.104287 	1.219950 
7125.302357 	1.228135 
7125.707145 	1.249267 
7126.090446 	1.277105 
7126.456560 	1.311939 
7126.805482 	1.350349 
7127.277229 	1.408358 
7127.753351 	1.461942 
7128.080857 	1.493364 
7128.447184 	1.522512 
7128.848034 	1.548874 
7129.244620 	1.572370 
7129.445086 	1.581794 
7129.645564 	1.591333 
7130.050866 	1.606914 
7130.430342 	1.621707 
7130.796921 	1.633792 
7131.146285 	1.644498 
7131.620788 	1.656658 
7132.095357 	1.665288 
7132.427594 	1.667765 
7132.803018 	1.670247 
7133.204378 	1.671145 
7133.601469 	1.672158 
7133.804349 	1.671639 
7134.007240 	1.671118 
7134.408742 	1.668919 
7134.784383 	1.665132 
7135.151428 	1.659667 
7135.496919 	1.654228 
7135.967706 	1.644706 
7136.442877 	1.634797 
7136.779857 	1.626491 
7137.155758 	1.618492 
7137.561950 	1.610882 
7137.959547 	1.603109 
7138.162685 	1.599724 
7138.365834 	1.596353 
7138.767847 	1.590203 
7139.143967 	1.584312 
7139.511479 	1.579805 
7139.853085 	1.575771 
7140.322308 	1.570218 
7140.804572 	1.564029 
7141.141981 	1.559710 
7141.527014 	1.556118 
7141.933725 	1.552420 
7142.331829 	1.547909 
7142.537390 	1.545800 
7142.742963 	1.543697 
7143.145490 	1.539922 
7143.517761 	1.534891 
7143.885742 	1.531137 
7144.227785 	1.526088 
7144.697607 	1.518974 
7145.180487 	1.511325 
7145.522658 	1.505363 
7145.912515 	1.499358 
7146.319746 	1.492674 
7146.519047 	1.489588 
7146.718359 	1.486520 
7147.130020 	1.479412 
7147.524393 	1.472609 
7147.897140 	1.464402 
7148.256922 	1.456488 
7148.590729 	1.447047 
7149.061149 	1.432741 
7149.548980 	1.417050 
7149.895924 	1.406116 
7150.286278 	1.395330 
7150.694029 	1.383937 
7150.893584 	1.378304 
7151.093151 	1.372700 
7151.505336 	1.361758 
7151.895873 	1.351029 
7152.269095 	1.340345 
7152.629335 	1.329717 
7152.963568 	1.320148 
7153.432417 	1.304885 
7153.923040 	1.289237 
7154.274769 	1.279425 
7154.674307 	1.270017 
7155.082579 	1.260131 
7155.284562 	1.255345 
7155.486556 	1.250585 
7155.894924 	1.241365 
7156.290306 	1.232794 
7156.664005 	1.224202 
7157.020361 	1.216622 
7157.350674 	1.209484 
7157.820122 	1.198826 
7158.311373 	1.190543 
7158.672247 	1.185028 
7159.076646 	1.180302 
7159.278863 	1.178083 
7159.481092 	1.175868 
7159.885586 	1.172031 
7160.294477 	1.168677 
7160.681664 	1.165557 
7161.055841 	1.163411 
7161.412652 	1.161385 
7161.734684 	1.159060 
7162.206908 	1.157602 
7162.700962 	1.155935 
7163.066651 	1.155517 
7163.471567 	1.154805 
7163.674042 	1.154532 
7163.876530 	1.154258 
7164.281541 	1.154412 
7164.690956 	1.154454 
7165.440223 	1.155862 
7166.959588 	1.164336 
7168.889174 	1.181013 
7170.677305 	1.204538 
7172.685160 	1.233987 
7174.575221 	1.249896 
7176.303736 	1.257771 
7178.274496 	1.265448 
7180.179877 	1.274614 
7182.127463 	1.282564 
7183.900941 	1.290148 
7185.937405 	1.296169 
7187.811067 	1.298752 
7189.560267 	1.299541 
7191.531592 	1.299237 
7193.440793 	1.298611 
7195.399172 	1.297486 
7197.162259 	1.295713 
7199.226649 	1.294368 
7201.088163 	1.294337 
7202.859072 	1.295014 
7204.830063 	1.295996 
7206.737363 	1.296367 
7208.894535 	1.295330 
7210.626184 	1.293043 
7212.549487 	1.289289 
7214.399620 	1.284096 
7216.192381 	1.277910 
7218.335098 	1.270288 
7220.257815 	1.261797 
7222.245816 	1.253505 
7223.972626 	1.244839 
7225.914873 	1.236311 
7227.925341 	1.227148 
7229.775333 	1.218806 
7231.704027 	1.210707 
7233.638754 	1.202445 
7235.631763 	1.195419 
7237.362571 	1.189097 
7239.319439 	1.183225 
7241.326098 	1.176720 
7243.794508 	1.170566 
7246.333687 	1.165085 
7249.211925 	1.160800 
7251.752692 	1.159148 
7254.424567 	1.158484 
7257.061586 	1.158849 
7259.629903 	1.160163 
7262.516501 	1.162204 
7264.848806 	1.164481 
7267.558773 	1.166508 
7270.158212 	1.167761 
7272.776436 	1.167648 
7275.663078 	1.166264 
7278.203050 	1.163640 
7280.926956 	1.160123 
7283.511963 	1.155926 
7286.151075 	1.151998 
7288.848926 	1.148209 
7291.417198 	1.144805 
7294.161734 	1.142119 
7296.723560 	1.139538 
7299.413388 	1.137036 
7302.073559 	1.134264 
7304.677444 	1.131235 
7307.421348 	1.127428 
7309.977296 	1.123104 
7312.886371 	1.117959 
7315.546366 	1.112577 
7318.178214 	1.106878 
7320.924783 	1.100873 
7323.290297 	1.094762 
7326.233862 	1.088396 
7328.870477 	1.082609 
7331.553806 	1.077561 
7334.289100 	1.072797 
7336.884646 	1.068554 
7339.844081 	1.064055 
7342.264225 	1.060019 
7344.995790 	1.055532 
7347.910467 	1.050559 
7350.929411 	1.045127 
7354.424025 	1.039045 
7357.932835 	1.033166 
7361.180802 	1.027863 
7364.441742 	1.022825 
7367.966136 	1.017943 
7371.480171 	1.013557 
7374.725609 	1.009598 
7378.017099 	1.006184 
7381.557581 	1.002645 
7384.879248 	0.999326 
7388.130636 	0.995932 
7391.649708 	0.992463 
7395.202244 	0.989178 
7398.503826 	0.985959 
7401.779340 	0.983010 
7405.322818 	0.979641 
7408.886425 	0.976149 
7412.176624 	0.972810 
7415.482075 	0.969028 
7419.048559 	0.964774 
7422.420734 	0.960439 
7425.696383 	0.955655 
7429.235503 	0.950781 
7432.825142 	0.945653 
7436.181445 	0.940561 
7439.474559 	0.935907 
7443.041474 	0.930755 
7446.643930 	0.925894 
7449.981053 	0.921143 
7453.301186 	0.916363 
7456.892923 	0.911396 
7460.497731 	0.906213 
7463.821476 	0.901446 
7467.180204 	0.896841 
7470.797983 	0.891786 
7474.207290 	0.887371 
7477.527131 	0.882762 
7481.120380 	0.878144 
7484.944638 	0.873294 
7488.947629 	0.868315 
7492.923032 	0.863451 
7496.899945 	0.858472 
7500.895135 	0.853448 
7504.906256 	0.848631 
7509.128451 	0.843464 
7513.356276 	0.838190 
7517.556135 	0.833286 
7521.776419 	0.828190 
7525.793859 	0.823449 
7529.818651 	0.818862 
7533.868216 	0.814385 
7538.139295 	0.809798 
7542.416588 	0.805013 
7546.492351 	0.800766 
7550.560054 	0.796219 
7554.627445 	0.791978 
7558.708143 	0.787717 
7563.022264 	0.783191 
7567.335593 	0.778476 
7571.447639 	0.774026 
7575.741593 	0.769514 
7580.055333 	0.764654 
7584.134664 	0.759907 
7588.232290 	0.755168 
7592.354160 	0.750337 
7596.677073 	0.745036 
7601.007777 	0.739820 
7605.132708 	0.734843 
7609.241550 	0.729831 
7613.339182 	0.724814 
7617.679301 	0.719589 
7622.012754 	0.714357 
7626.363489 	0.709134 
7630.725196 	0.704499 
7634.880146 	0.699462 
7639.001968 	0.694664 
7643.130894 	0.690006 
7647.511456 	0.684978 
7652.089656 	0.679884 
7656.674901 	0.674961 
7661.483044 	0.669873 
7666.289927 	0.664779 
7671.103668 	0.659546 
7676.139911 	0.654305 
7680.967162 	0.649154 
7685.798718 	0.644188 
7690.658362 	0.639032 
7695.494095 	0.633984 
7700.563145 	0.628714 
7705.444909 	0.623590 
7710.303072 	0.618580 
7715.198364 	0.613423 
7720.084220 	0.608415 
7724.982504 	0.603471 
7729.676303 	0.598767 
7734.591453 	0.593840 
7739.505022 	0.588725 
7744.441654 	0.583677 
7749.372226 	0.578795 
7754.323841 	0.573913 
7759.276247 	0.568892 
7764.241597 	0.564001 
7769.196192 	0.559028 
7774.188217 	0.553863 
7779.161674 	0.548858 
7784.158221 	0.543772 
7789.155995 	0.538627 
7794.165090 	0.533518 
7799.180223 	0.528301 
7804.220281 	0.523065 
7809.252482 	0.517961 
7814.301909 	0.512736 
7819.366877 	0.507545 
7824.413998 	0.502432 
7829.480318 	0.497387 
7834.535273 	0.492253 
7839.607484 	0.487241 
7844.672271 	0.482176 
7849.974031 	0.477118 
7855.274418 	0.471900 
7860.814241 	0.466683 
7866.378110 	0.461388 
7871.934921 	0.456140 
7877.512533 	0.450859 
7882.866937 	0.445895 
7888.468011 	0.440661 
7894.075882 	0.435370 
7899.695214 	0.430263 
7905.327614 	0.425085 
7910.977715 	0.419782 
7916.625488 	0.414520 
7922.071666 	0.409593 
7927.752839 	0.404401 
7933.440160 	0.399083 
7939.142826 	0.394028 
7945.071171 	0.388636 
7950.805788 	0.383460 
7956.306093 	0.378571 
7962.026206 	0.373403 
7967.780469 	0.368181 
7973.514052 	0.363140 
7979.287264 	0.357883 
7984.815183 	0.353039 
7990.559979 	0.347925 
7996.319557 	0.342702 
8002.074935 	0.337590 
8007.823471 	0.332568 
8013.598431 	0.327277 
8019.355650 	0.322068 
8025.147767 	0.316827 
8030.921253 	0.311509 
8036.709839 	0.306949 
8042.738171 	0.301569 
8048.531391 	0.296347 
8054.337715 	0.291240 
8060.385686 	0.285940 
8066.213537 	0.280803 
8072.047304 	0.275647 
8078.131357 	0.270531 
8084.225311 	0.265258 
8090.351171 	0.259983 
8096.477553 	0.254751 
8102.614380 	0.249615 
8108.995090 	0.244252 
8115.373163 	0.238947 
8121.782572 	0.233474 
8128.202185 	0.228201 
8134.410102 	0.222926 
8140.631300 	0.217819 
8147.106745 	0.212357 
8153.590195 	0.207000 
8159.826783 	0.201842 
8166.325958 	0.196492 
8172.809661 	0.191150 
8179.296683 	0.185772 
8185.832559 	0.180338 
8192.117478 	0.175266 
8198.417227 	0.170042 
8204.713662 	0.164896 
8211.274993 	0.159646 
8217.830554 	0.154348 
8224.376498 	0.148999 
8230.948321 	0.143530 
8237.284311 	0.138503 
8243.878636 	0.133214 
8250.494043 	0.127938 
8256.856151 	0.122873 
8263.242784 	0.117756 
8269.876836 	0.112394 
8276.498771 	0.107239 
8283.142112 	0.101844 
8289.793213 	0.096596 
8296.465637 	0.091547 
8303.153552 	0.086199 
8309.599646 	0.081212 
8316.060163 	0.076066 
8322.769934 	0.071025 
8329.482301 	0.065777 
8336.199671 	0.060724 
8343.179041 	0.055585 
8350.189252 	0.050369 
8357.215454 	0.045086 
8364.264130 	0.039686 
8371.293284 	0.034391 
8378.336332 	0.029187 
8385.405811 	0.023855 
8392.514343 	0.018629 
8399.376164 	0.013464 
8406.246346 	0.008384 
8413.641134 	0.002968 
8421.009509 	-0.002474 
8428.169455 	-0.007706 
8435.106744 	-0.012769 
8442.048132 	-0.017747 
8449.255026 	-0.023038 
8456.448286 	-0.028227 
8463.655038 	-0.033456 
8470.874000 	-0.038716 
8478.132968 	-0.043862 
8485.407396 	-0.049091 
8492.675658 	-0.054216 
8499.946549 	-0.059412 
8507.207176 	-0.064627 
8514.515700 	-0.069779 
8521.849623 	-0.074922 
8528.912861 	-0.079896 
8535.999565 	-0.084921 
8543.592786 	-0.090069 
8551.194587 	-0.095427 
8558.562656 	-0.100464 
8565.702773 	-0.105430 
8572.852790 	-0.110262 
8580.262915 	-0.115337 
8587.930966 	-0.120575 
8595.593805 	-0.125788 
8602.781858 	-0.130642 
8609.960965 	-0.135510 
8617.435391 	-0.140481 
