# XDI/1.0 
# Spectrum.license:CC BY 4.0
# Publication.authors: Bruce Ravel
# Publication.affiliation: Brookhaven National Laboratory, NSLS-II
# Facility.name:NSLS-II
# Sample.temperature:rt
# Sample.prep:PEG pellet
# Sample.smiles:[Fe+2].[Al+3].[P+5].[O-2].[OH-]
# Publication.DOI: https://doi.org/10.18434/mds2-4032
# Sample.name:Scorzalite
# Scan.number:scan1
# Sample.id:cgeh2i
# Scan.start_time:2023-05-05
# Element.symbol:Fe
# Facility.energy:3.0 GeV
# Beamline.flux:Si(111): 2x10^12 at 10 keV; 6x10^10 at 20 keV; Si(311): 4x10^11 at 10 keV; 1x10^10 at 20 keV
# Beamline.name:Beamline for Materials Measurement (BMM)
# Beamline.energy_range:4.0 - 23
# Beamline.scan_mode:Transmission
# Beamline.energy_resolution:Si(111): 1.3 x 10^-4; Si(311):1.9 x 10^-5 
# Beamline.spot_size:300 µm
# Beamline.detector:Ionization chamber
# Beamline.website:https://www.bnl.gov/nsls2/beamlines/beamline.php?r=6-BM
# Mono.name:Si(111) and Si(311)
# Element.edge:K
# Column.1:Energy
# Column.2:I0
# Column.3:Itrans
# Column.4:Irefer
# Column.5:Mutrans
# Energy   I0           Itrans      Irefer     Mutrans               
6911.999   154.786406   35.46501    6.656562   0.9885277705210457    
6922.009   154.649512   35.757234   6.759438   0.97448031260251      
6932.015   154.57088    36.073272   6.866768   0.9600969692856713    
6942.027   154.579076   36.405375   6.979397   0.9460180138804558    
6951.997   154.550324   36.7347     7.091537   0.9318151296553404    
6962.004   154.542183   37.062484   7.203748   0.9180067342972205    
6972.012   154.5568     37.40367    7.321239   0.9039929842596726    
6982.019   154.508965   37.727234   7.434234   0.8902049406629833    
6992.014   154.496019   38.058537   7.55137    0.8765651567512749    
7002.009   154.456924   38.382751   7.666047   0.8630662483741166    
7012.008   154.402287   38.706336   7.781371   0.8495470733299993    
7022.018   154.336209   39.013965   7.896107   0.8366530038688039    
7032.01    154.264143   39.348848   8.013938   0.8227241094544555    
7042.008   154.195841   39.672721   8.130093   0.8093733000452356    
7052.007   154.100238   39.994413   8.24526    0.795935700325532     
7062.01    153.337053   40.126183   8.317467   0.7831811361246782    
7072.013   153.856175   40.608061   8.458317   0.7699573927926434    
7081.986   153.804039   40.935136   8.556763   0.7570375366808536    
7083.987   153.554964   40.93507    8.561532   0.7545355973294965    
7085.985   153.70116    41.038067   8.586399   0.7521229846276198    
7087.983   153.720669   41.107037   8.600857   0.7497243091184406    
7089.99    153.690073   41.161811   8.612714   0.7473591067656006    
7091.997   153.654269   41.215024   8.619698   0.7450027296434086    
7093.993   153.622312   41.27624    8.6274     0.7423879077184146    
7095.986   153.642224   41.351336   8.632753   0.7397794099060179    
7098.262   153.607651   41.409308   8.626674   0.7372668503408264    
7100.003   154.059427   41.595201   8.644393   0.7348835921388956    
7102.003   154.044337   41.639477   8.617677   0.7330882791797373    
7102.29    154.039724   41.659345   8.614722   0.7323048818583664    
7102.587   154.036587   41.671473   8.609649   0.7318236245748007    
7102.884   154.027623   41.681615   8.605964   0.7313576649682417    
7103.197   154.017212   41.681195   8.595594   0.7312687866865704    
7103.488   153.995501   41.687732   8.588871   0.7308086221069457    
7103.785   154.005696   41.705235   8.581941   0.7302622722291237    
7104.082   154.010516   41.715062   8.572522   0.7299465727217695    
7104.382   154.000766   41.721179   8.563168   0.7296221716523166    
7104.69    154.002625   41.717184   8.548828   0.7297887953537155    
7104.987   153.99061    41.732944   8.53872    0.7290845822653907    
7105.289   153.990122   41.741395   8.526362   0.7287668038958999    
7105.589   153.983804   41.745404   8.510447   0.7285550006267251    
7105.884   153.972004   41.752807   8.494236   0.7281625794619997    
7106.19    153.967701   41.762056   8.476417   0.7277771350340912    
7106.492   153.948824   41.759188   8.453178   0.7276937942687042    
7106.79    153.942956   41.768077   8.431401   0.7273060050495468    
7107.087   153.946528   41.779824   8.406399   0.72690733296355      
7107.385   153.935779   41.786441   8.378893   0.7265547245084946    
7107.689   153.925387   41.790285   8.342785   0.7263082620669606    
7107.989   153.909176   41.790388   8.302823   0.7261417049869524    
7108.287   153.908382   41.805226   8.257277   0.7255851827756448    
7108.584   153.886216   41.792912   8.199276   0.7258178469804825    
7108.888   153.872331   41.798282   8.133215   0.725479879966683     
7109.195   153.868057   41.801838   8.050148   0.7253055027315107    
7109.491   153.855567   41.808196   7.947186   0.7249450552590747    
7109.793   153.826326   41.79377    7.803914   0.72518462639491      
7110.091   153.805694   41.799583   7.614934   0.7247624489527109    
7110.395   153.794672   41.801749   7.337206   0.7245716405116107    
7110.701   153.762153   41.786479   6.94904    0.7248094458643183    
7110.995   153.739897   41.779082   6.453647   0.7248593278432075    
7111.293   153.705369   41.763882   5.86168    0.7250745363569678    
7111.595   153.67933    41.75426    5.233535   0.7251687866602372    
7111.893   153.658427   41.748056   4.670217   0.72518820786149      
7112.196   153.625603   41.747729   4.226441   0.7248701879237252    
7112.492   153.585933   41.744981   3.896641   0.7245728344669604    
7112.788   153.551114   41.738795   3.650153   0.7244514775220169    
7113.092   153.529615   41.733969   3.445225   0.7244137872434976    
7113.397   153.518032   41.727578   3.268845   0.7245338532911623    
7113.701   153.510372   41.727644   3.107798   0.7244543055610801    
7114       153.507341   41.733429   2.96549    0.724209583042148     
7114.298   153.500283   41.735748   2.841      0.7240526724903787    
7114.596   153.476032   41.742091   2.736322   0.7235736994282481    
7114.901   153.467994   41.755053   2.654992   0.7230130074708436    
7115.204   153.445876   41.755745   2.595725   0.7227646813715002    
7115.498   153.422059   41.753016   2.553794   0.7226258141709448    
7115.798   153.429907   41.768145   2.524457   0.7221450484615161    
7116.094   153.425661   41.763209   2.500797   0.7222849060615629    
7116.391   153.410988   41.75429    2.475722   0.7224671565958638    
7116.696   153.403016   41.738083   2.440249   0.7229867587079175    
7116.996   153.385163   41.696644   2.386947   0.7243418392324024    
7117.295   153.371843   41.674072   2.312641   0.7250443669341498    
7117.6     153.354089   41.636673   2.212183   0.7262528259985962    
7117.896   153.332831   41.592606   2.088603   0.727674906977997     
7118.203   153.332202   41.5326     1.947588   0.7298995022625396    
7118.502   153.310371   41.453031   1.806802   0.7326427137901598    
7118.801   153.273254   41.330692   1.667366   0.7368357086118579    
7119.099   153.261544   41.17778    1.535734   0.7424451904805579    
7119.402   153.259397   40.973337   1.409857   0.7501145716803965    
7119.703   153.233804   40.687076   1.292944   0.7606902169928187    
7120       153.227315   40.337258   1.179922   0.7739677986867058    
7120.294   153.223507   39.892645   1.071295   0.79105615036548      
7120.595   153.192667   39.354874   0.965374   0.811717259458659     
7120.898   153.187673   38.814553   0.87267    0.833029113808516     
7121.201   153.178616   38.282397   0.79156    0.8542698406594786    
7121.5     153.153126   37.836852   0.725385   0.872102189828459     
7121.799   153.140137   37.470408   0.670531   0.8870094383579469    
7122.102   153.133839   37.164799   0.62336    0.8996005211783693    
7122.401   153.104032   36.909478   0.584197   0.9099520702617019    
7122.705   153.089897   36.699326   0.550107   0.9186326753253228    
7123.006   153.078643   36.517688   0.520947   0.9261859864398094    
7123.301   153.05447    36.334593   0.495408   0.933709056885609     
7123.602   153.047946   36.154174   0.472368   0.9413351522853484    
7123.905   153.036431   35.960011   0.45264    0.9495398116793374    
7124.198   153.013086   35.791764   0.434278   0.9565507738838804    
7124.493   153.001011   35.669056   0.418466   0.9617355943338151    
7124.796   152.99924    35.618671   0.403896   0.9639020030321552    
7125.1     152.959941   35.623821   0.390805   0.9632816417061678    
7125.401   152.93391    35.660466   0.378911   0.9614299344471741    
7125.698   152.892051   35.687716   0.368058   0.959826592226617     
7125.997   152.891354   35.688378   0.356988   0.9597908842855033    
7126.299   152.871406   35.631085   0.345626   0.9620719277083382    
7126.607   152.829942   35.509853   0.33314    0.9669192586685036    
7126.906   152.821142   35.344553   0.320053   0.9740402186042145    
7127.201   152.820433   35.167985   0.306748   0.9817718080418332    
7127.503   152.803572   35.001516   0.293114   0.9889331081696265    
7127.802   152.780488   34.897902   0.280053   0.9932807538036638    
7128.102   152.762189   34.860378   0.26745    0.994758074952508     
7128.405   152.73598    34.86446    0.25501    0.9943120104034165    
7128.703   152.719426   34.880886   0.243027   0.9934166748206192    
7128.994   152.678734   34.875716   0.230657   0.9932339426469976    
7129.293   152.665881   34.846807   0.219207   0.9943852541616887    
7129.599   152.639419   34.792293   0.208105   0.9965366352278356    
7129.903   152.602503   34.741994   0.198735   0.9983984271253008    
7130.201   152.568923   34.698367   0.191323   1                     
7130.498   152.547857   34.704426   0.185386   0.9995168221633324    
7130.8     152.51763    34.742032   0.182136   0.9975370834911794    
7131.104   152.482884   34.816544   0.181012   0.9938744613575781    
7131.404   152.463132   34.909525   0.182384   0.9895530818452785    
7131.704   152.439883   35.005809   0.185806   0.9850613821982392    
7132.001   152.422459   35.097981   0.19145    0.9808214166810795    
7132.297   152.411109   35.153972   0.198351   0.9782432330683892    
7132.599   152.40667    35.195292   0.206217   0.9763830227513206    
7132.899   152.392429   35.209073   0.215255   0.9756336968952861    
7133.198   152.387313   35.195292   0.224654   0.9761867516347348    
7133.494   152.389778   35.169649   0.234462   0.9773380033488326    
7133.798   152.371096   35.157098   0.244476   0.9777001028565845    
7134.107   152.372905   35.17103    0.254171   0.9771062259949473    
7134.4     152.370488   35.225232   0.263771   0.9747021882368148    
7134.701   152.385164   35.300827   0.272284   0.9715384197865513    
7135.001   152.368411   35.37191    0.280346   0.9682601165195236    
7135.301   152.370531   35.427536   0.287173   0.965853481431675     
7135.605   152.378026   35.499422   0.293397   0.9627972281883787    
7135.903   152.357231   35.549908   0.298159   0.9603903183559295    
7136.203   152.357456   35.602427   0.301777   0.9581114594954346    
7136.499   152.351828   35.65533    0.304262   0.9557599580545622    
7136.799   152.323396   35.700277   0.305709   0.953524865548712     
7136.996   152.332437   35.743733   0.306355   0.9517367914189531    
7138       152.325364   35.895169   0.302143   0.9451321487413247    
7139.005   152.315389   36.081759   0.290925   0.9370193281797969    
7140.028   152.329661   36.357408   0.278707   0.9254040433171901    
7141.083   152.324359   36.708693   0.271972   0.9104918688568635    
7142.11    152.280596   37.021414   0.272861   0.8969397635796404    
7143.188   152.27364    37.278815   0.278673   0.8861627014294347    
7144.292   152.285787   37.499214   0.285103   0.8771771523097753    
7145.415   152.264549   37.710758   0.285764   0.8682690070809053    
7146.561   152.259161   37.902181   0.276757   0.8603904201125666    
7147.711   152.274337   38.038643   0.260452   0.8549909952796166    
7148.888   152.726548   38.261699   0.244553   0.8505384077731203    
7150.087   152.700825   38.355285   0.233541   0.8465031828884971    
7151.297   152.697098   38.463136   0.227245   0.8421265258209182    
7152.534   152.693557   38.556207   0.223244   0.8383561312283918    
7153.792   152.674636   38.622842   0.221264   0.835496383712923     
7155.043   152.670669   38.638847   0.223052   0.8348160319669222    
7156.342   152.63939    38.59885    0.227248   0.8360997924319897    
7157.656   152.628488   38.523872   0.230138   0.8389939515447719    
7158.975   152.601394   38.391166   0.230819   0.8440517989590386    
7160.328   152.586359   38.215812   0.230387   0.8509736743863925    
7161.707   152.529788   38.027735   0.230793   0.8580242427809164    
7163.08    152.478427   37.903849   0.233888   0.8625460875007881    
7164.497   152.473349   37.870516   0.23884    0.8638541181748125    
7165.911   152.425404   37.889645   0.243085   0.8625878187988716    
7167.353   152.391724   37.878288   0.245817   0.862709581609693     
7168.82    152.352914   37.824296   0.248708   0.8645201642900832    
7170.294   152.335589   37.753807   0.252455   0.8672268091690088    
7171.797   152.296616   37.656921   0.259329   0.8708020009949369    
7173.318   152.263817   37.601719   0.27041    0.8727360315958673    
7174.858   152.221601   37.588682   0.284962   0.8728433929073421    
7176.418   152.205285   37.616322   0.301758   0.8715419195408035    
7177.985   152.166011   37.673801   0.31829    0.8687837763602609    
7179.592   152.145194   37.760214   0.329956   0.8650320934231697    
7181.197   152.104511   37.837418   0.333686   0.8614627067916232    
7182.839   152.089846   37.917835   0.331658   0.8580330664677913    
7184.494   152.053142   38.003838   0.325678   0.8541592642093412    
7186.157   152.007621   38.104413   0.313897   0.8496126121205305    
7187.849   151.97684    38.228098   0.299007   0.8442920415321595    
7189.552   151.948142   38.33945    0.283743   0.839505756664841     
7191.288   150.415633   38.051188   0.265027   0.8355038181302776    
7193.037   151.5731     38.433803   0.253202   0.8318889168365791    
7194.803   151.757163   38.57556    0.248955   0.8280753649431589    
7196.596   151.741839   38.677826   0.254791   0.8238282364735829    
7198.392   151.698647   38.754213   0.2681     0.8203395731435541    
7200.224   151.655244   38.829162   0.287133   0.816911863263499     
7202.061   151.611217   38.901068   0.31003    0.8136042940661266    
7203.924   151.576657   38.97948    0.336601   0.8101404535031762    
7205.792   151.518609   39.048584   0.361817   0.806811559476111     
7207.703   151.437191   39.103186   0.374156   0.8038218009816012    
7209.618   151.400589   39.157642   0.363653   0.8012978422181039    
7211.562   151.340619   39.200671   0.327643   0.7989885761170946    
7213.518   151.307707   39.233412   0.278034   0.7973624317823124    
7215.495   151.253432   39.250114   0.232088   0.7961503667291694    
7217.489   151.210374   39.296146   0.199285   0.7938992452717356    
7219.506   151.139118   39.309714   0.181113   0.7926374605342266    
7221.527   151.091024   39.342025   0.177697   0.7908760728674238    
7223.59    151.022605   39.38624    0.18927    0.7884405243944037    
7225.662   150.879654   39.424648   0.213302   0.7854710608995273    
7227.755   148.237472   38.812467   0.242653   0.7823538534210164    
7229.856   151.049769   39.628178   0.287774   0.7792555456608555    
7231.995   150.993985   39.703284   0.332395   0.7757589078700784    
7234.13    150.938055   39.77278    0.37435    0.7724840361115061    
7236.305   150.877488   39.835269   0.405294   0.7694379623148718    
7238.494   150.836319   39.902364   0.420016   0.7664157971133458    
7240.697   150.806405   39.950677   0.417855   0.7642395047625254    
7242.914   150.787192   39.975889   0.403878   0.7630677695402143    
7245.16    147.949536   39.260214   0.376575   0.7616254188141819    
7247.423   150.505031   39.977118   0.366504   0.7601260283901031    
7249.696   150.532628   40.011004   0.358721   0.7591001000176779    
7252.003   150.427695   40.022188   0.362612   0.7575907056988264    
7254.319   148.094967   39.434795   0.368329   0.7562875342016512    
7256.666   150.494829   40.13769    0.382867   0.7538271220870929    
7259.008   150.34666    40.177232   0.380235   0.7507834646245246    
7261.397   149.898383   40.133621   0.369195   0.7478474836556287    
7263.782   139.331999   37.38736    0.334229   0.7444227498898706    
7266.198   150.028202   40.334404   0.352838   0.7414738218325614    
7268.63    150.70106    40.600108   0.345389   0.738242618101409     
7271.085   150.620319   40.68137    0.329993   0.7343247745421488    
7273.563   149.467958   40.464132   0.310944   0.7307307286219624    
7276.051   150.661839   40.897762   0.304469   0.7265530538803072    
7278.564   150.592861   41.003394   0.299305   0.7218594944648082    
7281.089   150.54208    41.114413   0.291728   0.7171601829375484    
7283.633   149.523635   40.934491   0.279431   0.713447847526892     
7286.2     150.149062   41.209664   0.271464   0.709545029916558     
7288.786   150.250736   41.328177   0.268348   0.7061535425369039    
7291.395   150.218378   41.40561    0.278459   0.702928260201093     
7294.016   150.180683   41.48582    0.303286   0.6995499586990288    
7296.666   150.107849   41.565724   0.335772   0.6958270274157847    
7299.322   150.013431   41.634097   0.368612   0.6923150394485006    
7302.003   148.287868   41.249756   0.39348    0.6887685410312656    
7304.705   150.141594   41.865387   0.421165   0.6850741423499129    
7307.419   150.050839   41.941174   0.436679   0.6813450816495051    
7310.163   149.971613   42.02189    0.443696   0.6775580344195279    
7312.916   149.896937   42.097613   0.444007   0.6740064244874796    
7315.692   149.842017   42.170229   0.444398   0.6707770215298953    
7318.481   149.778357   42.235572   0.446949   0.6677278945220867    
7321.304   149.719125   42.298976   0.449887   0.6647987210992723    
7324.134   149.652758   42.363369   0.452064   0.6617630322933596    
7326.983   149.594476   42.433963   0.453447   0.6585882996748361    
7329.861   149.523873   42.491631   0.456603   0.6557602754630586    
7332.762   149.47343    42.565147   0.46551    0.6525677437004012    
7335.661   149.414865   42.619236   0.477238   0.6499998504085559    
7338.582   148.189212   42.351891   0.480168   0.6469955719101657    
7341.536   149.169701   42.717897   0.479744   0.6438893081034892    
7344.502   149.191011   42.831902   0.463717   0.6399916277553993    
7347.486   149.103506   42.907502   0.439832   0.6363600368463952    
7350.496   149.06881    43.010685   0.417153   0.6322889352829177    
7353.517   148.966569   43.092923   0.39795    0.62827702331393      
7356.564   148.900775   43.191308   0.382251   0.624070498691609     
7359.621   148.827312   43.285141   0.369222   0.6199545603199261    
7362.703   148.780191   43.376737   0.359908   0.6161988080011298    
7365.797   148.692257   43.452755   0.356641   0.6125795877449022    
7368.928   148.626713   43.544874   0.361858   0.6086258906427895    
7372.067   148.546882   43.624286   0.37794    0.6049802322282094    
7375.216   148.467964   43.720133   0.406731   0.6007677658443072    
7378.393   148.387571   43.811778   0.450191   0.5966951264932782    
7381.584   148.317842   43.908652   0.49971    0.5925558705764938    
7384.806   148.233517   43.987278   0.538373   0.5889125524408692    
7388.033   148.162369   44.071852   0.554331   0.585202543607328     
7391.279   148.071765   44.157521   0.552504   0.5812565262473597    
7394.556   148.003434   44.256537   0.544316   0.5770822196559677    
7397.848   147.911645   44.345663   0.537971   0.5730148529063791    
7401.16    147.814512   44.43645    0.538515   0.5688395074364309    
7404.481   147.71915    44.518769   0.541573   0.564982364948882     
7407.829   147.642974   44.608051   0.542291   0.5610894569718254    
7411.205   147.536799   44.697572   0.542499   0.556879900843444     
7414.58    147.469851   44.795852   0.543145   0.5527846585996153    
7417.992   147.356803   44.87875    0.545744   0.5487427226422215    
7421.404   147.265968   44.961123   0.553482   0.5449562874419296    
7424.856   147.154888   45.041836   0.566115   0.5410188261560346    
7428.319   147.073599   45.132277   0.576322   0.5370653760958418    
7431.798   146.977432   45.213808   0.577932   0.533265728214071     
7435.303   146.882648   45.304803   0.575851   0.5291621653431505    
7438.821   146.767388   45.38628    0.568136   0.5251726456650211    
7442.368   146.610806   45.458949   0.553486   0.5210510637990753    
7445.907   142.680046   44.355885   0.524236   0.5170141198678808    
7449.486   146.547382   45.668003   0.528159   0.5132925970824277    
7453.086   145.184757   45.364521   0.520856   0.5091604675811325    
7456.695   146.312633   45.842097   0.527271   0.5049358596780966    
7460.329   145.728655   45.771231   0.530074   0.5011465996404783    
7463.992   146.111922   46.014701   0.540958   0.4970074837128498    
7467.662   142.095106   44.869001   0.541659   0.49289322235638877   
7471.352   146.041294   46.243898   0.577465   0.488582723463764     
7475.06    145.909683   46.335564   0.596602   0.4841295647583828    
7478.798   145.771647   46.417647   0.612082   0.4799320739997923    
7482.528   145.631008   46.50073    0.626646   0.47567717983595725   
7486.303   145.499827   46.595197   0.64513    0.4711486529281662    
7490.093   145.37695    46.684067   0.663957   0.4668987372975752    
7493.897   145.273361   46.783152   0.678769   0.4625210569229941    
7497.727   145.174876   46.87833    0.685086   0.45833263002845354   
7501.565   145.066311   46.969544   0.683236   0.4541728989298006    
7505.427   144.925059   47.049441   0.68055    0.4500412876977561    
7509.307   145.143544   47.261349   0.68307    0.4454250604737244    
7513.208   145.08695    47.374872   0.687666   0.44111518257756804   
7517.133   144.970331   47.465138   0.694678   0.43693121990899175   
7521.078   144.82755    47.5568     0.700083   0.43242737577815177   
7525.031   144.693448   47.635458   0.703215   0.4284422355555809    
7528.992   144.566326   47.724209   0.704005   0.42420776049629916   
7532.997   144.43831    47.822653   0.704981   0.4196546404338176    
7537.006   144.291346   47.914869   0.708691   0.4151047886186887    
7541.036   144.16953    48.007517   0.715291   0.4108147167938085    
7545.098   144.003486   48.089912   0.721819   0.4063841957424601    
7549.168   143.86581    48.183149   0.727491   0.40191313928449474   
7553.256   143.731595   48.277989   0.728264   0.3974323547115184    
7557.37    143.603407   48.377072   0.72437    0.39288550680985956   
7561.513   143.463125   48.469403   0.719809   0.3884288943003536    
7565.649   143.30956    48.558951   0.719874   0.38392175196967876   
7569.828   143.152967   48.646957   0.726864   0.3794343852424197    
7574.01    143.005933   48.735823   0.74025    0.3750262512069989    
7578.211   142.858872   48.829351   0.758904   0.37047379034629097   
7582.434   142.671115   48.902456   0.778356   0.3661298535213399    
7586.665   142.489626   48.981624   0.793874   0.36166338605718323   
7590.922   142.312126   49.058851   0.804324   0.3573028975405387    
7595.212   142.087696   49.125432   0.810366   0.3527683768521213    
7599.509   141.834878   49.188587   0.813864   0.3480312165892012    
7603.813   141.249833   49.117171   0.816846   0.3438893269765994    
7608.172   141.057281   49.191585   0.826003   0.339442114853873     
7612.531   140.837011   49.261822   0.838083   0.3348224907698809    
7616.908   140.799099   49.394095   0.847829   0.3302629173157926    
7621.294   140.89773    49.571198   0.853375   0.32581444107157814   
7625.716   140.902787   49.721628   0.85637    0.3211877901827717    
7630.146   140.796931   49.831669   0.861459   0.3166104184413461    
7634.598   140.678094   49.93924    0.871524   0.3119735547962661    
7639.081   140.502968   50.030401   0.885191   0.3072305772254738    
7643.569   140.346961   50.124437   0.898774   0.30261221300515573   
7648.077   140.165398   50.213952   0.910235   0.29785478346182404   
7652.606   139.992632   50.299538   0.918819   0.29331747273054665   
7657.153   139.817769   50.387027   0.925706   0.28870074587891387   
7661.696   139.642311   50.48176    0.930191   0.28385792354916506   
7666.282   139.449167   50.568255   0.93252    0.2790738488121156    
7670.901   139.276861   50.65901    0.93376    0.27439259248531467   
7675.536   139.095414   50.742167   0.935009   0.2698437470455198    
7680.154   138.905807   50.828773   0.936811   0.2651007942904753    
7684.808   138.624172   50.873823   0.941094   0.2605956600124207    
7689.521   138.772315   51.094775   0.952696   0.255549480619572     
7694.219   138.482719   51.144374   0.963499   0.2508221751986995    
7698.942   138.260812   51.217648   0.975233   0.24613181954323496   
7703.678   138.017559   51.27682    0.985633   0.24162658384220906   
7708.394   137.926199   51.396947   0.997228   0.23698757061246342   
7713.167   137.645736   51.455118   1.009464   0.23209433913417496   
7717.962   137.42168    51.518679   1.022656   0.22766939047493767   
7722.814   137.289141   51.625671   1.035076   0.2229725807099163    
7727.621   137.099755   51.714669   1.044718   0.21817795214140553   
7732.508   136.879597   51.787917   1.052623   0.2135074782621508    
7737.374   136.615498   51.850672   1.059994   0.20865184561781216   
7742.259   136.661585   52.028541   1.070972   0.2038813213480787    
7747.178   136.387661   52.082601   1.079749   0.19917621207734607   
7752.106   136.175082   52.166045   1.088168   0.19429215580111447   
7757.041   135.963053   52.244442   1.09673    0.18956380653658583   
7762.008   135.746591   52.321631   1.107483   0.18482039372728118   
7767       135.541151   52.406379   1.120585   0.1799791781608588    
7772.003   135.319694   52.486407   1.133089   0.1750945177096889    
7777.034   135.110157   52.559974   1.144609   0.17053558278425648   
7782.079   134.905424   52.649643   1.155687   0.16555832919469574   
7787.144   134.714633   52.735788   1.166078   0.1608451829260013    
7792.182   134.515683   52.825489   1.17565    0.15593531508723812   
7797.287   134.313629   52.910563   1.184468   0.15112593664691024   
7802.43    134.105468   52.991328   1.192214   0.14637233561283602   
7807.551   133.891802   53.07715    1.199776   0.14140783797301554   
7812.715   133.668939   53.158929   1.207576   0.13645464830979076   
7817.881   133.487787   53.256774   1.217031   0.1315175138475803    
7823.089   133.265136   53.336509   1.226314   0.12662621901777532   
7828.296   133.055508   53.399851   1.235025   0.122359606565658     
7833.559   132.851499   53.481107   1.24456    0.11763901246813308   
7838.773   132.324535   53.449853   1.251896   0.1124008368335032    
7844.048   132.413676   53.656425   1.265299   0.10748095343125846   
7849.326   132.137433   53.714887   1.275855   0.1025711832966038    
7854.685   131.048244   53.43619    1.279044   0.09781950129759642   
7859.985   131.723547   53.87435    1.299888   0.09314300559201975   
7865.317   131.540716   53.977758   1.313976   0.08803361595894955   
7870.701   131.306366   54.056716   1.327472   0.08301950314930157   
7876.069   131.072391   54.127663   1.340839   0.07823686690146629   
7881.479   130.83572    54.201429   1.35389    0.0733397513564686    
7886.923   130.618404   54.285262   1.366417   0.0683828464071633    
7892.349   130.373019   54.360303   1.378976   0.06334259912733713   
7897.816   130.050936   54.394026   1.390744   0.058562106639089874  
7903.292   129.86843    54.48805    1.403956   0.05372334320399046   
7908.786   129.629985   54.572748   1.416537   0.048483504791276354  
7914.344   129.366925   54.620712   1.428209   0.043987038085884604  
7919.846   129.147951   54.706769   1.441307   0.03893660440439438   
7925.405   128.902519   54.778718   1.452856   0.033966332910987516  
7930.995   128.531408   54.785614   1.46421    0.029316660380604622  
7936.602   128.158604   54.797532   1.473189   0.024492095656501137  
7942.184   128.20325    54.995826   1.48624    0.01944870829668226   
7947.824   127.867137   55.022396   1.495769   0.014645847703655741  
7953.474   127.486155   55.034933   1.505505   0.009682876806495752  
7959.149   127.21716    55.088103   1.516899   0.004926841765397552  
7964.837   126.917115   55.133685   1.528582   0                     