# XDI/1.0
# Spectrum.license: CC BY-NC-SA 4.0
# Facility.name: ESRF
# Beamline.name: BM30B (FAME) / FAME-UHD
# Beamline.scan_mode: Fluorescence HERFD
# Beamline.detector: Crystal Analyzer Spectrometer Ge(620)
# Sample.name: Iron (II) Oxide (FeO)
# Sample.formula: FeO
# Sample.temperature: 295 K
# Sample.prep: Synthetic FeO in cellulose pellet
# Element.symbol: Fe
# Element.edge: K
# Publication.DOI: https://doi.org/10.26302/SSHADE/EXPERIMENT_SOC_20181115_004
# Database.name: SSHADE / FAME
# Database.spectrum_uid: SPECTRUM_SOC_20181115_004H
# Column.1: Energy
# Column.2: Ifluor_HERFD
# Column.3: Mufluor
# Energy       Ifluor_HERFD    Mufluor
   7078.9602       17.368855     -0.007388
   7081.8002       16.781977     -0.010243
   7083.9302       17.107771     -0.008658
   7085.9302       17.470299     -0.006895
   7087.9802       18.528906     -0.001746
   7089.9902       17.440570     -0.007039
   7092.0202       18.974287      0.000420
   7093.9902       18.104362     -0.003811
   7096.0302       18.467391     -0.002045
   7098.0102       18.115695     -0.003756
   7100.0302       18.905432      0.000085
   7102.0702       19.283707      0.001925
   7104.0402       19.028703      0.000685
   7106.0802       19.060048      0.000837
   7108.0702       19.833418      0.004598
   7108.2902       19.370005      0.002345
   7108.4402       19.787383      0.004374
   7108.6502       19.656049      0.003736
   7108.8502       19.990245      0.005361
   7109.0602       19.391716      0.002450
   7109.2602       19.944970      0.005141
   7109.4502       19.955167      0.005191
   7109.6602       19.511171      0.003031
   7109.8702       19.713456      0.004015
   7110.0502       19.834373      0.004603
   7110.2602       20.025924      0.005535
   7110.4602       20.011267      0.005463
   7110.6602       20.622863      0.008438
   7110.8402       20.889822      0.009736
   7111.0602       21.634149      0.013356
   7111.2702       22.292077      0.016556
   7111.4502       23.182622      0.020887
   7111.6602       23.828160      0.024027
   7111.8502       25.015610      0.029802
   7112.0502       26.866447      0.038804
   7112.2602       28.236533      0.045467
   7112.4502       29.577791      0.051991
   7112.6602       30.309210      0.055548
   7112.8602       31.707657      0.062350
   7113.0602       32.609826      0.066737
   7113.2502       32.645101      0.066909
   7113.4402       32.724894      0.067297
   7113.6702       33.997863      0.073488
   7113.8702       34.793785      0.077359
   7114.0502       35.206957      0.079369
   7114.2602       35.088893      0.078794
   7114.4602       35.487923      0.080735
   7114.6602       36.304914      0.084709
   7114.8702       36.007257      0.083261
   7115.0602       35.183200      0.079253
   7115.2502       34.640182      0.076612
   7115.4602       34.995842      0.078342
   7115.6602       34.666220      0.076739
   7115.8602       35.019899      0.078459
   7116.0502       36.741514      0.086832
   7116.2702       37.910295      0.092516
   7116.4502       38.779311      0.096743
   7116.6602       40.157365      0.103445
   7116.8502       42.202550      0.113392
   7117.0502       44.710024      0.125587
   7117.2502       48.244618      0.142778
   7117.4802       52.366986      0.162827
   7117.6402       54.540871      0.173400
   7117.8602       58.218558      0.191287
   7118.0502       63.130904      0.215179
   7118.2602       68.560374      0.241585
   7118.4602       73.387398      0.265062
   7118.6602       78.882474      0.291787
   7118.8702       84.910163      0.321103
   7119.0602       90.402519      0.347816
   7119.2502       98.504717      0.387221
   7119.4602      104.543170      0.416590
   7119.6602      109.643770      0.441397
   7119.8602      118.370640      0.483841
   7120.0802      123.482970      0.508705
   7120.2502      128.303420      0.532149
   7120.4502      133.855400      0.559152
   7120.6402      139.851740      0.588315
   7120.8702      145.214750      0.614399
   7121.0702      148.930870      0.632472
   7121.2502      155.308840      0.663492
   7121.4702      157.036670      0.671895
   7121.6602      162.893770      0.700382
   7121.8502      165.493320      0.713025
   7122.0502      169.086220      0.730499
   7122.2602      174.057660      0.754678
   7122.4602      178.257820      0.775106
   7122.6702      183.319940      0.799726
   7122.8502      187.167050      0.818436
   7123.0502      195.221580      0.857610
   7123.2402      200.531960      0.883437
   7123.4702      206.956140      0.914682
   7123.6702      213.401400      0.946029
   7123.8502      219.115440      0.973819
   7124.0602      226.806620      1.011226
   7124.2502      236.162010      1.056727
   7124.4702      242.167070      1.085933
   7124.6702      250.746300      1.127658
   7124.8602      255.659720      1.151555
   7125.0602      260.389460      1.174558
   7125.2702      261.915560      1.181981
   7125.4402      269.026280      1.216564
   7125.6502      273.123320      1.236490
   7125.8502      275.721500      1.249127
   7126.0702      278.307840      1.261706
   7126.2602      280.769000      1.273676
   7126.4502      283.764060      1.288242
   7126.6502      286.367050      1.300902
   7126.8502      290.194740      1.319518
   7127.0502      291.459230      1.325668
   7127.2502      294.914020      1.342471
   7127.4702      298.386490      1.359359
   7127.6602      304.046960      1.386889
   7127.8602      306.969670      1.401104
   7128.0402      311.160460      1.421486
   7128.2502      314.913370      1.439739
   7128.4702      320.007760      1.464516
   7128.6602      324.999980      1.488796
   7128.8602      329.472680      1.510549
   7129.0602      329.450550      1.510441
   7129.2602      334.066260      1.532890
   7129.4602      333.611150      1.530677
   7129.6702      332.399610      1.524784
   7129.8602      332.300740      1.524303
   7130.0702      330.776570      1.516891
   7130.2702      326.838650      1.497738
   7130.4302      321.619220      1.472353
   7130.6602      322.404360      1.476172
   7130.8702      315.352840      1.441876
   7131.0502      311.756030      1.424383
   7131.2702      302.801960      1.380834
   7131.4602      296.154260      1.348503
   7131.6502      291.718910      1.326931
   7131.8402      287.130710      1.304616
   7132.0702      281.594620      1.277691
   7132.2702      274.989160      1.245565
   7132.4502      272.377240      1.232862
   7132.6602      265.481740      1.199325
   7132.8702      262.518510      1.184913
   7133.0402      257.912320      1.162511
   7133.2702      253.681110      1.141932
   7133.4602      251.506850      1.131357
   7133.6602      249.705820      1.122598
   7133.8602      247.792110      1.113290
   7134.0502      245.023530      1.099825
   7134.2602      245.066330      1.100033
   7134.4502      243.891200      1.094318
   7134.6802      241.232530      1.081387
   7134.8602      240.352450      1.077107
   7135.0502      241.131180      1.080894
   7135.2602      238.465150      1.067928
   7135.4702      237.901270      1.065186
   7135.6402      237.255260      1.062044
   7135.8702      235.238330      1.052234
   7136.0502      235.122990      1.051673
   7136.2602      233.557690      1.044060
   7136.4502      231.859430      1.035801
   7136.6602      231.253200      1.032852
   7136.8602      229.291080      1.023309
   7137.0502      228.741500      1.020636
   7137.2702      230.370370      1.028559
   7137.4602      227.667820      1.015414
   7137.6402      227.423270      1.014225
   7137.8502      224.842700      1.001674
   7138.0802      225.140690      1.003124
   7138.2402      223.359680      0.994462
   7138.4702      222.748210      0.991488
   7138.6602      222.757100      0.991531
   7138.8602      222.202380      0.988833
   7139.0502      223.243190      0.993895
   7139.2702      222.411450      0.989850
   7139.4702      223.898420      0.997082
   7139.6602      223.420220      0.994756
   7139.8602      223.428620      0.994797
   7140.0602      224.040350      0.997772
   7140.2502      224.863770      1.001777
   7140.4602      227.090930      1.012609
   7140.6802      228.093470      1.017485
   7140.8402      229.611530      1.024868
   7141.0502      233.022360      1.041457
   7141.2702      232.906090      1.040891
   7141.4602      233.607560      1.044303
   7141.6402      236.043250      1.056149
   7141.8702      237.282250      1.062175
   7142.0702      237.902150      1.065190
   7142.2502      240.151640      1.076130
   7142.4602      240.519200      1.077918
   7142.6402      242.190750      1.086048
   7142.8602      244.032400      1.095005
   7143.0602      244.214700      1.095891
   7143.2702      246.711820      1.108036
   7143.4502      245.431710      1.101810
   7143.6502      246.746970      1.108207
   7143.8602      247.224350      1.110529
   7144.0602      245.126480      1.100326
   7144.2502      245.454280      1.101920
   7144.4702      245.583710      1.102550
   7144.6702      247.380210      1.111287
   7144.8502      244.819690      1.098834
   7145.0602      245.753740      1.103377
   7145.2602      243.446960      1.092157
   7145.4602      240.758110      1.079080
   7145.6502      241.348820      1.081953
   7145.8802      238.873930      1.069916
   7146.0302      238.255970      1.066911
   7146.2602      238.387920      1.067552
   7146.4502      236.458440      1.058168
   7146.6502      235.795320      1.054943
   7146.8502      233.909240      1.045770
   7147.0702      232.097680      1.036959
   7147.2602      230.101770      1.027252
   7147.4402      229.680260      1.025202
   7147.6502      229.923160      1.026383
   7147.8602      227.287530      1.013565
   7148.0602      225.829620      1.006474
   7148.2502      224.481940      0.999920
   7148.4802      223.630080      0.995777
   7148.6502      223.263450      0.993994
   7148.8402      221.470610      0.985274
   7149.0602      223.186870      0.993621
   7149.2602      221.007140      0.983020
   7149.4602      219.416650      0.975284
   7149.6702      220.805240      0.982038
   7149.8602      217.907800      0.967946
   7150.0502      218.672330      0.971664
   7150.2402      217.234120      0.964670
   7150.4702      218.678940      0.971696
   7150.6702      219.061860      0.973559
   7150.8402      218.657380      0.971592
   7151.0802      217.717740      0.967022
   7151.2402      219.079830      0.973646
   7151.4302      217.103080      0.964032
   7151.6702      216.896780      0.963029
   7151.8702      217.702750      0.966949
   7152.0502      214.123960      0.949543
   7152.2602      217.398600      0.965469
   7152.4502      215.311300      0.955318
   7152.6502      215.687820      0.957149
   7152.8502      214.873050      0.953186
   7153.0702      215.236270      0.954953
   7153.2702      215.908280      0.958221
   7153.4402      216.282970      0.960044
   7153.6702      215.002710      0.953817
   7153.8502      213.993140      0.948907
   7154.0402      212.754850      0.942884
   7154.2702      212.630000      0.942277
   7154.4702      212.517890      0.941732
   7154.6602      212.169510      0.940037
   7154.8402      212.136540      0.939877
   7155.0602      212.549510      0.941886
   7155.2602      212.052310      0.939467
   7155.4602      214.854710      0.953097
   7155.6702      211.687690      0.937694
   7155.8602      212.523470      0.941759
   7156.0402      214.151330      0.949676
   7156.2802      210.705070      0.932915
   7156.4302      213.348490      0.945771
   7156.6602      212.517390      0.941729
   7156.8602      214.920790      0.953418
   7157.0602      213.150800      0.944810
   7157.2602      212.621240      0.942234
   7157.4302      213.207660      0.945087
   7157.6602      214.754140      0.952608
   7157.8702      216.330210      0.960273
   7158.0502      214.047830      0.949173
   7158.2602      214.720890      0.952446
   7158.4602      214.896160      0.953299
   7158.6402      215.333330      0.955425
   7158.8602      215.979360      0.958567
   7159.0802      215.126870      0.954421
   7159.2402      216.254730      0.959906
   7159.4702      217.232730      0.964663
   7159.6602      213.990840      0.948896
   7159.8502      216.372680      0.960480
   7160.0402      218.748320      0.972034
   7161.3602      220.024200      0.978239
   7164.1802      223.192100      0.993647
   7165.6302      228.616740      1.020030
   7167.0302      231.081590      1.032018
   7168.4302      243.721560      1.093493
   7169.9702      245.186190      1.100616
   7171.3902      251.351200      1.130600
   7172.9402      254.031640      1.143637
   7174.4602      256.986980      1.158010
   7176.0102      257.975510      1.162818
   7177.5602      252.665890      1.136994
   7179.1602      253.632590      1.141696
   7180.7502      252.358010      1.135497
   7182.3502      246.219520      1.105642
   7184.0102      240.749140      1.079036
   7185.6802      237.488480      1.063178
   7187.4102      234.387140      1.048094
   7188.9602      231.141200      1.032307
   7190.7602      229.809900      1.025833
   7192.4902      225.446540      1.004611
   7194.2502      224.584430      1.000418
   7196.0002      221.264810      0.984273
   7197.8102      225.994280      1.007275
   7199.6202      224.986640      1.002374
   7201.4002      226.585440      1.010150
   7203.2802      229.624460      1.024931
   7205.1702      230.641280      1.029876
   7207.0102      230.110390      1.027294
   7208.9202      230.200330      1.027732
   7210.8702      228.642890      1.020157
   7212.7702      225.687040      1.005781
   7214.7602      226.975060      1.012045
   7216.7102      231.264120      1.032905
   7218.7302      229.716680      1.025379
   7220.7602      233.545900      1.044003
   7222.7402      233.097100      1.041820
   7224.8502      233.043030      1.041557
   7226.8802      233.037580      1.041531
   7228.9702      230.304220      1.028237
   7231.1102      227.296180      1.013607
   7233.2202      228.249990      1.018246
   7235.3702      221.033090      0.983146
   7237.5302      219.318720      0.974808
   7239.7402      218.095080      0.968857
   7241.9302      222.057160      0.988127
   7244.1602      223.065110      0.993029
   7246.4102      228.556500      1.019737
   7248.6502      226.799330      1.011191
   7250.9602      227.259010      1.013426
   7253.2202      229.892520      1.026234
   7255.5702      227.547960      1.014832
   7257.9002      226.278820      1.008659
   7260.2802      224.602180      1.000505
   7262.6102      226.541520      1.009937
   7265.0202      226.147580      1.008021
   7267.4302      224.870450      1.001809
   7269.8802      229.491500      1.024284
   7272.3002      229.200160      1.022867
   7274.8002      230.860880      1.030944
   7277.2602      227.209930      1.013188
   7279.7802      228.098440      1.017509
   7282.3202      223.021430      0.992816
   7284.8402      222.745670      0.991475
   7287.4302      221.255110      0.984226
   7289.9902      218.692620      0.971763
   7292.6202      215.475620      0.956117
   7295.2002      213.894560      0.948427
   7297.8702      217.041530      0.963733
   7300.5002      216.421580      0.960718
   7303.2002      214.954980      0.953585
   7305.8702      214.065020      0.949256
   7308.6102      222.504480      0.990302
   7311.3302      221.058690      0.983271
   7314.0802      218.518260      0.970915
   7316.8502      221.489850      0.985368
   7319.6502      221.858270      0.987159
   7322.4402      221.550610      0.985663
   7325.2702      220.426020      0.980194
   7328.1302      220.911190      0.982553
   7330.9602      223.292830      0.994136
   7333.8802      220.277930      0.979473
   7336.7502      223.707600      0.996154
   7339.7002      221.886010      0.987294
   7342.6202      220.424710      0.980187
   7345.5902      219.379420      0.975103
   7348.5402      219.101740      0.973753
   7351.5402      218.260510      0.969661
