# XDI/1.0 
# Spectrum.license:CC BY 4.0
# Publication.authors: Bruce Ravel
# Publication.affiliation: Brookhaven National Laboratory, NSLS-II
# Facility.name:NSLS-II
# Sample.temperature:rt
# Sample.prep:PEG pellet
# Sample.smiles:[Ca+2].[Al+3].[Fe+3].[Si+4].[O-2].[OH-]
# Publication.DOI: https://doi.org/10.18434/mds2-4032
# Sample.name:Epidote
# Scan.number:scan1
# Sample.id:f4lca4
# Scan.start_time:2023-05-05
# Element.symbol:Fe
# Facility.energy:3.0 GeV
# Beamline.flux:Si(111): 2x10^12 at 10 keV; 6x10^10 at 20 keV; Si(311): 4x10^11 at 10 keV; 1x10^10 at 20 keV
# Beamline.name:Beamline for Materials Measurement (BMM)
# Beamline.energy_range:4.0 - 23
# Beamline.scan_mode:Transmission
# Beamline.energy_resolution:Si(111): 1.3 x 10^-4; Si(311):1.9 x 10^-5 
# Beamline.spot_size:300 µm
# Beamline.detector:Ionization chamber
# Beamline.website:https://www.bnl.gov/nsls2/beamlines/beamline.php?r=6-BM
# Mono.name:Si(111) and Si(311)
# Element.edge:K
# Column.1:Energy
# Column.2:I0
# Column.3:Itrans
# Column.4:Irefer
# Column.5:Mutrans
# Energy   I0           Itrans      Irefer     Mutrans               
6912.005   154.337342   41.22907    7.743522   0.8476837242785398    
6922.009   154.156088   41.51986    7.853366   0.8344944104275726    
6932.036   154.122393   41.831353   7.966454   0.8221258815506349    
6942.017   154.132664   42.197344   8.093904   0.8082273022964017    
6952.002   154.089229   42.534668   8.214488   0.7949726248090356    
6962.014   154.055154   42.874297   8.338419   0.7818301912467243    
6972.018   154.057329   43.214798   8.462398   0.7691344900936279    
6982.008   154.002307   43.550057   8.58772    0.7561350930596958    
6992.018   153.979013   43.893031   8.712244   0.7432794788070396    
7002.011   153.923359   44.218861   8.835434   0.7308072518361504    
7012.008   153.850235   44.544402   8.959917   0.7182499870951565    
7022.012   153.788993   44.88094    9.087722   0.7055084604021257    
7032.008   153.71196    45.207952   9.210226   0.6930306712176594    
7042.006   153.631584   45.508072   9.329681   0.6815514301742381    
7052.007   153.52424    45.835435   9.45271    0.6689033775523554    
7062.008   152.780894   45.947606   9.529232   0.6571698600955999    
7072.009   153.274803   46.446821   9.679331   0.6449848873110271    
7081.984   153.228226   46.795936   9.788213   0.6324565457566851    
7083.987   153.007566   46.801537   9.792834   0.6299471118064482    
7085.985   153.127935   46.90917    9.818184   0.6275181278867386    
7087.992   153.13038    46.966807   9.831524   0.6255695276292553    
7089.99    153.096171   47.029538   9.845229   0.6230643023598426    
7091.997   153.068775   47.089738   9.85362    0.6207198348809121    
7093.978   152.991602   47.139231   9.857566   0.618220066472374     
7096.187   152.987455   47.207511   9.859956   0.6158493227416337    
7098.24    152.980495   47.263452   9.85245    0.6138720668281046    
7099.984   152.981328   47.320007   9.839407   0.6119581023478782    
7101.988   152.941993   47.389049   9.812478   0.6092005177994471    
7102.288   152.895042   47.371371   9.802172   0.6093067552079248    
7102.585   152.877892   47.383828   9.795683   0.6087036643751471    
7102.884   152.888022   47.404289   9.791062   0.6081160790235812    
7103.19    152.865325   47.398583   9.780606   0.6080709161706305    
7103.483   152.831983   47.396632   9.770178   0.6077863772113958    
7103.781   152.820797   47.387698   9.757614   0.6079717846329615    
7104.087   152.801139   47.411052   9.747525   0.6069727835634575    
7104.386   152.814736   47.419895   9.736688   0.606815992738477     
7104.688   152.802142   47.423919   9.725412   0.6065470537426895    
7104.985   152.76897    47.429783   9.711114   0.60599918592205      
7105.285   152.759843   47.43262    9.693359   0.605806960604417     
7105.584   152.731102   47.429411   9.674566   0.6056132110929514    
7105.888   152.718802   47.415195   9.651137   0.6059656996860115    
7106.188   152.741762   47.441042   9.633703   0.6053311977240957    
7106.486   152.729634   47.450532   9.611518   0.6048819436939251    
7106.792   152.715992   47.456382   9.58589    0.6045401207239965    
7107.092   152.704985   47.462073   9.55506    0.6042314390138322    
7107.389   152.712751   47.479937   9.524945   0.6037081685165798    
7107.687   152.702461   47.487272   9.48595    0.6033514668226587    
7107.989   152.675658   47.472126   9.436325   0.6035821203118946    
7108.289   152.674393   47.485145   9.38301    0.6031279300144617    
7108.591   152.663871   47.486008   9.32077    0.602987900579855     
7108.888   152.653318   47.486219   9.247151   0.6028696128568938    
7109.191   152.611008   47.486434   9.153312   0.6024166494805414    
7109.495   152.618167   47.501333   9.034907   0.6019876992367282    
7109.793   152.613969   47.507016   8.879414   0.6017511310293688    
7110.093   152.592706   47.503053   8.661689   0.6016612355684431    
7110.395   152.582823   47.508093   8.355959   0.6013865247795928    
7110.697   152.571844   47.512168   7.918838   0.6011329306790394    
7110.993   152.526603   47.499584   7.356838   0.6010820070310368    
7111.302   152.862804   47.60456    6.678201   0.6010726571277138    
7111.591   153.013098   47.647082   5.995203   0.6012171611402094    
7111.891   152.989414   47.635132   5.349354   0.6013715698086696    
7112.189   152.940179   47.603865   4.832702   0.6019097451404487    
7112.49    152.898753   47.559204   4.447487   0.6029832998656186    
7112.792   152.868315   47.509095   4.158076   0.6043580842736171    
7113.097   152.851161   47.464073   3.922913   0.6057020040592245    
7113.395   152.823906   47.409681   3.718425   0.607258816602728     
7113.699   152.82024    47.382391   3.534867   0.6081459930656479    
7114       152.81185    47.387788   3.370457   0.607874598989418     
7114.3     152.82063    47.386737   3.227186   0.6080026332607205    
7114.598   152.777729   47.415273   3.111032   0.6065833065976216    
7114.901   152.785029   47.4253     3.019086   0.6063201609848275    
7115.201   152.772785   47.454169   2.953287   0.6052129025078123    
7115.5     152.759792   47.49656    2.907312   0.6036405510434036    
7115.802   152.76706    47.539759   2.873964   0.6022553923509776    
7116.092   152.73384    47.572188   2.849887   0.6008093580482681    
7116.393   152.703783   47.591976   2.823482   0.5998242901078638    
7116.698   152.691445   47.595801   2.784511   0.5995651659371358    
7116.998   152.66935    47.587214   2.726385   0.5996225919301386    
7117.295   152.677492   47.590761   2.642974   0.5995884994435668    
7117.598   152.664063   47.578311   2.529942   0.599867739402114     
7117.896   152.627177   47.559912   2.393021   0.6001010943024282    
7118.199   152.581324   47.539552   2.234963   0.6003064307386621    
7118.506   152.60135    47.524108   2.073423   0.6010398389958476    
7118.805   152.575528   47.504825   1.917353   0.6014202553053184    
7119.099   152.558878   47.459305   1.771236   0.6027861482997611    
7119.398   152.527241   47.411736   1.635735   0.6040650134461782    
7119.701   152.537585   47.35738    1.506946   0.6060183847651344    
7119.998   152.468683   47.248396   1.382882   0.6089962650964496    
7120.298   152.482746   47.16113    1.265679   0.6121168310237833    
7120.593   152.497492   47.046422   1.156198   0.6161876349891042    
7120.894   152.442317   46.885196   1.055502   0.6211251115018075    
7121.199   152.429271   46.699544   0.966294   0.6273665481614455    
7121.498   152.383677   46.491625   0.892088   0.6340598697546668    
7121.799   152.384105   46.245711   0.828551   0.6425912553719046    
7122.105   152.349037   45.937659   0.771508   0.6529668719089196    
7122.397   152.368625   45.607893   0.722927   0.6647568290441422    
7122.702   152.356048   45.233261   0.67927    0.6778853674139782    
7123.008   152.335192   44.873514   0.640821   0.6905033992318392    
7123.301   152.330143   44.554097   0.607738   0.701935565082154     
7123.602   152.309995   44.301396   0.579835   0.7108678982564249    
7123.899   152.30274    44.066025   0.555117   0.7193562019928735    
7124.2     152.271364   43.810308   0.532091   0.7283822092500939    
7124.497   152.259553   43.564099   0.511357   0.7373185928511077    
7124.798   152.238076   43.249716   0.49068    0.74873659082438      
7125.093   152.211233   42.896047   0.471724   0.7616546429786024    
7125.397   152.173089   42.496978   0.452339   0.7762792501907677    
7125.7     152.159111   42.077859   0.434175   0.7920668386090068    
7126.002   152.117179   41.659215   0.417283   0.8077001718386738    
7126.301   152.113638   41.232128   0.400091   0.8242307797529014    
7126.605   152.095027   40.787673   0.382952   0.8414590765054352    
7126.902   152.054564   40.36933    0.366236   0.8576069271921053    
7127.21    152.03002    39.968727   0.348634   0.8733819211752188    
7127.505   152.053351   39.627613   0.332164   0.8874092693486112    
7127.802   152.012088   39.343754   0.316181   0.8985312243974949    
7128.095   151.982122   39.124835   0.300958   0.907185412884796     
7128.399   151.95795    38.945192   0.285621   0.9143289143217963    
7128.701   151.917794   38.833102   0.270637   0.9185381228160963    
7128.996   151.885959   38.770583   0.256874   0.9207917046764151    
7129.295   151.871379   38.757619   0.243721   0.9211750594080655    
7129.597   151.817705   38.770643   0.232226   0.92006654978595      
7129.899   151.791449   38.809415   0.222482   0.9181814219805892    
7130.207   151.780803   38.837021   0.214216   0.9169254024192067    
7130.502   151.77716    38.83825    0.207865   0.9168359342869166    
7130.798   151.739061   38.788197   0.203554   0.9185056839870651    
7131.102   151.711161   38.676791   0.201037   0.9228345200363877    
7131.402   151.700832   38.514837   0.200963   0.9294716078777787    
7131.704   151.658352   38.291055   0.203169   0.9383902923943492    
7132.003   151.638435   38.047999   0.207304   0.9484172691224122    
7132.297   151.607775   37.784315   0.212914   0.9592734259093281    
7132.597   151.608052   37.53075    0.219551   0.97010238956281      
7132.899   151.568208   37.284674   0.227479   0.9802562349373037    
7133.198   151.575746   37.094225   0.236493   0.9885697960404477    
7133.498   151.581087   36.967027   0.246181   0.9941491249456793    
7133.798   151.550106   36.880417   0.256217   0.9975917961060083    
7134.098   151.603577   36.848938   0.266107   0.9995318739919578    
7134.398   151.60434    36.838396   0.275577   1                     
7134.705   151.60797    36.862011   0.284535   0.9990081623128074    
7135.005   151.614129   36.943605   0.292494   0.9955185638389006    
7135.298   151.615689   37.056716   0.300322   0.9906200158888218    
7135.603   151.576989   37.22698    0.307714   0.9828391903252578    
7135.899   151.552609   37.404959   0.313517   0.9749121670156569    
7136.201   151.528644   37.60854    0.318782   0.9659310296887156    
7136.503   151.536121   37.81077    0.32251    0.9573880441608541    
7136.799   151.528136   37.979497   0.325316   0.9501446596431069    
7136.992   151.499963   38.080332   0.326393   0.9455826932426182    
7137.998   151.515191   38.521096   0.324472   0.927241638522797     
7139.007   151.5104     38.779231   0.312703   0.9164527055553783    
7140.028   151.510477   38.964151   0.298997   0.908804934956675     
7141.079   151.502233   39.246712   0.290919   0.8971001010321051    
7142.145   151.497405   39.6174     0.291797   0.8819344160799302    
7143.19    151.450848   39.958735   0.29885    0.8676471860634359    
7144.287   151.438528   40.258493   0.306271   0.8555002482525076    
7145.413   151.429452   40.427061   0.306337   0.8486858879490442    
7146.557   151.415698   40.464071   0.295511   0.8470686272161349    
7147.707   151.392947   40.467429   0.277453   0.8466936091902894    
7148.888   151.379955   40.554013   0.259457   0.8431192749023145    
7150.083   151.395256   40.747011   0.248275   0.835648384839913     
7151.299   151.4006     41.006753   0.242302   0.8254887839191241    
7152.532   151.363398   41.256806   0.238963   0.8153193652189317    
7153.786   151.391085   41.491276   0.237612   0.8065019188165392    
7155.049   151.359068   41.648325   0.240519   0.800087677223403     
7156.344   151.312463   41.764407   0.245657   0.7951175478498328    
7157.656   151.291809   41.852254   0.250132   0.7915198016384478    
7158.982   151.263473   41.910934   0.252065   0.7889659772888149    
7160.33    151.243766   41.945716   0.252961   0.7874227382295718    
7161.705   151.210341   41.951573   0.254815   0.7868428905020164    
7163.078   151.152693   41.921275   0.258764   0.7873914019869002    
7164.491   151.114455   41.911143   0.26431    0.7873732537961073    
7165.913   151.065031   41.896816   0.268729   0.7873970231703744    
7167.353   151.037086   41.857738   0.271842   0.788599895696926     
7168.816   151.005671   41.786636   0.27483    0.790998860104016     
7170.294   150.989914   41.68083    0.278787   0.7949072621882279    
7171.793   150.954822   41.553407   0.286174   0.7994562784843074    
7173.321   150.905125   41.413868   0.297985   0.8043350330485248    
7174.856   150.885447   41.299247   0.312909   0.8085814137061648    
7176.418   150.83351    41.23384    0.330806   0.8105762257014674    
7177.989   150.78916    41.246969   0.348495   0.8095915671712466    
7179.587   150.76269    41.267678   0.360913   0.8085022784858914    
7181.202   150.74034    41.289711   0.364225   0.8074057330709781    
7182.83    150.720186   41.33214    0.361248   0.8055394494136056    
7184.49    150.686922   41.37974    0.354745   0.8033340272834208    
7186.157   150.635125   41.419332   0.341458   0.8012436759301749    
7187.846   150.602436   41.4793     0.324542   0.7985686137977104    
7189.555   150.599796   41.535263   0.307482   0.7963726918310873    
7191.29    149.052018   41.181027   0.287029   0.7935341906086916    
7193.039   150.240612   41.566168   0.274061   0.7913376298038443    
7194.796   150.393565   41.673046   0.269031   0.7888448473173084    
7196.589   150.373564   41.731734   0.274929   0.7863683556716002    
7198.39    150.300354   41.784015   0.289223   0.7835724427520944    
7200.217   150.265309   41.851548   0.309413   0.7806010349050925    
7202.059   150.231341   41.918474   0.333883   0.7776685336626372    
7203.918   150.189996   41.97487    0.362207   0.7750643665922257    
7205.803   150.140497   42.004594   0.389177   0.7733962536784594    
7207.701   150.541365   42.154541   0.403623   0.7719540234545593    
7209.616   150.50814    42.197453   0.392029   0.7699632891703855    
7211.557   150.46745    42.246644   0.353362   0.7676553958945168    
7213.516   150.418028   42.303106   0.300136   0.764979863790935     
7215.493   150.358409   42.409685   0.251191   0.7602968810140169    
7217.489   150.296227   42.540273   0.215725   0.7546887155778871    
7219.508   150.224333   42.648203   0.196479   0.7498454413963895    
7221.529   150.156768   42.736196   0.192965   0.7458083306791224    
7223.597   150.079046   42.802986   0.205815   0.7424651456682203    
7225.655   149.976936   42.855675   0.231869   0.7393929519929241    
7227.75    147.340263   42.18028    0.263911   0.736415908428532     
7229.864   150.144584   43.069809   0.312733   0.7331756371487054    
7231.991   150.070204   43.136008   0.361042   0.7299096508071637    
7234.125   150.014917   43.210848   0.406542   0.7265301522335869    
7236.308   149.95871    43.279945   0.440619   0.7233587250830207    
7238.489   149.926856   43.349525   0.455829   0.7204344350047037    
7240.694   149.904396   43.397651   0.454047   0.7184096021448975    
7242.912   149.8741     43.444508   0.438811   0.7163496133979796    
7245.16    147.050572   42.684664   0.409826   0.7141400134023158    
7247.421   149.582596   43.455521   0.398576   0.7128119071212365    
7249.703   149.604586   43.485635   0.390167   0.7119344605682015    
7252       149.517136   43.481781   0.394258   0.7111368654193845    
7254.321   147.186644   42.838372   0.39993    0.7098478016479638    
7256.666   149.551788   43.533081   0.415157   0.7096136806160571    
7259.008   149.391583   43.528368   0.412455   0.7080645081452599    
7261.39    148.975335   43.459446   0.400135   0.7061262484280791    
7263.789   138.324897   40.443465   0.361572   0.7025049262833755    
7266.201   149.169567   43.65164    0.38187    0.7011265144995061    
7268.637   149.803588   43.933909   0.374103   0.6975825331524542    
7271.079   149.740217   44.021064   0.357179   0.6937159098936027    
7273.565   148.584423   43.805376   0.336586   0.6891547520167883    
7276.049   149.74059    44.262246   0.329379   0.6849352066423524    
7278.562   149.676991   44.360245   0.32403    0.6806963830965957    
7281.087   149.623995   44.441529   0.315455   0.677183651698073     
7283.635   148.591939   44.20933    0.30213    0.6744776643397777    
7286.198   149.248238   44.470564   0.293011   0.6720907801069559    
7288.788   149.343171   44.570364   0.289465   0.669508996013961     
7291.393   149.300772   44.626323   0.300134   0.6670351238246217    
7294.012   149.26726    44.686035   0.32663    0.6645243391547628    
7296.664   149.220885   44.751831   0.361852   0.6616591630049404    
7299.322   149.090235   44.793662   0.39655    0.6587486932276548    
7302.008   147.35974    44.363117   0.422955   0.65550627692227      
7304.707   149.201397   45.027717   0.453044   0.6515678854923024    
7307.424   149.099571   45.084444   0.469704   0.6484459744459825    
7310.161   148.945852   45.128346   0.476484   0.64522265146876      
7312.919   148.973846   45.211551   0.476971   0.6425631795533328    
7315.696   148.914551   45.300847   0.477655   0.6387507423930137    
7318.483   148.87534    45.388074   0.480635   0.6352345000478593    
7321.309   148.802791   45.46994    0.483768   0.6315534632951737    
7324.132   148.76817    45.558388   0.48624    0.6280549094136558    
7326.981   148.705295   45.660287   0.487926   0.6237831698434108    
7329.863   148.634988   45.755997   0.491651   0.6196562167977232    
7332.755   148.532429   45.841611   0.501522   0.6155409199502262    
7335.665   148.462363   45.935834   0.514277   0.6114810397345422    
7338.582   147.264518   45.68389    0.518097   0.6072987276984169    
7341.532   148.258368   46.096026   0.517932   0.6036732305799262    
7344.504   148.259115   46.194355   0.500363   0.6002553474705723    
7347.484   148.192561   46.268004   0.4744     0.5969721332910135    
7350.496   148.143179   46.342851   0.449495   0.5938374832720806    
7353.517   148.099743   46.421131   0.429179   0.5906524943043743    
7356.566   148.009556   46.477221   0.411627   0.587731612541051     
7359.621   147.930872   46.536051   0.397038   0.5848428330040122    
7362.698   147.845119   46.597378   0.386512   0.5817931370656193    
7365.804   147.758637   46.679964   0.383361   0.5780053647695499    
7368.926   147.690923   46.7508     0.388426   0.5748304391805399    
7372.067   147.616271   46.833074   0.405625   0.5711905842325616    
7375.218   147.564294   46.910894   0.436558   0.5679550014934365    
7378.399   147.48229    46.973168   0.482332   0.5649283536179538    
7381.584   147.415481   47.037653   0.535469   0.5619941919696277    
7384.803   147.346163   47.112312   0.576359   0.5586881011314841    
7388.035   147.28322    47.177226   0.593402   0.5557873589761564    
7391.282   147.201333   47.265298   0.591333   0.5518945230121884    
7394.561   147.093265   47.343458   0.582101   0.5480572059084782    
7397.848   147.041966   47.442366   0.57591    0.544140958195121     
7401.157   146.953123   47.535784   0.57616    0.5400064683719397    
7404.483   146.864405   47.631582   0.579371   0.5357986304192861    
7407.829   146.776302   47.721733   0.580487   0.5317936878693367    
7411.205   146.695334   47.811957   0.580107   0.5278696510075885    
7414.583   146.602596   47.89567    0.580826   0.5240403236880997    
7417.985   146.535451   47.985837   0.583733   0.5202798370426214    
7421.404   146.452055   48.075698   0.59179    0.5163565248614072    
7424.856   146.358378   48.165826   0.605609   0.5123164599526145    
7428.319   146.259106   48.246878   0.615902   0.5085222852680149    
7431.8     146.133577   48.323368   0.618053   0.5045948258807376    
7435.301   146.049675   48.414239   0.615608   0.5006508751641819    
7438.823   145.901149   48.478429   0.607345   0.49688471100166287   
7442.364   145.747475   48.550149   0.591257   0.49281352737239514   
7445.91    141.890275   47.375236   0.560299   0.48907728393306843   
7449.49    145.743331   48.793048   0.56467    0.4847439960705896    
7453.095   144.498544   48.488971   0.556604   0.4810040092757258    
7456.695   145.530808   48.941009   0.56308    0.47752967720797396   
7460.336   144.930637   48.841016   0.565524   0.4741737041749573    
7463.997   145.290021   49.08624    0.57694    0.47010330059155475   
7467.66    141.330223   47.877567   0.577526   0.4657605823005097    
7471.345   145.257638   49.329226   0.615745   0.46180567062341854   
7475.063   145.092388   49.399902   0.636518   0.45767364901926877   
7478.791   144.928478   49.461683   0.652459   0.4538468116767506    
7482.536   144.818962   49.537621   0.667688   0.45016488140546973   
7486.303   144.637763   49.601356   0.686587   0.44608468229942033   
7490.115   144.58565    49.713928   0.707453   0.44186048382305954   
7493.9     144.493821   49.804554   0.722766   0.4379107640952549    
7497.724   144.39949    49.898144   0.729005   0.4338423533170791    
7501.57    144.305757   49.988738   0.727421   0.42988193296723476   
7505.446   144.160948   50.06506    0.724486   0.4258148440002558    
7509.309   144.037578   50.148364   0.724501   0.42176533233910785   
7513.21    143.924908   50.241365   0.729174   0.41752826522735653   
7517.104   143.784402   50.307379   0.736061   0.41384674724730947   
7521.045   143.620704   50.377941   0.741629   0.4097617014111215    
7525.026   143.498108   50.470162   0.745361   0.4054481815692523    
7529.002   143.339145   50.541878   0.745096   0.40138314446096346   
7533.002   143.222222   50.621629   0.746332   0.39753615175520546   
7537.015   143.098804   50.702686   0.749879   0.3935776907987969    
7541.051   142.990069   50.802826   0.757049   0.38918320193168454   
7545.11    142.847414   50.870595   0.763799   0.3854350728330126    
7549.147   142.670065   50.916091   0.768736   0.38200043122605554   
7553.275   142.540577   51.016266   0.769382   0.3773803810478165    
7557.387   142.405207   51.106828   0.765285   0.3730011864406212    
7561.511   142.263721   51.189796   0.759974   0.36879496718034804   
7565.617   142.097375   51.275962   0.760106   0.3642098432902344    
7569.821   141.940271   51.358874   0.767139   0.35983360949764437   
7573.988   141.790706   51.436055   0.781115   0.355724214783304     
7578.167   141.635928   51.520505   0.800654   0.3513306179024185    
7582.4     141.486548   51.582412   0.820734   0.3477032607208534    
7586.643   141.337839   51.677626   0.837433   0.34304747990846096   
7590.893   141.130219   51.741673   0.84816    0.33869256237351064   
7595.207   140.905041   51.796504   0.854228   0.3344223405428762    
7599.474   140.630861   51.849767   0.857393   0.3296383068951543    
7603.828   140.066469   51.773712   0.861213   0.32553288774035266   
7608.132   139.86558    51.846107   0.870821   0.32097867132371755   
7612.531   139.654232   51.894382   0.882724   0.3170509790245105    
7616.905   139.603599   52.005669   0.893174   0.31302374893734713   
7621.297   139.668382   52.167597   0.898163   0.30877132903943894   
7625.696   139.643323   52.287526   0.900318   0.30479089650021246   
7630.121   139.542595   52.389525   0.905531   0.3004974211362071    
7634.576   139.356634   52.470408   0.915795   0.29587305253083446   
7639.031   139.20267    52.5618     0.929361   0.2912977617548456    
7643.519   139.04304    52.640188   0.943326   0.28705698164805726   
7648.035   138.874491   52.711436   0.955458   0.2829321609462232    
7652.571   138.705342   52.788032   0.964244   0.278638059461607     
7657.146   138.555412   52.883532   0.970772   0.2739931522597116    
7661.691   138.34876    52.953651   0.975452   0.2694629972248838    
7666.267   138.785731   53.237408   0.981444   0.2659406634788384    
7670.871   138.645935   53.331581   0.98289    0.2614787989076104    
7675.503   138.469859   53.407245   0.984016   0.2571562216871748    
7680.146   138.25649    53.478479   0.985729   0.25253382724263446   
7684.808   137.95924    53.512179   0.989936   0.2480605216642228    
7689.483   138.084617   53.70448    1.00132    0.24375362047464535   
7694.189   137.759868   53.741491   1.01269    0.23886029705285278   
7698.914   137.503462   53.796541   1.023816   0.23421890345662733   
7703.647   137.241694   53.845183   1.034916   0.22970211654693168   
7708.397   137.173674   53.970039   1.047536   0.22518123465604414   
7713.193   136.899605   54.000826   1.059781   0.22104880143695854   
7717.977   136.671609   54.068573   1.07318    0.21635311216215794   
7722.781   136.571282   54.170465   1.085921   0.2121454141997091    
7727.606   136.353346   54.247665   1.095422   0.2072880187467061    
7732.467   136.169534   54.324315   1.103597   0.20284901221835586   
7737.338   135.858134   54.341026   1.110635   0.19867350746732904   
7742.238   135.960078   54.532582   1.122664   0.1942218784995435    
7747.165   135.616331   54.548581   1.130894   0.18968012794181466   
7752.068   135.394775   54.620679   1.138753   0.1849276845207711    
7757.015   135.162811   54.680778   1.147498   0.18040270730899122   
7761.99    134.893192   54.728581   1.158527   0.17578737541143927   
7766.995   134.72286    54.807341   1.171789   0.17144379112121327   
7771.975   134.522893   54.881153   1.18463    0.16689175357433086   
7777.024   134.341811   54.968684   1.196939   0.1621637813037208    
7782.048   134.1301     55.038268   1.207519   0.15759404955594022   
7787.103   133.910302   55.114901   1.218472   0.15272014452587923   
7792.219   133.694502   55.181553   1.228233   0.14818388055159082   
7797.284   133.526501   55.261927   1.236799   0.1438221461155842    
7802.393   133.329219   55.346465   1.245318   0.1389872450453045    
7807.54    133.091971   55.399689   1.252095   0.13457837406296344   
7812.705   132.86973    55.461331   1.259968   0.13010342927658516   
7817.881   132.676679   55.533974   1.268261   0.12566121235867497   
7823.078   132.453433   55.602522   1.278329   0.12097026674829171   
7828.314   132.215495   55.652878   1.287137   0.1166240214626138    
7833.523   131.994501   55.7223     1.296651   0.11193007127687948   
7838.77    131.464463   55.665017   1.303438   0.10711448600892627   
7844.051   131.534179   55.850214   1.316813   0.10262664505610025   
7849.334   131.262814   55.910427   1.328077   0.09757376808747567   
7854.64    130.172676   55.600435   1.330501   0.09310440438164923   
7859.977   130.832422   56.044879   1.352135   0.08843164732440593   
7865.338   130.581871   56.103318   1.365736   0.08367408731495386   
7870.691   130.343104   56.165164   1.378555   0.07896018351884103   
7876.069   130.117294   56.220297   1.39216    0.07459491244856795   
7881.474   129.895941   56.274109   1.404998   0.07031925447963036   
7886.894   129.685167   56.352738   1.418781   0.06546335155647144   
7892.349   129.439672   56.40423    1.430432   0.06094846337467682   
7897.803   129.114639   56.442246   1.442445   0.05582282085869243   
7903.287   128.925574   56.530949   1.456424   0.05094199802514931   
7908.786   128.68055    56.583893   1.469111   0.046378397783601776  
7914.307   128.395244   56.620893   1.48038    0.04175871316105273   
7919.863   128.15358    56.684669   1.492371   0.03691974600410189   
7925.394   127.875521   56.71995    1.50442    0.032427084507905296  
7930.976   127.515566   56.725487   1.515179   0.027738005553832837  
7936.578   127.143827   56.719108   1.524209   0.023224865455917457  
7942.182   127.158281   56.898202   1.537733   0.01833892927875763   
7947.832   126.839242   56.916452   1.54677    0.013784309312969112  
7953.485   126.476173   56.923934   1.556517   0.008964169900931823  
7959.152   126.199389   56.965727   1.568719   0.004261783747712104  
7964.835   125.884219   56.974283   1.579119   0                     