# XDI/1.0 
# Spectrum.license:CC0-4.0
# Contact.author.name:Industrial Science Group
# Contact.author.affiliation:Canadian Light Source
# Sample.reference:
# ScanParameters.E0:
# Sample.temperature:r.t
# Sample.prep:powder, 500 um
# Facility.name:CLS
# Facility.energy:2.90 GeV
# Facility.xray_source:Bending magnet
# Beamline.name:IDEAS
# Beamline.scan_mode:Transmission
# Beamline.detector:Ionization chamber
# Beamline.energy_range:1800 - 13000
# Beamline.flux:5E10-7E11 ph/s
# Mono.name:InSb(111), Ge(220)
# Scan.start_time:2019-12-12
# Sample.name:chalcopyrite
# Sample.id:x9912a
# Element.symbol:Fe
# Element.edge:"K:7112"
# Column 1:Energy
# Column 2:I0
# Column 3:Itrans
# Column 4:Irefer
# Column 5:Mutrans


# Energy  I0        Itrans    Irefer    Mutrans                  
6912      1197700   849361    1047100   0.25281824208400344      
6922      1207940   865090    1070740   0.24031866478500147      
6932      1227690   890100    1109640   0.22471006734963822      
6942      1237710   907725    1138290   0.21012223073153685      
6952      1225170   905887    1138610   0.19975695608652005      
6962      1216050   906100    1142360   0.1899630190585632       
6972      1230360   927491    1176300   0.17517770121989623      
6982      1243060   947879    1209240   0.16059573106395125      
6992      1273530   985313    1269170   0.1421485540922892       
7002      1273040   994458    1285460   0.12991906073191722      
7012      1302780   1032920   1347850   0.11104178216469383      
7022      1285520   1023160   1332740   0.10615769110438215      
7032      1281700   1032520   1353440   0.09080302824794635      
7042      1294300   1053700   1388700   0.07743064243794333      
7052      1291360   1061750   1403870   0.06486889022148751      
7062      1317420   1099920   1467910   0.04537507157709651      
7072      1332960   1124410   1506540   0.03229297539763038      
7082      1338220   1139750   1532220   0.02007770537742239      
7082.5    1338130   1140770   1533010   0.018855448975220866     
7083      1339180   1142190   1535880   0.01827134413983671      
7083.5    1338620   1141020   1534190   0.019042245474189746     
7084      1337840   1141880   1535190   0.017344070399280116     
7084.5    1336970   1140950   1533350   0.017552820574340294     
7085      1336470   1141220   1533660   0.01677677541756627      
7085.5    1335220   1139820   1531510   0.017147565258642944     
7086      1335270   1140660   1532880   0.016258958958525485     
7086.5    1334690   1140590   1532760   0.015784825673213664     
7087      1334300   1140400   1532300   0.015625146306850628     
7087.5    1334560   1141110   1533410   0.015081802462845744     
7088      1335030   1141840   1533900   0.01471655794512124      
7088.5    1335350   1142200   1534800   0.014620529188803466     
7089      1335270   1143480   1537020   0.013121057705428504     
7089.5    1335230   1144630   1538470   0.011805568159471248     
7090      1336310   1145330   1539190   0.012056119772210012     
7090.5    1336590   1146000   1540310   0.01157917880732305      
7091      1336880   1147380   1542500   0.01032549658836898      
7091.5    1338580   1149530   1545460   0.009561391556090967     
7092      1339120   1151050   1547660   0.008394687332853002     
7092.5    1339970   1151200   1547600   0.00903547917539608      
7093      1340610   1152390   1549480   0.00832933572648232      
7093.5    1341360   1153160   1550590   0.008191244980227115     
7094      1341660   1154400   1551650   0.007109653767481125     
7094.5    1341850   1155210   1552680   0.006398236282200873     
7095      1342360   1155900   1553150   0.0061223222950831805    
7095.5    1342610   1155860   1553180   0.006402953396820764     
7096      1342040   1155480   1552360   0.006281180285246138     
7096.5    1343450   1156680   1553490   0.00629655365915989      
7097      1342800   1158000   1554500   0.004232122529376        
7097.5    1343540   1159560   1556560   0.003221432186814617     
7098      1343490   1159410   1555750   0.003338540381690584     
7098.5    1343970   1160770   1556780   0.0023026876670936675    
7099      1344360   1160860   1556870   0.002572877401739544     
7099.5    1343640   1160600   1555140   0.002176742037355211     
7100      1343460   1160440   1554470   0.002181692885361864     
7100.5    1342910   1159710   1552450   0.0024610121111529994    
7101      1343390   1160200   1551890   0.002378331157108493     
7101.5    1343520   1161090   1551920   0.001526821403118209     
7102      1343260   1161080   1550700   0.0012918124671295306    
7102.5    1342590   1160220   1548200   0.0015994175152436363    
7103      1341750   1160260   1546540   0.000760262381125619     
7103.5    1341040   1160340   1544390   0                        
7104      1340120   1159530   1541010   0.000015306814979884728  
7104.5    1339880   1158490   1537400   0.0009280235253093485    
7105      1339210   1157210   1532730   0.0016972834187061337    
7105.5    1338540   1156520   1528050   0.0018193063987445325    
7106      1337550   1156290   1523660   0.0011318035870926013    
7106.5    1337260   1154770   1516810   0.002527891603871852     
7107      1336720   1154470   1510360   0.002344809484477546     
7107.5    1335900   1152240   1500000   0.004022108919142505     
7108      1335090   1150610   1488770   0.005050352406760445     
7108.5    1333540   1147880   1472670   0.006592905493785712     
7109      1332790   1145960   1455210   0.008005389634986293     
7109.5    1329810   1139150   1423420   0.012735276345929048     
7110      1325050   1132520   1383650   0.015596202967300852     
7110.5    1315880   1118190   1315620   0.02295344008921037      
7111      1308540   1102150   1228580   0.03420633455852925      
7111.5    1310360   1086560   1115830   0.05407677761459947      
7112      1318530   1069710   1003710   0.08183740924773436      
7112.5    1326800   1040530   888540    0.12493069446879605      
7113      1331100   1021430   815192    0.1525864872336185       
7113.5    1333590   1020980   765829    0.15552148980102806      
7114      1334150   1033100   736962    0.14105806690164632      
7114.5    1334710   1048040   710413    0.12334529729313819      
7115      1335420   1054370   691190    0.11636868311721153      
7115.5    1335240   1051640   671299    0.11949207378400954      
7116      1335200   1038240   653206    0.1357507929423698       
7116.5    1334670   1013350   631960    0.16608297800426947      
7117      1334540   980805    607915    0.20744280597065165      
7117.5    1334710   934068    572399    0.2696515343014224       
7118      1334160   887998    533168    0.3334053100091006       
7118.5    1333340   844818    491885    0.39597198191947214      
7119      1332800   804623    452348    0.4574061426495119       
7119.5    1332220   758067    409332    0.5325962622925853       
7120      1333170   714538    378168    0.6086526080071323       
7120.5    1334040   668799    349414    0.6935494448266986       
7121      1336300   645585    333298    0.740594229959065        
7121.5    1336580   628862    317357    0.774213104447592        
7122      1337580   624825    306542    0.7833478881493997       
7122.5    1338040   626525    299165    0.7803319600907898       
7123      1338130   628982    292858    0.7754435105225859       
7123.5    1337990   628917    287925    0.7754418811334228       
7124      1337340   624793    282122    0.7831849327279421       
7124.5    1338290   618459    278311    0.797036328512876        
7125      1337970   607467    272994    0.8195220292637105       
7125.5    1337670   598439    269222    0.8382653055926059       
7126      1338270   591612    266923    0.8534160045632624       
7126.5    1337760   585107    263333    0.8669821131559315       
7127      1338820   581957    261788    0.8748487566438952       
7127.5    1338600   577517    258404    0.8843726904584981       
7128      1338950   574791    256370    0.8907176405082367       
7128.5    1339170   571682    253862    0.8978188306934111       
7129      1338970   569115    251216    0.9033481671249621       
7129.5    1339180   566797    248773    0.9087340535190347       
7130      1339670   564464    246978    0.9144405703906417       
7130.5    1339720   561641    245457    0.9208595565661514       
7131      1340350   559980    244804    0.9252209003277816       
7131.5    1339860   557116    244198    0.931272461261582        
7132      1340680   554778    244660    0.937394312361063        
7132.5    1340700   551514    245781    0.9449121136963804       
7133      1340820   547353    246878    0.9546501130742909       
7133.5    1340640   543899    248422    0.9625242279332276       
7134      1340280   539431    249441    0.97266549577734         
7134.5    1339640   535779    250561    0.9806913232943033       
7135      1339530   532750    251715    0.9877918508284537       
7135.5    1339540   529982    252940    0.994421307083945        
7136      1339420   528283    253639    0.9983879453315321       
7136.5    1339950   527942    254865    0.9997112602075673       
7137      1339960   527826    255251    1                        
7137.5    1340570   529201    256181    0.9972721883352519       
7138      1340580   530956    256160    0.9930742079756212       
7138.5    1340730   532343    256107    0.9899010090203227       
7139      1341050   533662    255862    0.9870594468772321       
7139.5    1341650   535152    255563    0.9840846847596048       
7140      1342650   537223    256138    0.980123060312654        
7140.5    1342490   538350    255731    0.977308454088461        
7141      1342530   538994    254729    0.9758270157068472       
7141.5    1342840   539195    252812    0.9756466020609978       
7142      1343420   538812    250420    0.9770983793283968       
7142.5    1344960   541160    254440    0.973028468854694        
7143      1345800   542063    256604    0.9717031498973118       
7143.5    1346740   542266    257868    0.9721146406022643       
7144      1347140   541771    258595    0.9736526106355032       
7144.5    1348730   541976    260281    0.9746708711976394       
7145      1349930   541740    261329    0.9763545356244583       
7145.5    1350060   540457    260974    0.9794901472943309       
7146      1350810   539847    261408    0.9816310763415308       
7146.5    1350840   538981    260891    0.9836995262044679       
7147      1351290   538562    260756    0.9851111051360809       
7147.5    1352060   538519    260531    0.9859365115715826       
7148      1351440   538096    259604    0.9863522355867006       
7148.5    1351370   538249    258021    0.9859251227125234       
7149      1350950   538528    255595    0.9848715436016219       
7149.5    1351040   540482    254744    0.980353506949334        
7150      1351030   542685    255015    0.9751747935496733       
7150.5    1351220   545681    255738    0.9683570040079755       
7151      1350760   548342    254770    0.9617422606791954       
7151.5    1349450   550211    252399    0.9561850381598651       
7152      1347980   551458    249624    0.9519230196494017       
7152.5    1347670   552764    246698    0.9486246578793388       
7153      1347530   553378    240758    0.9470818194338366       
7153.5    1345490   553712    236715    0.9443897080037847       
7154      1345380   558009    240556    0.9344618988186035       
7154.5    1345310   563318    246940    0.9223621549753221       
7155      1344700   567336    250358    0.9127535778966209       
7155.5    1344810   570818    252471    0.90508178928876         
7156      1344270   572433    249514    0.9009809899356646       
7156.5    1344080   575688    250648    0.8935956429884858       
7157      1343540   579737    253843    0.8841782005784631       
7157.5    1344100   583408    255676    0.8766861111342474       
7158      1343730   586122    256351    0.8704381392741102       
7158.5    1343990   589220    257320    0.8639846856643745       
7159      1342930   591519    256754    0.8580332208388138       
7159.5    1343390   594769    257680    0.851505275158233        
7160      1343530   597292    258130    0.8462583267866485       
7160.5    1343780   599883    258889    0.8409940090904042       
7161      1344260   602077    259299    0.8368084872477713       
7161.5    1344670   604328    259894    0.8324536566078744       
7162      1344620   606056    260243    0.8287778484793649       
7162.5    1344560   607447    260537    0.8258077471391242       
7163      1345090   609099    261479    0.8228571867559704       
7163.5    1345040   610035    261667    0.8208585879087          
7164      1345380   611188    262539    0.8187801392231405       
7164.5    1345070   611302    262094    0.8182502733698284       
7165      1345720   612068    262980    0.8172728262673283       
7165.5    1346300   612301    263686    0.8173367470107439       
7166      1346870   612667    264558    0.8171152772777455       
7166.5    1347170   612452    264913    0.8178443446078316       
7167      1347310   612014    265245    0.8188855623764653       
7167.5    1348220   612111    265844    0.8195422074421409       
7168      1348370   611851    266179    0.8202234936876495       
7168.5    1348710   611568    266401    0.8211318252079491       
7169      1348820   611531    266959    0.821312354965942        
7169.5    1348900   611126    267023    0.8222296311771788       
7170      1349620   611318    267988    0.822508576594499        
7170.5    1349370   610573    267802    0.823822812593259        
7171      1349900   610245    268420    0.8250047266302701       
7171.5    1349460   609351    268428    0.8264535284087191       
7172      1350150   609038    269387    0.8277560870655165       
7172.5    1349370   607487    268744    0.8302621448182189       
7173      1349800   606966    269653    0.8317574071873847       
7173.5    1350200   606663    270867    0.8327685003816281       
7174      1349970   605892    271012    0.8341680950314999       
7174.5    1349890   605426    271901    0.8350705618928055       
7175      1349580   604429    272114    0.83687315977339         
7175.5    1349570   603891    272839    0.8379953956387184       
7176      1349790   603200    273262    0.8396574996460388       
7176.5    1349600   602325    274047    0.8413233836012356       
7177      1349480   601379    274773    0.8432078717048304       
7177.5    1349040   599679    274324    0.8463909285695185       
7178      1349190   597971    272916    0.8501569132653438       
7178.5    1348850   593873    266681    0.8585757275245092       
7179      1348700   592202    265951    0.8620151742810572       
7179.5    1348760   593564    272832    0.8591523258924844       
7180      1349700   593914    277035    0.8592885688990034       
7180.5    1349430   592252    277379    0.8625955412487689       
7181      1349550   591016    277980    0.8653634453864923       
7181.5    1349060   588836    277576    0.8695981003644331       
7182      1348700   587179    277495    0.8728400854225694       
7182.5    1348190   585544    276755    0.8759029687744578       
7183      1348440   584210    277237    0.8790371047561749       
7183.5    1348220   582840    277275    0.8818133754546194       
7184      1347800   581400    276453    0.884561067212982        
7184.5    1347720   579792    276005    0.8880052477339785       
7185      1347880   578698    275846    0.8905562557163068       
7185.5    1348030   577722    275520    0.8928427689782601       
7186      1347900   576499    274976    0.8954132959081524       
7186.5    1347410   574812    273959    0.8986754547874243       
7187      1347650   574713    273876    0.8991206835140682       
7187.5    1347740   573811    273647    0.9012016353252348       
7188      1347720   572942    273445    0.9031088048934623       
7188.5    1346930   571073    271566    0.9065159839549405       
7189      1346710   570771    271207    0.9069806212252189       
7189.5    1346990   570746    271306    0.9073004777959237       
7190      1345780   569514    269738    0.9089045126892561       
7190.5    1345540   569795    269330    0.9080509912382788       
7191      1345320   568647    269059    0.9104061634298851       
7191.5    1344850   568751    268408    0.9097297159093277       
7192      1344720   569248    267919    0.9084968556883861       
7192      1345000   568769    267989    0.9098312319782221       
7193.76   1373550   581051    271625    0.9093743225425805       
7195.53   1403320   594927    276898    0.906631968122002        
7197.32   1433330   609019    283275    0.9037710991658878       
7199.14   1465160   623963    291343    0.900876736021912        
7200.97   1498020   640262    300650    0.8962933968441071       
7202.82   1531680   657033    311331    0.8916729108877953       
7204.69   1565880   675944    322891    0.8836754209421789       
7206.58   1600010   695096    333633    0.8755703851135983       
7208.49   1634370   716399    343396    0.8642095710676405       
7210.41   1667800   737753    349406    0.8526148719699581       
7212.36   1702380   759087    352457    0.8424668525557163       
7214.32   1734960   778985    349962    0.8336749555665962       
7216.31   1769520   800189    352525    0.8246112487654139       
7218.31   1803210   818671    353621    0.819560699001467        
7220.33   1837300   838222    357096    0.8133692893141615       
7222.38   1870720   857447    363101    0.8074598592502645       
7224.44   1905260   877520    370469    0.8013024014623055       
7226.52   1939870   899917    384307    0.7921521306355841       
7228.61   1974490   922782    398834    0.7827464317195165       
7230.73   2007820   944266    413382    0.7747714684349591       
7232.87   2042620   965332    428629    0.7685693319604896       
7235.02   2077330   984317    443623    0.7652324255201188       
7237.2    2113870   1001680   457145    0.7651702899453686       
7239.39   2150220   1015970   466326    0.7688360106701039       
7241.61   2187050   1028400   474132    0.7749652401007479       
7243.84   2221840   1040060   476997    0.7806939136307073       
7246.09   2258480   1053050   480933    0.7857060469371921       
7248.36   2295330   1065520   483899    0.7913133647169782       
7250.65   2333500   1079780   491123    0.7953778009922914       
7252.96   2372600   1093200   499631    0.8007981557731577       
7255.28   2413380   1108380   511770    0.8049302642174555       
7257.63   2455040   1123880   523625    0.809031575547535        
7260      2495430   1141570   532835    0.8099217579048269       
7262.38   2535500   1161300   539787    0.8083894561202044       
7264.78   2574780   1182800   547251    0.8046136020802512       
7267.21   2612250   1203820   552087    0.8005882928536759       
7269.65   2649730   1227800   559256    0.7936263983447762       
7272.11   2686860   1251340   563120    0.7871763088356087       
7274.59   2722850   1274510   563988    0.7807702353154424       
7277.09   2762780   1300380   571862    0.7737344323754412       
7279.6    2802870   1326650   579160    0.7666255319634256       
7282.14   2841280   1351160   584027    0.760658094791148        
7284.7    2882200   1376310   590263    0.7553927413472445       
7287.27   2919760   1397680   591513    0.752266299380457        
7289.87   2960420   1423080   600929    0.7469541760438125       
7292.48   2999870   1447630   611000    0.7420406989425143       
7295.11   3044060   1476740   628022    0.735323136711162        
7297.76   3085900   1504840   647147    0.7287168933660146       
7300.43   3131090   1534800   669149    0.7221395801503613       
7303.12   3176770   1563770   690300    0.7167821726170185       
7305.83   3220720   1593930   707114    0.7099666435271063       
7308.56   3262940   1622400   721450    0.7040189994497675       
7311.3    3306400   1652340   732951    0.6975955636421082       
7314.07   3354820   1686350   749807    0.6901792958351015       
7316.85   3403130   1720570   765836    0.6828190821434641       
7319.66   3451300   1749710   781309    0.6793382493678175       
7322.48   3499510   1779820   794871    0.6752841066589418       
7325.32   3549230   1809790   814017    0.6719915991058862       
7328.18   3598550   1837920   829982    0.6699285907909862       
7331.06   3643660   1861010   840397    0.6698940636736257       
7333.96   3689830   1885260   855974    0.6694433360314163       
7336.88   3732000   1906630   869242    0.6695606998369023       
7339.82   3775510   1929690   880151    0.6690131146910134       
7342.77   3817270   1951880   887489    0.6684620788308843       
7345.75   3858640   1973940   891673    0.6678784535730492       
7348.74   3904570   2001220   897371    0.665473336518271        
7351.75   3950020   2028210   901074    0.6631558054859629       
7354.79   3995970   2056300   906711    0.660374104159468        
7357.84   4044020   2087390   917636    0.6564938748291409       
7360.91   4088940   2118820   925479    0.6515398183423051       
7364      4126490   2146950   931737    0.6463961888320009       
7367.11   4152570   2172320   941703    0.6394737522919004       
7370.23   4118240   2171020   955355    0.629684765605496        
7373.38   3621550   1962350   947107    0.594776202873789        
7376.55   4193940   2234300   981050    0.6163206892542789       
7379.73   4393810   2344730   1043360   0.6141778765148006       
7382.94   4460270   2389890   1081600   0.6090126284038453       
7386.16   4514300   2428780   1113870   0.6038011390079712       
7389.4    4564840   2466500   1137000   0.5983649186957696       
7392.66   4612680   2500390   1143300   0.5942716087775631       
7395.94   4659440   2539990   1164460   0.5871204882686076       
7399.24   4704300   2577180   1179310   0.5808249687806514       
7402.56   4737610   2606380   1191410   0.5754739408061266       
7405.89   4735980   2617880   1204970   0.5694418106464925       
7409.25   4529630   2526770   1198920   0.5578451147998478       
7412.63   4574430   2558730   1178840   0.5543791013965694       
7416.02   4950790   2760590   1250600   0.5583588848576797       
7419.43   4987260   2786150   1249240   0.5559738319280874       
7422.87   5041820   2830540   1271700   0.5497133801818783       
7426.32   5094150   2871890   1293250   0.5444049925820623       
7429.79   5147980   2910740   1317880   0.5406873315270773       
7433.28   5196770   2946930   1332890   0.5369718060622098       
7436.79   5249280   2984720   1350750   0.533555415548473        
7440.31   5302890   3023110   1364910   0.53022698061327         
7443.86   5351800   3057720   1366590   0.5274280854084127       
7447.43   5400550   3097280   1373840   0.5226156076422768       
7451.01   5448070   3132980   1377250   0.5191847806170455       
7454.62   5496810   3169470   1383720   0.5157875759502097       
7458.24   5556920   3214010   1409480   0.5118748310801986       
7461.88   5612080   3259240   1432350   0.5066679913646529       
7465.54   5669070   3303080   1457370   0.5025281032780287       
7469.22   5723660   3346280   1483200   0.4981939386568147       
7472.92   5780160   3394060   1514300   0.4926599661429736       
7476.64   5833400   3435230   1539010   0.48898936731419623      
7480.38   5884910   3480640   1561200   0.48347291146419497      
7484.13   5939460   3534840   1598380   0.4755619815213206       
7487.91   5989430   3580320   1620140   0.4699626184074364       
7493.09   6056220   3640150   1644340   0.4629945900052468       