# XDI/1.0 
# Spectrum.license:CC BY 4.0
# Publication.authors: Puri A.
# Publication.affiliation: CNR-IOM; ESRF
# Facility.name:ESRF
# Sample.temperature:300 K
# Sample.prep:powder, liquids, in-situ cells
# Sample.formula:α-FeO(OH)
# Sample.name:Goethite_mineral
# Scan.number:scan1
# Sample.id:ybmhmm
# Scan.start_time:mineral-2018-07
# Element.symbol:Fe
# Facility.energy:6.03 GeV
# Facility.xray_source:Bending magnet (0.85 T)
# Beamline.name:BM08-LISA
# Beamline.energy_range:2.5 - 72.0
# Beamline.scan_mode:Transmission
# Beamline.energy_resolution:Si(111): 1.1e-4; Si(311): 1.9e-5
# Beamline.flux:Si(111): 1e11 ph/s; Si(311): 1e10 ph/s
# Beamline.spot_size:170 um x 180 um (focused); 1 mm x 2 mm (unfocused)
# Beamline.website:https://www.esrf.fr/UsersAndScience/Experiments/CRG/BM08
# Beamline.detector:Ionization chamber
# Mono.name:Si(111), Si(311)
# Element.edge:K
# Column.1:Energy
# Column.2:Mutrans
# Energy   Mutrans
7012.4026  0.02796955526410361
7017.3991  0.02620474778324493
7022.403   0.024437879690211824
7027.3977  0.02261201321786548
7032.3999  0.020881034120204058
7037.3927  0.019098711435862583
7042.393   0.01722906077075766
7047.4006  0.015495673809610887
7052.3989  0.01373282772626643
7057.4046  0.011977781441597115
7062.4009  0.010278524323576774
7067.4046  0.008590966903569166
7072.3988  0.006997548932346098
7077.4003  0.0054280722218313345
7082.3923  0.0038587786768432193
7087.3917  0.0024865216311656213
7092.3984  0.0012360811085342623
7093.4006  0.0010768835542641418
7094.4031  0.0008463888187581091
7095.5929  0.0006799295145473209
7096.5961  0.00047365078803954464
7097.5996  0.00033981021136058394
7098.6033  0.00023655827762678047
7099.7946  0.00014686822475965187
7100.799   4.766119640531219e-05
7101.8037  3.1168667112771224e-05
7102.9961  0
7104.0015  8.119193562176423e-05
7105.1946  0.0002611139060389859
7106.2006  0.0004502590239110577
7107.3946  0.0008544366540838967
7108.4012  0.0013966066128723402
7109.5959  0.0022506464083151866
7110.6032  0.003554979571205377
7111.7987  0.0073280024380552615
7112.9946  0.022380488176272213
7114.0029  0.035687620138936685
7115.1996  0.04287051732042604
7116.3967  0.037254498188542554
7117.5942  0.040801971789105065
7118.6039  0.044486766111352306
7119.8021  0.05474060506426888
7121.0009  0.08276456430572636
7122.2     0.1466259730868939
7123.3995  0.2621830432178373
7124.5995  0.38261296506805215
7125.7999  0.49580097990961897
7127.0007  0.6353395690052577
7128.2019  0.7749320011338252
7129.4036  0.8990493121512476
7130.6057  0.9630514683758269
7131.791   0.9738280502938651
7132.8049  0.9863811088631868
7133.991   1
7135.0055  0.9882962570819138
7136.1923  0.9510782050172198
7137.3968  0.9179757678571716
7138.6017  0.8915760441867906
7139.7898  0.8570154567969267
7140.9955  0.8185465749828571
7142.2016  0.7863054737117288
7143.4772  0.760639938527207
7144.5807  0.7466036589466137
7145.6846  0.7395963182904906
7146.8234  0.737260499912298
7147.9798  0.7344473826993276
7149.1539  0.7241503891851503
7150.3457  0.7054286972741909
7151.5551  0.6832692555450102
7152.7823  0.6619897715332884
7154.0445  0.6437855222350243
7155.3071  0.6283981297792322
7156.5875  0.6136354462476608
7157.9031  0.599914707446151
7159.2364  0.5892390573651762
7160.5703  0.583534290719698
7161.9393  0.5826092284913093
7163.3263  0.5854308171098856
7164.7138  0.5914013264068984
7166.1365  0.5994789642902245
7167.5772  0.6091535766087487
7169.0359  0.6207911509803443
7170.5126  0.635793514235392
7172.0247  0.6539317476251044
7173.5374  0.6745922847947969
7175.0682  0.6972659255804723
7176.6171  0.7161185808429634
7178.2015  0.7266626951801357
7179.7867  0.7319321384240193
7181.4074  0.7339793184598499
7183.0289  0.7333898307400186
7184.6861  0.7310021536221026
7186.3441  0.7280408631299953
7188.0378  0.7255631677876436
7189.7497  0.7232489476777981
7191.4801  0.7200870909340443
7193.2113  0.7155735870823061
7194.9783  0.7099129709606398
7196.7638  0.7042230865141993
7198.5677  0.6983755270769286
7200.3901  0.6923040859428525
7202.231   0.6853116656452517
7204.0904  0.6782721947030012
7205.9683  0.671485721144391
7207.8649  0.6658815047411291
7209.78    0.6613794487348044
7211.7138  0.6577440327857745
7213.6663  0.6549843006919162
7215.6375  0.6533173799212408
7217.6274  0.6531861494533161
7219.6361  0.653791740475696
7221.6812  0.6547098195183826
7223.7275  0.6549046236878374
7225.7927  0.6544576234839209
7227.8768  0.6535278294794277
7229.9798  0.6517537568756809
7232.1195  0.6497748823174847
7234.2605  0.6485947620932807
7236.4205  0.6481764959813522
7238.5996  0.647806959531401
7240.7978  0.6472570050377313
7243.0328  0.6456977703329131
7245.2693  0.642687063308104
7247.525   0.6393854665313348
7249.8     0.6364958777110015
7252.0942  0.6347028016838683
7254.4255  0.6339884942895437
7256.7584  0.6345774477765892
7259.1107  0.6364546654675125
7261.4824  0.6390614925061298
7263.8735  0.641479620892846
7266.2842  0.6436621144614655
7268.7144  0.6451004599187159
7271.1642  0.6452595468104803
7273.6336  0.6453145727874351
7276.1226  0.645866358936371
7278.6314  0.6465118266202748
7281.1599  0.6465268614572512
7283.6902  0.6453860836617853
7286.2583  0.6431810378377011
7288.8463  0.6399894166958721
7291.4361  0.6359603856620377
7294.0639  0.631533198564718
7296.7117  0.6274990923194169
7299.3614  0.6229126275329092
7302.0493  0.6181906965756739
7304.7392  0.613988803076094
7307.4493  0.6095859617300207
7310.1976  0.6050877216721672
7312.9481  0.60089410878077
7315.7189  0.5967190413989426
7318.5099  0.5930331404516387
7321.3213  0.5902623421072138
7324.1532  0.5892431022705558
7327.0054  0.5895060592797063
7329.86    0.5913547718355499
7332.7533  0.5932695384594296
7335.6673  0.595473401339488
7338.5836  0.5970802972407114
7341.5388  0.5981615462400266
7344.4965  0.5980064279346722
7347.4749  0.5967332748867401
7350.4742  0.5941785737042395
7353.4943  0.591041482466064
7356.5354  0.5876530347020904
7359.5973  0.5844804933026173
7362.6803  0.5809768420542982
7365.766   0.5774953233071118
7368.8912  0.573995220890871
7372.0191  0.5707391102198786
7375.1866  0.568000213204673
7378.3569  0.5657446060633453
7381.5486  0.5641056943544485
7384.7615  0.5624323246308568
7387.9774  0.5607347999534423
7391.2332  0.558993277390155
7394.5105  0.5575276860608204
7397.7909  0.5567965884932226
7401.0928  0.556465135209014
7404.4163  0.556443918535514
7407.7616  0.5562640347245816
7411.1286  0.5559025117664199
7414.5174  0.5547401738620915
7417.9094  0.5530798165227868
7421.342   0.550847257710225
7424.7779  0.5480072380605325
7428.2358  0.5447600948684476
7431.7157  0.5413590544745189
7435.199   0.5377906084211587
7438.7233  0.5341821712278203
7442.251   0.530491424025958
7445.801   0.5272093649053615
7449.3921  0.5244424588283774
7452.9679  0.522267864273093
7456.5851  0.520663982971162
7460.2247  0.5192590270630348
7463.8681  0.5179035640065789
7467.534   0.5167725168797145
7471.2227  0.5154022479431905
7474.934   0.5142228527491959
7478.6492  0.512906083410238
7482.3872  0.5116451032379291
7486.167   0.5100552264668874
7489.9509  0.5082839013460398
7493.7387  0.5061908917690701
7497.5686  0.50407471938488
7501.4026  0.5017965599880875
7505.2597  0.4994773791452296
7509.1401  0.4972926341670119
7513.0438  0.495042750948391
7516.9518  0.49285232020695136
7520.8831  0.4907320265984126
7524.8379  0.4886319193572863
7528.8162  0.48654631272035054
7532.799   0.48453072873786146
7536.8246  0.4824769471111755
7540.8547  0.4804614394476559
7544.8893  0.47860524763280876
7548.967   0.47669750235411584
7553.0493  0.4747253820247138
7557.1555  0.4725676539616723
7561.2858  0.47047105739313966
7565.4208  0.46845509181580325
7569.5799  0.4663302572285837
7573.7632  0.4643083387716323
7577.9708  0.46217743682634344
7582.1833  0.4601190379020074
7586.4397  0.4580243111482255
7590.6814  0.4557465333462802
7594.9673  0.4536236830522654
7599.2582  0.45127412725957666
7603.5737  0.4488246699359119
7607.914   0.4467009038142642
7612.2594  0.4445769850546776
7616.6494  0.442608642514262
7621.0248  0.4407344775821156
7625.445   0.440114271477091
7629.8705  0.4378132927084407
7634.3211  0.4351378930757959
7638.797   0.43287133416235585
7643.2782  0.4303915782078297
7647.7848  0.4280748014125084
7652.2969  0.42585594185495845
7656.8543  0.42364807222900536
7661.4173  0.42154609517312813
7665.986   0.4195444394025589
7670.6003  0.41739957108586545
7675.2204  0.41534609473505735
7679.8463  0.4133427981066454
7684.518   0.41134350822412835
7689.1956  0.4093718839680275
7693.8791  0.4067729941022303
7698.6089  0.4056069928873698
7703.3446  0.4035608049981416
7708.0864  0.40150820631548184
7712.8544  0.39916425996704563
7717.6488  0.397386867488129
7722.4697  0.3949967100037066
7727.2967  0.3928929012925632
7732.1504  0.39055506046168115
7737.0104  0.38829643872106107
7741.897   0.3859943533273541
7746.8105  0.3839787693448649
7751.7304  0.3815634647600174
7756.6773  0.37929034241520676
7761.6306  0.3769689101627508
7766.6111  0.3747381830054552
7771.6187  0.3724989081235842
7776.633   0.3702966479418838
7781.6746  0.36802905872235653
7786.7435  0.36599550162256805
7791.8193  0.36377587887532375
7796.902   0.36186656905775755
7802.0329  0.35979401296459335
7807.1501  0.3576260200001644
7812.3157  0.3555809768954776
7817.4884  0.35337680873954164
7822.6683  0.3512660550021808
7827.8969  0.34905887224695253
7833.1118  0.3468592450696973
7838.3758  0.34470525663615764
7843.6261  0.3425136429506919
7848.9257  0.34037602493609376
7854.2326  0.3383320121374942
7859.547   0.3360925846176844
7864.8899  0.3338918508153724
7870.2614  0.3317916672552767
7875.6404  0.32958585824149816
7881.0482  0.3274274814672166
7886.4637  0.3253353495583952
7891.9081  0.3231852533922962
7897.3603  0.32106667696056923
7902.8415  0.3189579456758981
7908.3306  0.3165895772572463
7913.8489  0.31469518779820255
7919.3751  0.3124677041971075
7924.9307  0.31035332530869897
7930.5158  0.3082896985349574
7936.0876  0.30615131733066503
7941.7105  0.30388952835281385
7947.3415  0.3018362427994293
7952.9809  0.29960845392245655
7958.65    0.2974414149451454
7964.3492  0.29538324497771773
7970.0351  0.2931943024561818
