# XDI/1.0 
# Spectrum.license:CC BY 4.0
# Publication.authors: Puri A.
# Publication.affiliation: CNR-IOM; ESRF
# Sample.reference:Fe foil
# Facility.name:ESRF
# Sample.temperature:300 K
# Sample.prep:powder, liquids
# Sample.formula:α-FeO(OH)
# Sample.name:Goethite
# Scan.number:scan1
# Sample.id:sdehbq
# Scan.start_time:2007-12-08
# Element.symbol:Fe
# Facility.energy:6.03 GeV
# Facility.xray_source:Bending magnet (0.85 T)
# Beamline.name:BM08-GILDA
# Beamline.energy_range:4.9 - 32.0
# Beamline.scan_mode:Transmission
# Beamline.flux:1e10-1e11 ph/s
# Beamline.spot_size:1 mm x 2 mm
# Beamline.website:https://www.esrf.fr/UsersAndScience/Experiments/CRG/BM08
# Beamline.detector:Ionization chamber
# Mono.name:Si(111), Si(311)
# Element.edge:K
# Column.1:Energy
# Column.2:Mutrans
# Column.3:Murefer
# Energy   Mutrans                Murefer
6999.9869  0.03168510445825525    -0.56401955
7010.0858  0.02796984223434414    -0.57108895
7020.1735  0.024263866927737226   -0.57859538
7030.2914  0.020615965810672137   -0.58562749
7040.4779  0.01713225739154424    -0.58692817
7050.7031  0.013700555709319356   -0.59977805
7060.956   0.010350950376063277   -0.60660587
7071.1964  0.007045612681956781   -0.61330394
7081.4684  0.003824971673663977   -0.61946443
7091.7716  0.0012694596826935984  -0.6247281
7102.1061  0                      -0.62555729
7107.842   0.000980512728970851   -0.61359699
7108.8703  0.00161016572219138    -0.60442634
7109.899   0.00264968133243446    -0.58219697
7110.9708  0.004805051013160657   -0.52309901
7112.0001  0.010130293220916955   -0.40265664
7113.0311  0.02434720153234634    -0.30972112
7114.0596  0.03491596107558252    -0.24383343
7115.0898  0.032719419394808      -0.19981472
7116.1553  0.03094456567242333    -0.18177851
7117.1942  0.034506779499162255   -0.15208072
7118.2267  0.03973840958049291    -0.086665315
7119.2568  0.047928356212665356   0.0018834333
7120.2947  0.06711735622316573    0.10019022
7121.3207  0.10599400179061674    0.20283509
7122.3531  0.17369123313025284    0.28916158
7123.3859  0.27594765933031573    0.36569572
7124.4189  0.3725748701367015     0.42189598
7125.4522  0.4764263243837499     0.46862551
7126.4718  0.6033693765610689     0.51882809
7127.563   0.7302976309643554     0.57564495
7128.5979  0.8529201993274588     0.64523689
7129.6319  0.9471353562501102     0.71619429
7130.6668  0.992277866348828      0.76646576
7131.6589  1                      0.7657029
7132.652   0.9924412170329294     0.71756803
7133.6871  0.9800341555482868     0.66503538
7134.7233  0.9556551989500384     0.62165679
7135.7732  0.9287132203403597     0.59611458
7136.8397  0.9063702408139757     0.58543869
7137.8768  0.8852050095662678     0.58783475
7138.9575  0.8581491671591622     0.60005215
7139.9946  0.8258413191741608     0.61514858
7141.0516  0.7964905736303456     0.62370817
7142.1183  0.7755447736646998     0.62088501
7143.1537  0.7593820648675572     0.61314381
7144.2319  0.7479252717178647     0.60683837
7145.2753  0.7398911121947774     0.60730711
7146.3576  0.7334392526889465     0.61633667
7147.422   0.7238936006304604     0.63454166
7148.482   0.7080782380186881     0.65592296
7149.5226  0.6834303805872819     0.67367577
7150.5663  0.6582599117906306     0.68178342
7151.6048  0.636024066142267      0.68677709
7152.6484  0.6178899113468398     0.69017821
7153.6883  0.6046061462948519     0.69057307
7154.7719  0.5935479785922441     0.68747913
7155.8579  0.583174832483824      0.68091616
7156.9028  0.5737757106448181     0.67372934
7157.946   0.5649619741598831     0.66911054
7158.9895  0.5594778761360005     0.66694977
7160.0768  0.5571703434108851     0.66620361
7161.1305  0.5574516255621929     0.66346688
7162.209   0.5598186193231675     0.65993977
7163.2973  0.5644033970404304     0.65526653
7164.3438  0.5711943376847949     0.64979408
7165.3879  0.5798524563921035     0.64517223
7166.4336  0.5911523130219124     0.64168438
7167.5233  0.6038795131198634     0.63912292
7168.6133  0.6169200661902123     0.63660594
7169.6642  0.629585972633956      0.63304562
7170.7801  0.6411004065837161     0.62734145
7171.8855  0.6530820034302653     0.61959142
7172.9769  0.6652580249862157     0.60905586
7174.0659  0.6780721630126899     0.59719353
7175.117   0.6922155579441233     0.5827051
7176.1794  0.7018571729573685     0.56715563
7177.2585  0.7064674215931576     0.55420953
7178.3544  0.7089413938310699     0.54295734
7179.4123  0.7096391261194078     0.5363118
7180.5621  0.7092304237479206     0.53327194
7181.6713  0.7079553820087994     0.53285957
7182.7713  0.7061889354230863     0.53502107
7183.8224  0.7043085265986228     0.53916272
7184.8738  0.702716830078438      0.54645173
7186.0063  0.7018028599693349     0.55593488
7187.1083  0.700841959352327      0.56752019
7188.1682  0.7000345801461458     0.57890546
7189.2579  0.6991368955752273     0.58980761
7190.3117  0.6980096712223247     0.60216568
7191.4082  0.6965186554108899     0.61538498
7192.4564  0.69461113683656       0.62807174
7193.5756  0.6924204471519427     0.63681491
7194.6595  0.6906571773110755     0.63859738
7195.7121  0.6892102235883538     0.63466352
7196.8118  0.6876230683707311     0.62649469
7197.876   0.6859367672622246     0.61601332
7198.9228  0.6839879522431546     0.6034607
7200.0228  0.6813486450164767     0.58805438
7201.0811  0.6782889196625684     0.57039032
7202.1798  0.674833226777308      0.55145427
7203.2519  0.6715810412065721     0.53340821
7204.3822  0.6678675001580013     0.51637424
7205.4846  0.6640498218100603     0.50164708
7206.63    0.6603286097677964     0.49174636
7207.7325  0.6561063313893051     0.48692319
7208.8353  0.6520488710278493     0.48986213
7209.8943  0.6479707565623091     0.50192564
7211.0357  0.6438146010350232     0.52620106
7213.8243  0.6361534390915918     0.60913619
7215.9015  0.6321124908691028     0.67205884
7217.9799  0.628421448925521      0.72453407
7220.1038  0.6256691347743195     0.75381591
7222.1585  0.6243700745905386     0.74703758
7224.267   0.6240753635568091     0.71606178
7226.3505  0.6246468494913147     0.66808463
7228.4199  0.625624817604944      0.60884692
7230.519   0.6260050797208794     0.55435404
7232.6083  0.6257724300598543     0.50679414
7234.6968  0.6252901109140249     0.47094293
7236.742   0.6248280062915273     0.44573937
7238.833   0.6244383396240021     0.43700828
7240.9259  0.6243209777543907     0.43992609
7243.0186  0.623430362384924      0.45155015
7245.073   0.6221203126823331     0.46774184
7247.21    0.6203959426424138     0.48335446
7249.3059  0.6189604700259915     0.48981907
7251.3604  0.6180673657626872     0.48756559
7253.4155  0.617500498521721      0.47822843
7255.5612  0.6176124925531306     0.46715783
7257.6635  0.6183367606598457     0.46455992
7259.767   0.6199052590797324     0.46914664
7261.827   0.6227422327690785     0.47787235
7263.8897  0.6279903626068194     0.48630522
7265.9956  0.6269351954452798     0.49267924
7268.1041  0.6268859685922896     0.49971942
7270.1691  0.6273154637524931     0.51130682
7272.2352  0.6280640511999885     0.5280317
7274.3925  0.6287156584657161     0.5434529
7276.4914  0.6287745375214243     0.54941431
7278.6211  0.6281901861108135     0.55452319
7280.6922  0.6269386997087425     0.56172927
7282.8097  0.6244493724817595     0.57290222
7284.9312  0.6214718382033763     0.5834238
7287.0484  0.6178583915495095     0.59102963
7289.1697  0.6135155689844105     0.59194156
7291.2472  0.6084479706277838     0.57716488
7293.3258  0.6040943442822209     0.55339762
7295.4509  0.6002467063390566     0.52497169
7297.532   0.5966433638512167     0.49667437
7299.6144  0.5935695428142242     0.46951101
7301.7426  0.5906324004348358     0.44627319
7303.8282  0.5880506002766165     0.42959547
7305.9596  0.5858323024442375     0.41734965
7308.047   0.5836869192952523     0.40800601
7310.1874  0.5817884319384368     0.4037692
7312.261   0.5802306753862317     0.40306672
7314.3713  0.578960999008801      0.40300116
7316.5298  0.5771649896887976     0.40158058
7318.6391  0.5756953783643654     0.39889563
7320.734   0.5748293485606418     0.39667744
7322.9213  0.5745996521393194     0.39503802
7325.0622  0.5749018484283961     0.39342973
7327.156   0.5754864970203607     0.39215346
7329.2738  0.5759520563760953     0.38996653
7331.41    0.5761964323180364     0.38540583
7333.5125  0.5764026761775267     0.37938297
7335.6163  0.5763205674460017     0.37214484
7337.8579  0.5759577213956508     0.36680461
7340.0566  0.5753413610767316     0.36606345
7342.2101  0.5742979635350554     0.37013663
7344.3191  0.5729091298173346     0.37879826
7346.43    0.5709594715461732     0.39318272
7348.5867  0.5688166701601985     0.40660181
7350.6995  0.5665293333845807     0.41861055
7352.8666  0.5639337638236384     0.43006691
7355.0208  0.5610410376740764     0.44220033
7357.1834  0.558594566474813      0.45122937
7359.3279  0.556390409521849      0.45925595
7361.4853  0.5542793322453854     0.4661073
7363.6577  0.552517585458956      0.4705342
7365.8926  0.5506527043602251     0.47172032
7368.1088  0.5492531535399352     0.46854374
7370.3242  0.5482215689570697     0.46061349
7372.4543  0.5471978039585745     0.44707277
7374.7172  0.5465161442284509     0.42598209
7376.8992  0.545992591169791      0.40228411
7379.068   0.5455968260932361     0.37705835
7381.2453  0.545205085347513      0.35096835
7383.4704  0.5446784923712555     0.32739955
7385.6968  0.5441922169986546     0.3134344
7387.9087  0.5434911599939216     0.30773004
7390.1075  0.5425911896030905     0.30659429
7392.2451  0.5415121179164101     0.30951737
7394.384   0.5405215381690816     0.31309962
7396.6253  0.5395699944308214     0.3158821
7398.8193  0.5385748640940139     0.31662209
7401.0284  0.5374120306045282     0.31554606
7403.2368  0.5363784771951945     0.31368971
7405.4858  0.5352725787000614     0.31222308
7407.7115  0.5343201000787927     0.3116837
7409.8889  0.5331716675024067     0.31091842
7412.1962  0.5317833043218292     0.31087885
7414.4517  0.53038371635387       0.31007848
7416.593   0.5288645624212593     0.30864667
7418.7466  0.5270728003181029     0.30646014
7421.0428  0.5248353528622428     0.30182328
7423.2548  0.5227642836255254     0.29632696
7425.4498  0.5206900196892553     0.29092947
7427.6557  0.5186145360711794     0.28599405
7429.9378  0.5160907853373891     0.28370765
7432.1655  0.514140037401264      0.28309731
7434.3755  0.5123719878936241     0.28312944
7436.5399  0.5106909506098459     0.28440551
7438.7092  0.5090045021489183     0.28760104
7440.9196  0.507717855477934      0.29212803
7443.135   0.5069982555949838     0.2978937
7445.3046  0.5053452895665769     0.30363316
7447.4756  0.5042300298588013     0.30896848
7449.6515  0.503177469225385      0.31223392
7451.9159  0.5023238343606232     0.31312222
7454.0908  0.5015479433762535     0.31313671
7456.2671  0.5013328026499859     0.3115141
7458.4876  0.49954775808367957    0.3098487
7460.7176  0.4985752073384775     0.30694883
7462.946   0.49773669157508693    0.30357615
7465.1751  0.4967500556719736     0.297987
7467.4056  0.4957443630145522     0.29030665
7469.5899  0.49464377663611714    0.2825507
7471.8231  0.4942964768853334     0.27481128
7474.0183  0.4927244927758185     0.26705623
7476.1984  0.4916978364504025     0.25960909
7478.3881  0.4907510909527496     0.25411837
7480.5791  0.4899001988242317     0.24895145
7482.8176  0.48907532244672186    0.24358919
7485.0128  0.4881820014886805     0.23707569
7487.2109  0.48728328792732445    0.22964115
7489.4057  0.48642506532541463    0.2231689
7491.5982  0.48549278884492153    0.21788037
7493.801   0.4844926002338223     0.21290431
7496.0493  0.48305609986521836    0.20967911
7498.2533  0.4817793530480802     0.20821587
7500.5073  0.48056158434710144    0.20797663
7502.723   0.4790021809148946     0.2086437
7504.9191  0.47754271090415845    0.20887695
7507.1615  0.4760456474521751     0.20876738
7509.3783  0.47475782443833225    0.20791485
7511.5859  0.4735834999365023     0.20649092
7515.7692  0.47116670353366463    0.20165609
7519.7646  0.4691159850283997     0.19772895
7523.8127  0.4668499957800248     0.19478938
7527.903   0.46457748711570246    0.1930342
7532.019   0.46247312737608876    0.19219395
7536.1246  0.460458417344851      0.18976566
7540.1955  0.45881975316909246    0.18606413
7544.2702  0.4569597941365327     0.18131597
7548.3419  0.4551744647714289     0.17773449
7552.4212  0.4532919942513239     0.17533724
7556.5066  0.45134945595009573    0.17623641
7560.5958  0.4495397143750386     0.17750927
7564.6895  0.44752546249838776    0.17780835
7568.8146  0.4458442890064891     0.17458846
7572.9887  0.44384321216985384    0.16756056
7577.1453  0.44206081127933994    0.15837915
7581.2577  0.44021283856138077    0.14870688
7585.3747  0.43813560900285153    0.13946287
7589.4964  0.43620199233351364    0.13344293
7593.6227  0.4338617325118184     0.12886992
7597.8029  0.43166348203825994    0.12653114
7601.9385  0.4297517081984213     0.12354833
7606.1282  0.4272589695771486     0.1197526
7610.2733  0.42528678124460745    0.11390714
7614.5713  0.42321092614983924    0.10794607
7618.7275  0.42127774906125365    0.10446754
7623.0834  0.41922127885853827    0.10227342
7627.2973  0.4173165259281816     0.100342
7631.4663  0.41552908533721067    0.097471386
7635.6967  0.4133766255572398     0.092126662
7639.9725  0.4114539550677643     0.085792034
7644.4004  0.4094085301053627     0.079392656
7648.6418  0.40767131935445083    0.074345549
7652.8639  0.40575961361867235    0.069903711
7657.1799  0.40399317384336525    0.066997555
7661.3829  0.4023888960267447     0.064295692
7665.6407  0.4006796327056401     0.062080561
7669.9019  0.39909402159280094    0.060934795
7674.1578  0.39721059761585265    0.059439664
7678.4405  0.3955886436999633     0.058213834
7682.7708  0.39354323731139634    0.055725483
7687.0044  0.391480873011832      0.052981193
7691.2398  0.3897923690465412     0.04818922
7695.4823  0.3877711891295816     0.042724971
7699.7621  0.3859572312940683     0.038307597
7704.1355  0.38372269373896345    0.033554524
7708.5409  0.38196416641719944    0.028932575
7712.8532  0.38051561782121296    0.023227433
7717.2047  0.3781149063591461     0.018536705
7721.4928  0.3761836176104123     0.013664009
7725.8202  0.37415556537464767    0.0091942271
7730.1015  0.3725264976801033     0.0060802921
7734.4388  0.37053368000859055    0.0023453886
7738.7812  0.36859557466255555    -0.00064250897
7743.0774  0.3665688535516045     -0.0046048659
7747.4018  0.36462551657548814    -0.008539993
7751.736   0.36285272454874495    -0.011510513
7756.0985  0.36109607318427644    -0.015106274
7760.4661  0.3593385859972505     -0.018831815
7764.8428  0.35743461316794733    -0.023968644
7769.1738  0.355853732191655      -0.028240976
7773.5671  0.35407567138716134    -0.032725327
7777.9874  0.3522612058668354     -0.036868828
7782.3288  0.3506289125163475     -0.040676672
7786.727   0.34875464543986107    -0.044599448
7791.0898  0.34698213202063705    -0.047932217
7795.4869  0.3451117716406967     -0.051635662
7799.9005  0.3435032156508381     -0.054611612
7804.2673  0.3416176742567445     -0.057785754
7808.6912  0.3398471853854928     -0.060527242
7813.1203  0.3381067056396898     -0.063430382
7817.5505  0.3361358298581276     -0.066804776
7821.9434  0.33454398412813824    -0.069754758
7826.3848  0.3325598775850568     -0.073392933
7830.7839  0.33097806172575595    -0.076679756
7835.1341  0.3292393031552933     -0.080006067
7839.5434  0.3273860864246963     -0.083633054
7843.9545  0.3259657329096452     -0.086634315
7848.3889  0.32382605811916304    -0.090604003
7852.7956  0.3223374829095957     -0.093979203
7857.1933  0.3204791336093686     -0.097682101
7861.6572  0.31888686068118327    -0.1016211
7866.0958  0.31733795146553       -0.10575067
7870.6454  0.31550882499842003    -0.10996032
7875.1475  0.31397340038669236    -0.11371258
7879.6549  0.3122332921175816     -0.1180144
7884.1676  0.31079734277273774    -0.12193032
7888.6326  0.3091824716791123     -0.12586617
7893.1027  0.3073789028084232     -0.12944927
7897.738   0.30589909444879104    -0.13305153
7902.3255  0.30403325989321683    -0.13697788
7906.8652  0.30257497860789556    -0.14045644
7911.4662  0.30071786756330904    -0.14449196
7916.0041  0.299130733396032      -0.14769581
7920.5164  0.29752559499174136    -0.15148081
7925.1314  0.2958068961626557     -0.15509899
7929.6444  0.2942634105067081     -0.15843047
7934.1635  0.2925402911049857     -0.1621724
7938.9019  0.2912712648117663     -0.16528151
7943.5929  0.2889269620854048     -0.16810973
7948.2357  0.28734275020143946    -0.17124054
7952.7759  0.2857794896029122     -0.17454055
7957.379   0.2840463527130577     -0.17802052
7962.0893  0.28245302107629977    -0.18150863
7966.863   0.2806952428991983     -0.18472355
7971.4796  0.2791378454411291     -0.18807027
7976.2122  0.27729711032738885    -0.19113653
7981.1107  0.27570171080371114    -0.19430312
7985.7026  0.27391930991319735    -0.19790023
7990.3623  0.27251325825079453    -0.20160717
7994.9737  0.27101124796752724    -0.20482594
7999.7882  0.26924226976815696    -0.20861426
