# XDI/1.0 
# Spectrum.license:CC BY 4.0
# Publication.authors: Peter Blanchard, Miranda Vu, Joel Reid, Erika Bergen, Jeff Warner
# Publication.affiliation: Canadian Light Source
# Facility.name:CLS
# Sample.temperature:r.t
# Sample.prep:powder, 500 um
# Sample.formula:FeO(OH)
# Publication.DOI: https://doi.org/10.20383/103.01329
# Sample.name:Goethite
# Scan.number:scan1
# Sample.id:ghzdol
# Scan.start_time:2022-03-21
# Element.symbol:Fe
# Facility.energy:2.90 GeV
# Facility.xray_source:Bending magnet
# Beamline.name:IDEAS
# Beamline.scan_mode:Transmission
# Beamline.website:https://ideas.lightsource.ca/
# Beamline.detector:Ionization chamber
# Beamline.energy_range:1.8 - 13.0
# Beamline.flux:5E10-7E11 ph/s
# Mono.name:InSb(111), Ge(220)
# Element.edge:K
# Column.1:Energy
# Column.2:I0
# Column.3:Itrans
# Column.4:Irefer
# Column.5:Mutrans
# Energy  I0        Itrans    Irefer    Mutrans               
6912      1022780   946795    875559    0.18753457788007905   
6922      1080170   1010770   928442    0.17903319657192246   
6932      1081690   1024710   942180    0.16935012296964247   
6942      1080270   1033190   951610    0.16182247613896752   
6952      1088490   1055320   972603    0.15109830525482715   
6962      1093220   1072760   989885    0.14160143929499194   
6972      1084890   1075430   994426    0.13361717063598544   
6982      1079180   1079980   1000130   0.1261336683665975    
6992      1078470   1090450   1011390   0.11801439109918517   
7002      1074990   1099050   1020820   0.1092793016183534    
7012      1068560   1103180   1026450   0.1015979686573103    
7022      1061950   1106460   1031420   0.09437060761565673   
7032      1066060   1124730   1049940   0.08451147596708135   
7042      1065190   1133120   1057770   0.07801332786945217   
7052      1068730   1155790   1082910   0.06502116658719691   
7062      1066610   1166340   1094610   0.05629832399162031   
7072      1057650   1169420   1099840   0.047574688090750786  
7082      1069310   1195720   1124040   0.038690879281229544  
7082.5    1068770   1196180   1124430   0.03798991390789672   
7083      1068940   1197020   1125100   0.037562176782724006  
7083.5    1069020   1197360   1125400   0.03739739663292345   
7084      1069000   1197530   1125280   0.0372708120369946    
7084.5    1068920   1198410   1126180   0.03663314174554787   
7085      1069200   1199930   1127550   0.035840889246063885  
7085.5    1069300   1200580   1128160   0.0354879254781329    
7086      1069430   1200090   1127580   0.03590530010679452   
7086.5    1069390   1200740   1128280   0.03544924656554253   
7087      1069360   1201520   1128990   0.03491554660289081   
7087.5    1069260   1201590   1128840   0.03479597494946205   
7088      1069220   1202300   1129180   0.03430113267319912   
7088.5    1069420   1203810   1130790   0.03345966360102874   
7089      1069150   1204080   1130960   0.03308405814321441   
7089.5    1068910   1204790   1131460   0.0324427831977726    
7090      1068750   1203800   1130520   0.032972480331547024  
7090.5    1068060   1203680   1130480   0.03254222775969823   
7091      1067150   1203180   1129870   0.03219803393690386   
7091.5    1065890   1201930   1128600   0.03208619635321412   
7092      1064570   1200160   1126960   0.03227097684785295   
7092.5    1063340   1199780   1126160   0.03160969227685539   
7093      1061850   1197580   1124250   0.031950915093568726  
7093.5    1061160   1197880   1123960   0.031241491133388994  
7094      1060140   1197200   1123360   0.03093121464560574   
7094.5    1059580   1197150   1122590   0.030547858039438665  
7095      1059340   1196080   1121640   0.03107385024676351   
7095.5    1058850   1196680   1122030   0.030314259930707767  
7096      1058300   1196920   1121930   0.0297469526102401    
7096.5    1057520   1196230   1120850   0.029620384457705446  
7097      1056960   1196380   1120740   0.02910431198468241   
7097.5    1055850   1194110   1117970   0.029772741916182534  
7098      1054980   1192360   1115580   0.030278741427051586  
7098.5    1054670   1192160   1114330   0.03017936711283149   
7099      1053830   1190250   1111500   0.03081485405857791   
7099.5    1053220   1188530   1109260   0.031497978180825746  
7100      1052140   1188480   1108820   0.030722859091653745  
7100.5    1051100   1188160   1107830   0.030155897184124897  
7101      1050230   1186800   1106160   0.030405820450027557  
7101.5    1049410   1187060   1105650   0.029617894938107354  
7102      1048270   1187230   1105450   0.028648789800366645  
7102.5    1047760   1187960   1105480   0.027781150596632342  
7103      1046760   1186820   1103640   0.027785260019134207  
7103.5    1046050   1186540   1102300   0.027436603167167662  
7104      1045150   1185300   1099820   0.02758223252408661   
7104.5    1044730   1185330   1098230   0.027245640690844362  
7105      1044040   1184690   1095590   0.027150633152796717  
7105.5    1043450   1184320   1093280   0.02695139018842163   
7106      1043190   1184170   1090730   0.02685485002978805   
7106.5    1042540   1183260   1086960   0.026969464020665617  
7107      1042460   1183500   1083100   0.026749231979319527  
7107.5    1042380   1183550   1078240   0.02665548881033895   
7108      1042170   1183270   1071250   0.02668315853205207   
7108.5    1041970   1182740   1062790   0.0268849071769105    
7109      1041640   1181590   1049470   0.027401741020803214  
7109.5    1041270   1180850   1034600   0.027615395781495237  
7110      1041280   1180260   1011210   0.028016684553603934  
7110.5    1040540   1177970   982474    0.028986658540930917  
7111      1040140   1175670   942798    0.03022347509491324   
7111.5    1039800   1171790   889685    0.0325701990528905    
7112      1039700   1166180   824745    0.03627519379632773   
7112.5    1039190   1158920   769637    0.040808497811444355  
7113      1039550   1151560   722270    0.04610053905530965   
7113.5    1039420   1143710   686087    0.05139081785341417   
7114      1039610   1136030   651765    0.05684283124022196   
7114.5    1041810   1133400   628849    0.060334200636702646  
7115      1043410   1132320   610100    0.06229424776296493   
7115.5    1043420   1131600   596089    0.0628029003164686    
7116      1043500   1132110   585398    0.06250832030330643   
7116.5    1043730   1132490   576336    0.06241755417744336   
7117      1044030   1130990   566143    0.06368813010273533   
7117.5    1043780   1127950   554362    0.06561989001986528   
7118      1043510   1123490   538200    0.06853733494027878   
7118.5    1043620   1118990   522495    0.0717822133176918    
7119      1043000   1111040   502471    0.07693115632481229   
7119.5    1042860   1101660   482741    0.0835048069955207    
7120      1042630   1087160   461060    0.09376908229521175   
7120.5    1041980   1069450   442575    0.10621710973010093   
7121      1041590   1047050   425144    0.12259852822300125   
7121.5    1041150   1020340   409719    0.14262344421403267   
7122      1040490   986259    394745    0.16888771449053236   
7122.5    1040190   941051    379863    0.2056261763610254    
7123      1039400   895526    368019    0.24409233548818526   
7123.5    1038420   842872    356626    0.29108781394371663   
7124      1037560   796366    348167    0.33514856172658986   
7124.5    1036140   742734    339641    0.3889968767636165    
7125      1033510   695881    332762    0.43832819777399007   
7125.5    1030250   649160    326666    0.4905920497947119    
7126      1027270   606698    321624    0.5416042378941515    
7126.5    1026320   567345    317311    0.5937090932502731    
7127      1028840   528137    313082    0.6520580883386863    
7127.5    1032360   491834    309026    0.7108527655265362    
7128      1035420   456060    305505    0.7726778810295332    
7128.5    1037020   428841    303032    0.8223750819421183    
7129      1036940   404142    300362    0.8690474939202752    
7129.5    1037250   380875    298211    0.915996589690358     
7130      1037180   364407    296621    0.950764786021379     
7130.5    1037530   352976    295626    0.9761393238702651    
7131      1036960   346805    294781    0.9896014243157565    
7131.5    1036850   343511    294427    0.997036394151628     
7132      1036710   342175    294405    1                     
7132.5    1036670   342343    294280    0.9995828980817719    
7133      1036710   343495    294824    0.9969667082334058    
7133.5    1036690   344790    295020    0.9939869729175862    
7134      1037070   346605    295395    0.9901394499430446    
7134.5    1037400   349179    295940    0.9845611380858917    
7135      1038050   352383    296545    0.9778587156181562    
7135.5    1038590   356138    297039    0.9699178653517687    
7136      1038680   359615    296811    0.9623319315081561    
7136.5    1039590   362294    295996    0.9571746556800202    
7137      1040150   365532    295770    0.9505890950773183    
7137.5    1041190   369901    296393    0.9420159070942581    
7138      1041760   374582    297582    0.9325400273524176    
7138.5    1042370   379795    299164    0.9221128713798626    
7139      1043120   385184    299929    0.9115795701243024    
7139.5    1043260   390028    300131    0.9018396531236362    
7140      1044180   396385    300823    0.8897971214953038    
7140.5    1044370   401746    300822    0.8793568697790074    
7141      1044810   407366    301075    0.8687443733476019    
7141.5    1045880   413293    301766    0.8581709711466518    
7142      1045790   417352    301732    0.8504036858257349    
7142.5    1045980   421569    301937    0.842626514348448     
7143      1046210   425997    302356    0.8345679639264728    
7143.5    1046580   429920    302746    0.8276247465968589    
7144      1045900   432616    302802    0.8221877909994436    
7144.5    1045640   435196    302651    0.8173075643284087    
7145      1045940   438478    303008    0.8116145916634314    
7145.5    1045100   440496    302787    0.8073642028973735    
7146      1044980   442616    302920    0.8034912669643877    
7146.5    1044350   444476    302458    0.7997124695167035    
7147      1044020   446243    302274    0.7963377626700705    
7147.5    1043430   448097    301913    0.7926260747589702    
7148      1043020   450724    301562    0.7877113121613051    
7148.5    1042310   453565    300690    0.7822246788974265    
7149      1041620   456245    299387    0.7770616727921779    
7149.5    1040860   459719    298400    0.7705106772750826    
7150      1039950   465184    298787    0.7605115160251575    
7150.5    1039020   471580    299866    0.7490484709645513    
7151      1038500   477882    299991    0.738195769547234     
7151.5    1037340   483573    299767    0.7279887718673783    
7152      1036320   489311    299609    0.7179206698473785    
7152      1035270   490674    299300    0.7149305994107129    
7153.24   1040250   504484    300364    0.6968444192574084    
7154.51   1043020   516117    300134    0.6809793174010794    
7155.79   1046450   528959    303748    0.6642033179762961    
7157.09   1048440   538506    305044    0.6516078295736112    
7158.41   1050990   546635    306002    0.6417180324588553    
7159.75   1054230   553292    307144    0.6346067928450693    
7161.11   1057390   556858    307860    0.6319034693872191    
7162.49   1060730   557190    308498    0.6339184809889236    
7163.88   1063740   554663    309171    0.6397319515934679    
7165.3    1067030   549571    309536    0.6494306270083526    
7166.73   1072170   542740    309644    0.6630701933167021    
7168.19   1077820   531761    304893    0.6833108396036386    
7169.66   1083610   527653    311401    0.6936413517391359    
7171.15   1087170   519372    313737    0.7086873882652805    
7172.66   1090530   509395    314417    0.7263994403599591    
7174.19   1094280   500012    315174    0.7437506535315991    
7175.74   1096110   490150    315096    0.7607608384937142    
7177.31   1095360   481494    314436    0.7742586692085296    
7178.9    1096070   478116    314419    0.7803156895441817    
7180.5    1097460   477582    314320    0.782194529935467     
7182.13   1100670   480121    315000    0.7803182543583946    
7183.77   1104790   483846    315732    0.7771730304515299    
7185.44   1108280   486829    316037    0.774815675434454     
7187.12   1112220   489380    315793    0.7734940368653966    
7188.82   1117310   492202    316037    0.7725613217745513    
7190.54   1121570   494459    315389    0.7719550535370241    
7192.28   1126180   496766    314073    0.7715194154222025    
7194.04   1131470   497310    310003    0.774349104118773     
7195.82   1136270   500086    309662    0.773298776874709     
7197.61   1141820   502143    308516    0.7739035489961452    
7199.43   1152460   515865    322068    0.7599711339939168    
7201.27   1158100   521708    325375    0.7549440808361711    
7203.12   1163800   527799    328060    0.7496675223584147    
7204.99   1170850   535038    331334    0.7436936894914433    
7206.88   1179800   543771    334879    0.7369377894677895    
7208.8    1190060   554019    338472    0.7290501850330586    
7210.73   1200270   563954    340583    0.7217779328877092    
7212.67   1210290   573518    341824    0.715079001841872     
7214.64   1218060   580926    340374    0.7100096957296592    
7216.63   1224940   588283    339938    0.7045325549548647    
7218.64   1232480   594542    339036    0.7010293727981942    
7220.66   1240220   600774    340263    0.6977464807025935    
7222.71   1246740   605569    341501    0.695614392857524     
7224.77   1255100   610351    344062    0.6946827345089993    
7226.85   1264380   614621    347212    0.6949939349693942    
7228.95   1274500   619067    351906    0.6955961204575374    
7231.07   1285830   624336    357334    0.6958917881130409    
7233.21   1295190   628879    361728    0.6958939892230726    
7235.37   1303520   633114    365774    0.6956570643009644    
7237.55   1311570   637204    369079    0.6954343018480331    
7239.75   1319280   640757    371149    0.6956712816184175    
7241.96   1324950   643153    371655    0.6961094936806279    
7244.2    1330880   646135    371600    0.6959833150576482    
7246.45   1334510   647332    368213    0.6966710513907625    
7248.73   1340010   652637    369842    0.6934812744190322    
7251.02   1344940   656648    369696    0.6915474208540031    
7253.33   1349800   660108    370211    0.6902488471327184    
7255.66   1356880   664497    372128    0.6891495346280189    
7258.01   1366760   669496    374360    0.688960617718616     
7260.38   1380000   675621    377265    0.6893808753598143    
7262.77   1394430   681017    379879    0.6913088420549766    
7265.17   1407070   684908    381509    0.69392954785638      
7267.6    1416560   687816    382943    0.6958872958044331    
7270.04   1424040   689206    382746    0.6984458509002833    
7272.51   1430320   690601    382354    0.7003194906703246    
7274.99   1437460   693001    381784    0.7015092998630639    
7277.49   1445040   695243    381134    0.7031080569586948    
7280.01   1452570   699462    382254    0.7024363295820821    
7282.55   1457450   702879    381488    0.7012393552972759    
7285.11   1461080   706644    380059    0.6989903840178926    
7287.69   1467590   713387    379665    0.6950108601668844    
7290.29   1476180   721835    379233    0.6903340208600934    
7292.9    1482610   730716    381054    0.6841245200355639    
7295.54   1487980   738980    383782    0.6781130620125548    
7298.19   1491000   745179    385177    0.67312928934509      
7300.86   1493540   750018    386388    0.6693708998090862    
7303.56   1496640   753706    386108    0.6671400323611462    
7306.27   1498990   758043    387662    0.6638557936815633    
7309      1502260   762693    388019    0.6607546452500875    
7311.75   1506670   766773    387917    0.6588607893020662    
7314.52   1517630   775418    390329    0.6557383197781161    
7317.3    1532670   786459    394093    0.6523688714289053    
7320.11   1551440   800020    399656    0.6484897305413045    
7322.94   1566700   810725    404230    0.6457290516915265    
7325.78   1578300   816487    405453    0.6459612529376592    
7328.64   1585560   820396    407490    0.6458140723083425    
7331.53   1582520   815928    403715    0.6486044309451798    
7334.43   1579030   810794    399959    0.6518378825108381    
7337.35   1579010   808391    397795    0.6541662699485082    
7340.29   1591610   816149    400867    0.6529033456880449    
7343.25   1611500   829284    406854    0.650109433113304     
7346.23   1625310   839563    409208    0.6471270007735299    
7349.23   1634240   847092    408964    0.6444102236252152    
7352.24   1640340   854884    408432    0.6401317463509869    
7355.28   1638570   859073    405258    0.6354302638048354    
7358.33   1618050   852878    399627    0.6312037866452422    
7361.4    1530740   808699    376733    0.6294070042998514    
7364.5    1598860   846351    380605    0.6278567499965175    
7367.61   1630730   862683    382043    0.6283481573160588    
7370.74   1625070   861456    377766    0.626730332616781     
7373.89   1615380   856570    374298    0.6264997151253248    
7377.06   1595730   848256    373244    0.6245417194696852    
7380.25   1516570   812831    369481    0.618065205435909     
7383.45   1599260   848596    372526    0.6259668539551445    
7386.68   1625460   861773    378381    0.626629529106421     
7389.92   1636160   869386    381964    0.6248694374202085    
7393.19   1645080   873862    379698    0.6251071445977461    
7396.47   1655700   886377    386687    0.6189739686711697    
7399.77   1659160   892836    389523    0.6148986152448362    
7403.09   1608780   873506    385984    0.6078497032507955    
7406.43   1687140   916116    396991    0.6077950793551518    
7409.79   1712090   931140    399155    0.606545138987207     
7413.17   1716510   936550    399807    0.6040123451281939    
7416.57   1703890   931136    394438    0.6027662384443021    
7419.98   1668190   913833    384855    0.6008619597480426    
7423.42   1561860   866980    372568    0.5904392667883411    
7426.87   1659660   911479    370028    0.5988552678108088    
7430.35   1671390   919212    366012    0.5977480923432668    
7433.84   1674150   926160    366111    0.5931155236041259    
7437.35   1681540   936022    367133    0.588240904836228     
7440.88   1701720   955213    374039    0.5816501077616554    
7444.43   1730750   979819    383825    0.5749393542850092    
7448      1745370   993524    386319    0.5706232003815538    
7451.59   1750090   999463    385185    0.5680554961455382    
7455.2    1749540   1001680   382954    0.5660622791290538    
7458.82   1738250   995095    375916    0.5661580957934533    
7462.47   1725680   987664    368933    0.5663455698462653    
7466.13   1719730   985593    365061    0.5652782322207273    
7469.82   1722380   989939    365464    0.5630250142219986    
7473.52   1722270   992250    364374    0.5611376952996827    
7477.24   1698150   977711    354894    0.5616554491588708    
7480.98   1684990   970304    348845    0.5615175078656498    
7484.74   1671300   962714    342675    0.5612773681087989    
7488.52   1647390   947772    332672    0.5622486372627798    
7492.31   1617590   928376    320181    0.5641569751514759    
7496.13   1605710   922958    315535    0.5629608595689229    
7499.97   1600840   923253    312581    0.560316075460869     
7503.82   1604030   929761    311820    0.5563505716499834    
7507.7    1613980   941363    313615    0.551452485962555     
7511.59   1634360   960866    319785    0.5451830263146653    
7515.5    1641130   970458    321057    0.5406141454905494    
7519.43   1633390   968537    317025    0.5384508183393478    
7523.38   1629880   969862    314509    0.5356790250907204    
7527.35   1630190   974622    313854    0.5319717748991896    
7531.34   1630620   979577    312656    0.528184424334126     
7535.35   1633650   986120    312267    0.5244023234239173    
7539.37   1637970   992410    312182    0.5214737096994051    
7543.42   1649880   1005460   316731    0.516889241287278     
7547.48   1675790   1029600   326911    0.5104739826683188    
7551.56   1694630   1048720   333324    0.5047857425298913    
7555.67   1703500   1057400   332565    0.5024048347713799    
7559.79   1689620   1052310   327032    0.49976093214846207   
7563.93   1674800   1045920   320079    0.4976188367680808    
7568.09   1657040   1037590   312726    0.4955195332941278    
7572.27   1653020   1039600   311477    0.4920812928437658    
7576.46   1664290   1053390   316352    0.4870528018304006    
7580.68   1683980   1071790   322483    0.4826763415676474    
7584.92   1693370   1083730   327079    0.47832912518166665   
7589.17   1693110   1089010   327812    0.47437918531692436   
7593.45   1692500   1094350   328071    0.47024165240372773   
7597.74   1690430   1099280   327527    0.46573642208327437   
7602.05   1681920   1099520   324490    0.4615883831531027    
7606.38   1671530   1097590   320478    0.4580906610636792    
7610.73   1667180   1099290   318849    0.4548185076925692    
7615.1    1665940   1103540   317998    0.45119240655587844   
7619.49   1660640   1105840   317889    0.44704180412587524   
7623.9    1649180   1102930   314259    0.4436621332921138    
7628.32   1637760   1099980   310367    0.44029779365183913   
7632.77   1637930   1106190   310232    0.43594441163169606   
7637.23   1648990   1121040   314253    0.43074055715024356   
7641.72   1662360   1137470   319189    0.42563994258969623   
7646.22   1654520   1137570   317732    0.4218464082143535    
7650.74   1639690   1131940   313496    0.4186618163705755    
7655.28   1631180   1131720   311904    0.4147155312695877    
7659.84   1622760   1131340   310056    0.4109029364319703    
7664.42   1621880   1136620   309939    0.40680738896577445   
7669.02   1621610   1142500   310028    0.4026111768796096    
7673.63   1629060   1153730   312287    0.3985163846200535    
7678.27   1646160   1173570   317551    0.3933104390997584    
7682.92   1659090   1189480   321495    0.3888656629691038    
7687.6    1661210   1198650   322542    0.38382151775591633   
7692.29   1660920   1204770   322960    0.37967182181525405   
7697      1648740   1202120   320119    0.3756080351484533    
7701.74   1644270   1205010   319854    0.3715775331168866    
7706.49   1641340   1209600   320052    0.36717726793254174   
7711.25   1642240   1217910   321442    0.36221531333128804   
7716.04   1643460   1225510   322499    0.3578995013467168    
7720.85   1647250   1237330   325294    0.3521521517247753    
7725.68   1648270   1245730   327295    0.34730956492659915   
7730.52   1635300   1242040   324489    0.3434229016693688    
7735.39   1649440   1260540   328896    0.3385577834170757    
7740.27   1684380   1298500   340749    0.33169760315005703   
7745.17   1696660   1316860   345414    0.32635912960232816   
7750.1    1688450   1317910   343494    0.3219097821111961    
7755.04   1678870   1318540   341583    0.31705059864069807   
7760      1650480   1301280   333525    0.31399534923897543   
7764.97   1583040   1250300   314646    0.312613336395491     
7769.97   1509430   1194040   294816    0.3113733566036195    
7774.99   1478210   1173610   287443    0.3085040095921415    
7780.03   1478250   1181460   288666    0.3032733565071456    
7785.08   1481970   1190740   290561    0.2990895228218846    
7790.16   1480770   1197200   291510    0.2941888373947485    
7795.25   1466540   1193660   290447    0.28891436254682046   
7800.36   1460980   1197330   291201    0.2835034034333529    
7805.49   1464550   1206800   291076    0.2792196013045476    
7810.64   1479100   1229120   297838    0.27257006188665417   
7815.81   1495120   1251090   302906    0.26709944404875385   
7821      1494430   1259240   303873    0.2616203396240751    
7826.21   1494040   1267080   304404    0.25652499746036544   
7831.43   1498600   1280000   306698    0.25093342637660193   
7836.68   1506530   1296120   310096    0.24523164321696708   
7841.95   1511810   1308700   311105    0.2403783204671043    
7847.23   1519670   1326120   316821    0.23404624057091755   
7852.53   1511480   1327460   317111    0.22899329879808433   
7857.85   1495350   1321850   314467    0.22387726903438412   
7863.19   1502650   1336640   316028    0.2189480540435981    
7868.55   1478260   1321840   310858    0.21482761916827667   
7873.93   1472410   1324890   311063    0.2098880607817666    
7879.33   1465730   1327000   310636    0.20505211408377516   
7884.75   1437500   1308450   304767    0.20082123150980372   
7890.19   1412720   1293610   299775    0.19610843769839595   
7895.64   1394700   1283520   295032    0.1921637401120921    
7901.11   1385660   1284540   296262    0.1864149260600282    
7906.61   1390060   1297420   298925    0.1810525387280594    
7912.12   1394650   1310610   301609    0.1756808738879464    
7917.65   1394540   1319410   303217    0.17034667700482603   
7923.2    1389930   1323680   304007    0.16519255135995203   
7928.77   1385540   1328350   305682    0.1599257918043761    
7934.36   1388880   1342450   306863    0.153504286252296     
7939.97   1404020   1363370   309048    0.14986348098624072   
7945.6    1387860   1355890   305975    0.1450774605723472    
7951.24   1367110   1344210   301814    0.14002568070016191   
7956.91   1367960   1354010   303176    0.13479259329893878   
7962.59   1368090   1363370   304163    0.12944017961679627   
7968.29   1356000   1359520   301755    0.12467504428044632   
7974.02   1332010   1342660   295034    0.12044357779527096   
7979.76   1314710   1330380   286222    0.11738301816191993   
7985.52   1313170   1344280   299091    0.10827114809835305   
7991.3    1297770   1335990   295020    0.10385095531791816   
7997.09   1281010   1326230   291383    0.09938693835708315   
8002.91   1276220   1329430   290979    0.09453698966659783   
8008.75   1288320   1350440   294486    0.08961808145817693   
8014.6    1297300   1368260   296795    0.08476256832193166   
8020.48   1293630   1369720   291063    0.08169052558247952   
8026.37   1279520   1369290   299654    0.07329773875009399   
8032.28   1254400   1350230   295042    0.06872034740852276   
8038.22   1235020   1335940   291325    0.06483608144410337   
8044.17   1265900   1380090   299011    0.058677420883126136  
8050.14   1267890   1391500   301135    0.05342834555767787   
8056.12   1272860   1405390   303752    0.04868545078293965   
8062.13   1273270   1416370   306095    0.04280805971995487   
8068.16   1270350   1423190   307615    0.03721494978037691   
8074.21   1266360   1427190   307787    0.032525509900138166  
8080.27   1253270   1420990   306033    0.02776958707112543   
8086.35   1228280   1401770   302815    0.022630480606354548  
8092.46   1197350   1375450   298437    0.017470866511288496  
8098.58   1199590   1388380   301249    0.011572014987946454  
8104.72   1209360   1409530   305463    0.006051587740924829  
8112.14   1197160   1406070   304709    0                     