# XDI/1.0 
# Spectrum.license:CC BY 4.0
# Publication.authors: Peter Blanchard, Miranda Vu, Joel Reid, Erika Bergen, Jeff Warner
# Publication.affiliation: Canadian Light Source
# Facility.name:CLS
# Sample.temperature:r.t
# Sample.prep:powder, 500 um
# Sample.formula:FeO(OH)
# Publication.DOI: https://doi.org/10.20383/103.01329
# Sample.name:Goethite
# Scan.number:scan3
# Sample.id:mrlvh2
# Scan.start_time:2022-03-21
# Element.symbol:Fe
# Facility.energy:2.90 GeV
# Facility.xray_source:Bending magnet
# Beamline.name:IDEAS
# Beamline.scan_mode:Transmission
# Beamline.website:https://ideas.lightsource.ca/
# Beamline.detector:Ionization chamber
# Beamline.energy_range:1.8 - 13.0
# Beamline.flux:5E10-7E11 ph/s
# Mono.name:InSb(111), Ge(220)
# Element.edge:K
# Column.1:Energy
# Column.2:I0
# Column.3:Itrans
# Column.4:Irefer
# Column.5:Mutrans
# Energy I0       Itrans   Irefer   Mutrans
6912     1021680  947396   876197   0.18797211345898743
6922     1078890  1010330  928409   0.18023454313720472
6932     1082110  1025700  943505   0.17069654474966486
6942     1080480  1034980  953429   0.1624209798662103
6952     1086940  1054570  972574   0.15235423315255658
6962     1088440  1067950  986197   0.1435162958427031
6972     1078480  1067400  987481   0.13668624492071202
6982     1074110  1073610  994451   0.1289246447689731
6992     1071250  1081820  1003600  0.12083012536339573
7002     1069240  1092160  1014700  0.11186475845693583
7012     1067430  1102480  1026160  0.10312892605587336
7022     1059390  1104600  1029740  0.09566605233953773
7032     1061610  1120450  1046320  0.08610006005956163
7042     1060710  1128590  1053630  0.07973509042778441
7052     1065770  1153300  1080860  0.06643398496659084
7062     1062590  1162130  1090710  0.05807884621760001
7072     1053390  1165250  1096230  0.04912429125534022
7082     1064460  1191170  1120030  0.04003644368816486
7082.5   1063660  1190660  1119680  0.039781748080352605
7083     1063790  1191590  1120310  0.03926340608800347
7083.5   1064340  1193040  1121670  0.038713050741562754
7084     1064800  1194500  1123160  0.03809053505743903
7084.5   1065220  1195540  1123890  0.03771595072917824
7085     1065650  1196880  1125110  0.0371519176974414
7085.5   1066270  1198480  1126570  0.03655823751629433
7086     1066950  1200320  1128160  0.03585256685842734
7086.5   1067590  1201840  1129590  0.03532847559673039
7087     1067880  1202980  1130540  0.03479602082980165
7087.5   1067870  1203770  1131200  0.0342719418832462
7088     1067640  1203850  1131240  0.034050094541653926
7088.5   1067560  1204210  1131540  0.03375578111465956
7089     1067300  1204490  1131430  0.0333810784320903
7089.5   1066930  1204870  1131630  0.03285990038524223
7090     1065900  1204080  1131140  0.0326159324302158
7090.5   1064770  1203190  1130240  0.03236306498991653
7091     1063540  1201970  1128910  0.032251802298561616
7091.5   1062420  1201130  1128030  0.031972746899352034
7092     1060820  1199510  1126260  0.03184878904885375
7092.5   1059550  1198610  1125390  0.03149671491386948
7093     1058530  1197590  1124130  0.031408728328404106
7093.5   1057510  1196570  1123090  0.0313205818748183
7094     1056720  1196130  1122490  0.031021859718620575
7094.5   1056220  1196290  1122190  0.030544077965293247
7095     1055210  1195300  1121230  0.03044270467925776
7095.5   1054490  1194920  1120690  0.030155735618621785
7096     1053670  1194230  1119570  0.029998068891525457
7096.5   1053140  1194100  1119120  0.029687748323009838
7097     1052900  1194200  1118710  0.029442448657750725
7097.5   1052520  1194210  1118170  0.02915174275633545
7098     1051820  1193290  1116950  0.029234692362534676
7098.5   1051220  1192120  1114780  0.029557679653076548
7099     1050410  1190070  1111510  0.030305623407962765
7099.5   1049660  1189000  1109690  0.03045142958877596
7100     1049190  1189160  1109700  0.02999301622119927
7100.5   1048420  1189360  1109400  0.029282801011892526
7101     1048030  1189400  1108870  0.02896349131751191
7101.5   1047300  1188970  1107570  0.028699665351520222
7102     1046700  1189500  1107970  0.027897841906314145
7102.5   1046290  1189920  1107550  0.027311615172205848
7103     1045600  1189520  1106570  0.027057012600774002
7103.5   1045140  1189460  1105330  0.02675037073125437
7104     1044500  1189220  1103500  0.026427074761614117
7104.5   1043890  1188780  1101490  0.02625854245662086
7105     1043100  1188030  1098930  0.026159391333296707
7105.5   1042660  1187860  1096910  0.0259399497766992
7106     1042200  1187770  1094150  0.02565226596580112
7106.5   1041030  1186540  1089880  0.025583659853774483
7107     1040290  1185070  1084690  0.025999692850502517
7107.5   1039290  1183670  1078460  0.026173110748887764
7108     1038740  1183010  1071210  0.026195460567555742
7108.5   1037960  1181480  1061950  0.02662281117481847
7109     1037070  1179640  1047630  0.02717436895042175
7109.5   1036590  1179290  1032880  0.027043552266354565
7110     1036090  1176920  1007800  0.02824718698914775
7110.5   1035520  1174330  978496   0.029548064739319084
7111     1034990  1171510  938252   0.03103746279669087
7111.5   1034460  1167470  884341   0.033353281121052535
7112     1034070  1161700  817541   0.036956132736127044
7112.5   1033560  1154960  765152   0.04114766925621386
7113     1033490  1147010  717977   0.046530850853161006
7113.5   1033820  1139790  682275   0.051752170502952305
7114     1034150  1132260  648456   0.057220457300528146
7114.5   1034190  1126620  624101   0.061181295781924994
7115     1034140  1123310  604337   0.06345908267329212
7115.5   1033910  1122620  590603   0.0637676286869614
7116     1033800  1123120  579932   0.06333340758696372
7116.5   1034290  1123600  570853   0.06337006795606479
7117     1034460  1122070  560805   0.06457191930426048
7117.5   1034540  1119450  549384   0.06647274543802213
7118     1034860  1115370  533483   0.06959003723416743
7118.5   1035240  1110830  517633   0.07308927076354807
7119     1035420  1104280  498147   0.07788086413379983
7119.5   1035400  1095110  478732   0.0844289118340614
7120     1035410  1081180  457803   0.09451254895092136
7120.5   1035540  1064790  440170   0.10663437260134664
7121     1035260  1041650  422656   0.1237149546423058
7121.5   1035460  1015940  407067   0.14353748772054
7122     1035280  980501   391862   0.17134667557777636
7122.5   1034530  937850   377861   0.20578063335150848
7123     1034320  892449   366254   0.24467631795653189
7123.5   1033620  840734   355158   0.2911275123729658
7124     1035360  797124   347856   0.33437529608712685
7124.5   1034220  742353   339133   0.38953684703113134
7125     1032100  697499   332680   0.4369756599082876
7125.5   1029300  650449   326882   0.48980578130780417
7126     1026740  608622   321697   0.5401595089011694
7126.5   1026550  569846   317753   0.5918283579041542
7127     1029550  530749   313580   0.6500684773239478
7127.5   1033330  494544   309793   0.70856266137743
7128     1036750  458792   306378   0.7702252608484411
7128.5   1038350  431523   303802   0.8196682951103412
7129     1039260  407041   301390   0.8663287378316868
7129.5   1040160  383437   299306   0.9140291600124715
7130     1040360  366734   297736   0.9492359219927774
7130.5   1040320  354911   296636   0.9749980948432133
7131     1040520  348898   296073   0.9885985926233044
7131.5   1040680  345477   295709   0.9964751499537529
7132     1040310  343811   295369   1
7132.5   1040480  344244   295638   0.9991379723965232
7133     1040470  345286   295935   0.9967515729342418
7133.5   1039920  346448   296013   0.9936910691067523
7134     1040000  348137   296348   0.9899237696521277
7134.5   1040140  350516   296771   0.9846694786595034
7135     1039680  353574   297199   0.9774843817146506
7135.5   1039320  356514   297106   0.9706942094527805
7136     1039590  360043   297073   0.9631459396842339
7136.5   1039510  362514   295900   0.9577020297607376
7137     1039520  365280   295469   0.9517269292674574
7137.5   1040020  369402   295949   0.943273346314883
7138     1039990  373750   297064   0.9340405018746265
7138.5   1040560  379100   298702   0.92328506742325
7139     1040910  384464   299379   0.9124911703758024
7139.5   1041320  389535   299794   0.9024875641156198
7140     1041900  395823   300209   0.890321975337724
7140.5   1042720  401586   300733   0.8795642696517377
7141     1043540  407383   301007   0.868902492972055
7141.5   1044450  413042   301458   0.8587303718517559
7142     1044810  417341   301748   0.8508519030353591
7142.5   1045110  421590   302070   0.8431050176870247
7143     1045120  425611   302307   0.8356411781196347
7143.5   1045100  429535   302604   0.8284027239563837
7144     1044850  432274   302554   0.8232114067647014
7144.5   1045070  435235   302903   0.8180041308221098
7145     1045100  438096   302966   0.8128698099961683
7145.5   1045110  440375   303139   0.8087935146823069
7146     1044580  442457   302972   0.8046818822633713
7146.5   1044140  444505   302814   0.8007155218829417
7147     1043910  446139   302565   0.7976541229181981
7147.5   1043610  448268   302352   0.7936808377856894
7148     1042620  450528   301824   0.7889756355748988
7148.5   1041440  453267   301021   0.7833137429231622
7149     1040500  455715   299484   0.7783635842908173
7149.5   1039260  458912   298403   0.7719226631684963
7150     1038220  464204   298574   0.7621102402156846
7150.5   1036900  470476   299435   0.7505456177648981
7151     1036100  476387   299461   0.7401109475390522
7151.5   1034750  481875   299255   0.7300693624154233
7152     1033350  487627   298958   0.7196642111316311
7152     1031920  488942   298681   0.7164545651983413
7153.24  1036430  501854   299200   0.6993714476536532
7154.51  1039230  513694   299179   0.6831413831923079
7155.79  1041110  525002   302153   0.6674258026327144
7157.09  1042400  534253   303114   0.6546521536603385
7158.41  1044920  542614   304208   0.6443302861787283
7159.75  1047690  548444   305011   0.6380024990616406
7161.11  1051300  552251   305844   0.63526525010517
7162.49  1055620  553078   306709   0.6373151167756385
7163.88  1060360  551175   307968   0.6435542118704546
7165.3   1065580  547751   309149   0.6523241337959345
7166.73  1070760  540640   309021   0.6664259533615077
7168.19  1075710  529709   304246   0.6861329304812436
7169.66  1080260  525053   310330   0.6964038911995938
7171.15  1082690  515820   312022   0.7121362817389011
7172.66  1084650  504920   312201   0.730370221039554
7174.19  1085330  494312   311682   0.7475756834569163
7175.74  1087150  484119   311803   0.7652941804967683
7177.31  1089180  477262   311942   0.7779903193859016
7178.9   1092270  475033   312818   0.7839046905428508
7180.5   1096000  475740   313551   0.7854173639863061
7182.13  1098420  478002   313891   0.7834198823734352
7183.77  1100630  480515   313859   0.7808748015268336
7185.44  1103060  483099   313640   0.7783893860376188
7187.12  1108160  486309   314014   0.7768075292892869
7188.82  1113510  488865   314363   0.7764722742987384
7190.54  1118430  491422   313993   0.7758362156076368
7192.28  1122710  493612   312712   0.7753426646982612
7194.04  1126530  493691   308033   0.7778901893739697
7195.82  1130580  495836   307328   0.7773024383962708
7197.61  1133760  496150   304650   0.7790148856071312
7199.43  1138040  506574   316196   0.7656154842068397
7201.27  1142380  511509   319096   0.7609808005523412
7203.12  1146090  516678   321046   0.7556189435848557
7204.99  1150710  522129   323103   0.7505250867273732
7206.88  1158020  529753   325944   0.7440996179283756
7208.8   1167840  539770   329163   0.7360021099401375
7210.73  1178820  550115   332105   0.7284255308599002
7212.67  1189780  560047   333668   0.7216260300442942
7214.64  1198710  568365   332636   0.7159074565243605
7216.63  1208780  577556   333504   0.709865837607791
7218.64  1218800  584659   333611   0.7067425568689013
7220.66  1228520  592142   335481   0.702984815923591
7222.71  1237090  597948   337433   0.7007765279725016
7224.77  1246740  603771   340694   0.6992646271380296
7226.85  1256410  608491   344262   0.6992167477926409
7228.95  1264960  611627   347967   0.7005087848770357
7231.07  1272760  614863   351927   0.7011938683855988
7233.21  1278800  617679   355248   0.7013236904305862
7235.37  1283620  619997   358072   0.7013365504101536
7237.55  1289600  622774   360397   0.7014773030277993
7239.75  1297020  626248   362379   0.7016146218983945
7241.96  1301280  627760   362324   0.7022974941174657
7244.2   1305490  629556   361474   0.7025912111605772
7246.45  1310530  631483   358908   0.7032184941795485
7248.73  1317390  637529   360752   0.699827848664919
7251.02  1323070  641930   361033   0.6977993757419685
7253.33  1329060  646137   361875   0.6962132812923065
7255.66  1338370  651747   364210   0.6949032920420297
7258.01  1352910  659699   368578   0.6938628905925289
7260.38  1368200  667052   372087   0.6939839796197056
7262.77  1385220  674529   376013   0.6949413052594008
7265.17  1401170  680356   378745   0.6971822105985578
7267.6   1412020  684146   380736   0.698881161725929
7270.04  1420070  686152   381059   0.7010511679604546
7272.51  1426280  687581   380363   0.7028480948390915
7274.99  1434570  690479   380211   0.7040992212104544
7277.49  1444690  694589   380639   0.7049609716409052
7280.01  1453870  699707   382244   0.7041682462433881
7282.55  1458710  703085   381405   0.7029934476383513
7285.11  1461840  706729   379994   0.7006116972988069
7287.69  1464250  710956   378097   0.6972146473581902
7290.29  1468150  716283   375584   0.6934328349056418
7292.9   1470600  722829   375925   0.6875848521183459
7295.54  1469280  727102   375876   0.6822389300851551
7298.19  1466510  729320   374881   0.6783563546193901
7300.86  1465480  731669   374524   0.6752723925367345
7303.56  1468120  735296   374266   0.6727969627160303
7306.27  1470280  739715   375497   0.6692380584403175
7309     1476820  746142   377020   0.6659223341769583
7311.75  1485240  753326   378722   0.6628551658119365
7314.52  1500570  764679   382878   0.6591642217852214
7317.3   1517750  777313   387586   0.6552264371149645
7320.11  1534140  789594   392304   0.6513423497839906
7322.94  1548620  799858   396474   0.6485709792418367
7325.78  1562380  807035   398322   0.6485027093946165
7328.64  1574790  814091   402721   0.6478781723342023
7331.53  1580850  815679   403088   0.649367333583537
7334.43  1582760  814673   401783   0.6512890476089849
7337.35  1581960  812009   399087   0.6534691107062803
7340.29  1584730  812506   397807   0.6543644832233151
7343.25  1592390  817453   397979   0.6533821089798096
7346.23  1602460  825198   398740   0.6509216682476433
7349.23  1613770  835037   399786   0.6471282767413504
7352.24  1623700  845628   401108   0.6420365930459295
7355.28  1627110  853241   400712   0.6366336334133332
7358.33  1609950  849728   396655   0.63153604774942
7361.4   1528720  809018   375802   0.6294288691643145
7364.5   1600020  849460   381475   0.6269146635645511
7367.61  1628780  864397   381638   0.6272167756388605
7370.74  1620790  860635   376196   0.626779222779672
7373.89  1611300  856519   372963   0.6259304424997706
7377.06  1590420  847140   371612   0.624330587309276
7380.25  1514950  813956   369248   0.6175175850214099
7383.45  1595760  848669   371420   0.6255495473768116
7386.68  1618140  859424   375624   0.626599570160289
7389.92  1627510  866305   378607   0.624867405554272
7393.19  1643770  876427   379877   0.6235488640264912
7396.47  1661020  893267   389690   0.6167857717166493
7399.77  1669390  903755   395370   0.6115545491590098
7403.09  1620440  885789   393455   0.6039347866632186
7406.43  1695250  926384   402905   0.6041885754296783
7409.79  1715610  937966   403076   0.603805750601003
7413.17  1711320  936894   399164   0.6027352041751505
7416.57  1693900  927872   391552   0.6022983086401871
7419.98  1659550  911169   382030   0.6004709588392037
7423.42  1538770  853981   363839   0.5920148442140766
7426.87  1626200  891522   357396   0.6016498483043218
7430.35  1647670  905325   356907   0.5998807131784527
7433.84  1669150  925233   364332   0.5929549860092224
7437.35  1690290  944935   371421   0.5862766454593139
7440.88  1713440  966118   379555   0.5795337983241909
7444.43  1747390  994738   391497   0.5719989104684233
7448     1767260  1012310  396524   0.5671161256680587
7451.59  1778480  1023220  397965   0.5636601104518535
7455.2   1775640  1023630  394536   0.5620869235747551
7458.82  1759090  1012940  385074   0.5629793539551615
7462.47  1734860  996955   372975   0.5645824234551443
7466.13  1723110  990306   366545   0.5645003516904392
7469.82  1720090  990486   364624   0.5629766195398224
7473.52  1717170  990482   362428   0.5616425254154866
7477.24  1704700  984221   357629   0.5608969891507387
7480.98  1682410  970629   347746   0.5614828115331871
7484.74  1660040  956436   338049   0.5625413158789087
7488.52  1639360  943816   329525   0.563129161026617
7492.31  1629440  938766   325100   0.5625746315984109
7496.13  1626350  939681   323591   0.5603138466129876
7499.97  1619200  938169   319778   0.5581134142814398
7503.82  1624170  945219   319617   0.554633078124632
7507.7   1633640  956636   321318   0.5497590168423461
7511.59  1649260  972168   325286   0.5445724549894497
7515.5   1653600  979602   325691   0.5406451486156723
7519.43  1643060  975832   320472   0.5386471859629712
7523.38  1627970  968851   313748   0.5370361021358505
7527.35  1619490  966954   309527   0.5344681353763544
7531.34  1619240  970809   308250   0.5312149711504225
7535.35  1616940  972852   306195   0.5284415745456451
7539.37  1618120  976839   304734   0.5257966856210333
7543.42  1629700  989516   308999   0.5212606442523438
7547.48  1647910  1008120  316289   0.5153459787852934
7551.56  1666670  1026560  322262   0.5099887978151842
7555.67  1674610  1034080  321505   0.5079848447068116
7559.79  1668580  1034950  319026   0.5044836638939936
7563.93  1654740  1029450  312409   0.5021219241937209
7568.09  1640860  1023840  306780   0.4997929614370218
7572.27  1638420  1026720  305826   0.4964107781677573
7576.46  1644650  1037560  309061   0.49113157823701975
7580.68  1656860  1049840  312432   0.4876925699316878
7584.92  1659290  1055700  314519   0.4844649655995863
7589.17  1656340  1058600  314539   0.4809052521780349
7593.45  1649290  1058270  312592   0.4777933894098363
7597.74  1644480  1060850  311208   0.47357806579689415
7602.05  1634180  1059740  307800   0.46945675498388945
7606.38  1621260  1055190  303589   0.46659589256136075
7610.73  1608380  1052470  299722   0.46234951159535526
7615.1   1593630  1045160  294494   0.4605839084227563
7619.49  1578980  1040140  291875   0.45710445978909353
7623.9   1570230  1039150  289201   0.45348017601796187
7628.32  1569860  1044770  288966   0.4490494168632601
7632.77  1581800  1060140  292842   0.44351843073200437
7637.23  1596930  1077810  298027   0.43800049511726813
7641.72  1600470  1086720  299936   0.43326346359117357
7646.22  1586040  1081580  296545   0.42986646756996016
7650.74  1576130  1079790  293987   0.4262368350343725
7655.28  1581630  1089990  296425   0.42157852891028874
7659.84  1575550  1091460  295305   0.417486281834164
7664.42  1564970  1089050  292535   0.4139229535953428
7669.02  1557750  1089090  290478   0.4102544395620159
7673.63  1568820  1103740  293825   0.40531105498175846
7678.27  1587670  1124730  299268   0.39988428462942033
7682.92  1592720  1135140  300927   0.39513246380155664
7687.6   1594110  1143000  301700   0.39038789787731853
7692.29  1596220  1151820  302827   0.38537878247407426
7697     1587450  1151900  301352   0.38098779015464684
7701.74  1591940  1162670  303878   0.3758860192106797
7706.49  1597620  1174420  306593   0.3707749509068677
7711.25  1599700  1183660  308268   0.3656307199702721
7716.04  1597830  1189240  308850   0.36100837642969474
7720.85  1594740  1194080  309472   0.3562880063657186
7725.68  1592910  1199920  310334   0.3515442261809806
7730.52  1590400  1205120  310847   0.34689947692792117
7735.39  1596490  1217610  313249   0.3417922176376269
7740.27  1627000  1251320  323163   0.3351974910296316
7745.17  1639970  1270560  327990   0.3294371340822697
7750.1   1634100  1273640  327040   0.3247091785513333
7755.04  1627910  1276610  326039   0.31988878378509655
7760     1596440  1257370  317380   0.3164768318351234
7764.97  1541130  1217150  302981   0.3143123126959663
7769.97  1488110  1179020  289872   0.31180893887466
7774.99  1458210  1160550  283141   0.30826105492216094
7780.03  1449370  1159910  281758   0.30390923538709275
7785.08  1447600  1165270  282115   0.29931868760365793
7790.16  1442940  1168900  282337   0.2943328211963796
7795.25  1438310  1172880  283784   0.28912784481696335
7800.36  1438600  1181240  285749   0.28369630427527454
7805.49  1441080  1189980  285416   0.2792498068078111
7810.64  1452100  1208860  291409   0.27285610065626037
7815.81  1453390  1217620  292348   0.26787199482022017
7821     1441380  1214780  290251   0.2631789242584244
7826.21  1436780  1218550  289734   0.2582241502286969
7831.43  1447090  1236200  293607   0.25253325085641953
7836.68  1466910  1262570  299967   0.24662725997613488
7841.95  1473780  1276860  301562   0.2414465107682787
7847.23  1485480  1297280  307976   0.23518260380257378
7852.53  1488380  1308690  311007   0.22982530239270582
7857.85  1480930  1310370  310453   0.22486597248654397
7863.19  1490890  1327770  312741   0.2197591432999619
7868.55  1466210  1312610  307430   0.21565916366074647
7873.93  1449590  1305300  304942   0.21108192561104902
7879.33  1434650  1299260  302630   0.20657839549636348
7884.75  1409620  1283250  297611   0.20248415510380793
7890.19  1389610  1271420  293640   0.19852081211578218
7895.64  1373620  1263200  289578   0.19451666416169264
7901.11  1366520  1265690  290958   0.18888787618282527
7906.61  1373820  1280820  294221   0.18372836277051408
7912.12  1376280  1291380  296290   0.17867381548836897
7917.65  1366480  1290630  295448   0.17350649194595813
7923.2   1351780  1284050  293785   0.16901657131751024
7928.77  1346390  1287070  294935   0.16402295368049793
7934.36  1362020  1313990  299423   0.1568148368857004
7939.97  1372520  1330250  300486   0.15317930166144764
7945.6   1359560  1325470  298463   0.14854530951896136
7951.24  1347330  1321760  296344   0.14363917411398996
7956.91  1345960  1328790  296981   0.13866331510512528
7962.59  1343930  1335310  297327   0.13362278829512975
7968.29  1339920  1339060  296796   0.12906350582184356
7974.02  1323840  1330200  291942   0.12478592698794354
7979.76  1307690  1319210  283879   0.1216548023226962
7985.52  1300270  1326640  295023   0.11275555803318006
7991.3   1283350  1316610  290637   0.10841959977527763
7997.09  1261710  1301740  285794   0.10397457375902015
8002.91  1250660  1298190  283732   0.09920038673146418
8008.75  1253240  1309150  284731   0.09420533547977057
8014.6   1259080  1323420  286032   0.08933163116106657
8020.48  1256720  1326190  280960   0.08620926692798332
8026.37  1249650  1333490  291309   0.07744824031026339
8032.28  1224650  1315390  286605   0.07229911155137193
8038.22  1206510  1303340  283868   0.06779685478928771
8044.17  1241420  1351730  292190   0.06155446692578765
8050.14  1246920  1367250  294820   0.05604840680907587
8056.12  1254720  1385320  298438   0.050622422390912684
8062.13  1257110  1397800  301320   0.04506136748971053
8068.16  1256120  1406390  303327   0.039619177733433195
8074.21  1255910  1415820  304955   0.034227731022358224
8080.27  1250510  1419170  305226   0.028976117097198294
8086.35  1224850  1399740  302043   0.02350795709795098
8092.46  1197010  1377310  298396   0.01812635146783804
8098.58  1198510  1389680  300907   0.012074607563202134
8104.72  1206420  1408880  304813   0.006452189189554381
8112.14  1193700  1405500  304326   0
