# XDI/1.0 
# Spectrum.license:CC BY 4.0
# Publication.authors: Peter Blanchard, Miranda Vu, Joel Reid, Erika Bergen, Jeff Warner
# Publication.affiliation: Canadian Light Source
# Facility.name:CLS
# Sample.temperature:r.t
# Sample.prep:powder, 500 um
# Sample.formula:FeO(OH)
# Publication.DOI: https://doi.org/10.20383/103.01329
# Sample.name:Goethite
# Scan.number:scan2
# Sample.id:jy1nr5
# Scan.start_time:2022-03-21
# Element.symbol:Fe
# Facility.energy:2.90 GeV
# Facility.xray_source:Bending magnet
# Beamline.name:IDEAS
# Beamline.scan_mode:Transmission
# Beamline.website:https://ideas.lightsource.ca/
# Beamline.detector:Ionization chamber
# Beamline.energy_range:1.8 - 13.0
# Beamline.flux:5E10-7E11 ph/s
# Mono.name:InSb(111), Ge(220)
# Element.edge:K
# Column.1:Energy
# Column.2:I0
# Column.3:Itrans
# Column.4:Irefer
# Column.5:Mutrans
# Energy I0       Itrans   Irefer   Mutrans
6912     1019940  941939   870937   0.18997147736345113
6922     1077040  1005330  923600   0.18156714460926124
6932     1080490  1021710  939524   0.17134450223819242
6942     1078200  1027820  946612   0.16496979860515773
6952     1086080  1050210  968497   0.1537185270435658
6962     1088470  1064720  982965   0.14463155662531596
6972     1077470  1063150  983210   0.13778555844203327
6982     1074990  1072560  993126   0.1290196067699112
6992     1070650  1078150  999753   0.12173041796308064
7002     1067680  1087360  1009910  0.112832347485338
7012     1066130  1097760  1021530  0.10418046479560442
7022     1059280  1102080  1027300  0.09600045393291064
7032     1061220  1117620  1043560  0.08640185991494874
7042     1060510  1126300  1051370  0.07977344079302046
7052     1066420  1151000  1078460  0.06704938605173352
7062     1064190  1161320  1089640  0.05835992320836414
7072     1055650  1165370  1095920  0.04926108768551559
7082     1066550  1191530  1120000  0.039855887144272246
7082.5   1065550  1190670  1119090  0.039685542669292945
7083     1065440  1191100  1119620  0.03931940460447129
7083.5   1065960  1192440  1120740  0.038817539022322725
7084     1066080  1193540  1121740  0.03817921465449839
7084.5   1066160  1194390  1122510  0.03767700265836283
7085     1066730  1195700  1123660  0.03723406500904876
7085.5   1067260  1197290  1125090  0.036577860355118605
7086     1067530  1198160  1125930  0.036204538204677734
7086.5   1067860  1199310  1127050  0.03569176551172941
7087     1067730  1199780  1127520  0.035286793382941946
7087.5   1067720  1200560  1128080  0.03476691896998427
7088     1067630  1201030  1128420  0.03439180061483898
7088.5   1068060  1202310  1129600  0.03386937872638582
7089     1067710  1202460  1129540  0.033512554856815396
7089.5   1067000  1202270  1129490  0.033112619697675844
7090     1066410  1201940  1128980  0.032892938404821014
7090.5   1065990  1202140  1129050  0.03245110543921864
7091     1065490  1201900  1128800  0.032238594486471435
7091.5   1064040  1200700  1127360  0.031952439124794486
7092     1063550  1200910  1127500  0.03145131335321627
7092.5   1062710  1200260  1126830  0.03125518596208727
7093     1061870  1199620  1126030  0.031052223747174396
7093.5   1060950  1198890  1125050  0.030848728624600086
7094     1060170  1198570  1124660  0.030479281033321256
7094.5   1059420  1198360  1124110  0.030059406395736496
7095     1059010  1198220  1123750  0.029846302234324457
7095.5   1058190  1197820  1123050  0.029498766722051234
7096     1057510  1197200  1122290  0.02940014018119384
7096.5   1057400  1197750  1122390  0.028955928170223313
7097     1057090  1197900  1122120  0.028625963173405846
7097.5   1056700  1197680  1121550  0.028479816998755906
7098     1056640  1197650  1121160  0.028454793414034594
7098.5   1056840  1197680  1119990  0.028584284276712432
7099     1056260  1196020  1117160  0.029245108542597226
7099.5   1055810  1195090  1115340  0.029522490479747407
7100     1054970  1194870  1115020  0.02904004316699078
7100.5   1053970  1194740  1114620  0.028378019046830124
7101     1053060  1194230  1113430  0.02803356749114606
7101.5   1052230  1193890  1112160  0.027636334470961012
7102     1052040  1194820  1112580  0.026879913244811045
7102.5   1051630  1195480  1112540  0.026137071950152222
7103     1051370  1196110  1112380  0.025526641053182735
7103.5   1050500  1195580  1110950  0.025223336229016187
7104     1049500  1194670  1108530  0.02507275796223999
7104.5   1048650  1193760  1106250  0.025034725294338513
7105     1047910  1193390  1103980  0.024722515970694782
7105.5   1047270  1192800  1101460  0.024630717079815727
7106     1046370  1191500  1097990  0.024812652950272948
7106.5   1045880  1191100  1094380  0.024708068598126628
7107     1045250  1190190  1089770  0.02483561490770715
7107.5   1044980  1190060  1084880  0.02471803126104032
7108     1044590  1189500  1077810  0.024794830901328318
7108.5   1043790  1188300  1069150  0.024986601740512163
7109     1043320  1187320  1056190  0.02528204562064124
7109.5   1042830  1185890  1040710  0.025861913717680526
7110     1042150  1183820  1016910  0.02672519774093783
7110.5   1041680  1181940  989913   0.02762277129392351
7111     1041430  1179820  950831   0.028849170418270724
7111.5   1041310  1177440  899212   0.03035063011671513
7112     1041890  1173270  834961   0.033587420121048456
7112.5   1041610  1166310  778519   0.03806722823396721
7113     1041890  1158580  730312   0.043522918222511114
7113.5   1042000  1150820  692927   0.04890557004947019
7114     1042490  1143360  658282   0.054404626622733224
7114.5   1042760  1137780  633262   0.0584666870088547
7115     1042820  1134640  612877   0.060691293773926194
7115.5   1043370  1133980  598014   0.06156590410341428
7116     1043790  1135140  587648   0.061077029059425574
7116.5   1044500  1135930  578906   0.06106462891248736
7117     1044420  1134110  568656   0.06226867691248085
7117.5   1044770  1131720  557351   0.06419642987245659
7118     1044860  1127720  541665   0.0670564004040777
7118.5   1045040  1123350  525976   0.07025388587619784
7119     1044770  1116490  506354   0.07488039312347901
7119.5   1044700  1107460  486692   0.08123121138207527
7120     1045060  1094420  465530   0.09084300286407009
7120.5   1044380  1076930  446408   0.10303349198962347
7121     1044520  1055710  429161   0.11883215182273266
7121.5   1044060  1029970  413488   0.1379494066929886
7122     1043770  996275   398121   0.1639590146166645
7122.5   1043400  952872   383193   0.19880389507846544
7123     1042320  906267   370651   0.2375306874999466
7123.5   1041730  854606   359557   0.2833672706870027
7124     1042000  808405   351160   0.32739751480281143
7124.5   1040870  752792   341957   0.3827456269488203
7125     1038830  706963   335370   0.430728339578267
7125.5   1035460  659322   329197   0.4831807318110797
7126     1032580  616958   324094   0.5333532872886514
7126.5   1031900  577320   319646   0.585197303767752
7127     1034190  537521   315467   0.643271026975882
7127.5   1037810  500730   311570   0.7019356804290725
7128     1040950  463845   307953   0.764655575954847
7128.5   1042010  435724   305092   0.8147755942710894
7129     1042710  410759   302716   0.8618318258865941
7129.5   1043100  386187   300170   0.910768775801463
7130     1043150  369041   298470   0.9466180381970848
7130.5   1043020  356516   297216   0.9737475291653914
7131     1042980  350043   296447   0.9881660959310421
7131.5   1042630  346296   296251   0.9963879549247876
7132     1042160  344558   296081   1
7132.5   1041990  344520   295903   0.9999583297289647
7133     1042010  345593   296290   0.997521340323763
7133.5   1041920  346897   296559   0.9944834278164165
7134     1041900  348402   296818   0.9910545679994167
7134.5   1042000  350806   297315   0.9857078369802157
7135     1041970  354035   297879   0.9784600538577488
7135.5   1042200  357398   298096   0.9711789055902632
7136     1042140  360890   298097   0.9634662189856568
7136.5   1042440  363400   296951   0.9582277404197627
7137     1042670  366408   296453   0.9519013905585737
7137.5   1043280  370619   297088   0.9433516667930965
7138     1043930  375020   298047   0.9345340803878333
7138.5   1045000  380639   299816   0.9236144572073175
7139     1045740  386113   300697   0.9129131407390404
7139.5   1046760  391339   301245   0.9030804672897498
7140     1047400  397669   301658   0.8909094274353504
7140.5   1048020  403199   301840   0.8804859202887251
7141     1048470  409066   302342   0.8694327368333171
7141.5   1049350  414881   302926   0.8589636630443489
7142     1050040  419061   303006   0.851576918383513
7142.5   1050980  423879   303562   0.8432681057852177
7143     1051360  428071   303805   0.8357929620114977
7143.5   1051640  432153   303991   0.8285190533201131
7144     1052070  435523   304424   0.8227159774867362
7144.5   1052620  438546   304813   0.8176735861516974
7145     1052780  441446   304684   0.812596069823635
7145.5   1052630  443876   304808   0.8081548954195122
7146     1052750  446283   304826   0.8039802450345588
7146.5   1052630  448552   304724   0.7998913198516499
7147     1052760  450350   304543   0.7968341273133597
7147.5   1052620  452552   304435   0.79288298065233
7148     1052570  455133   304130   0.7883609950240765
7148.5   1051800  457932   303338   0.7829492685750649
7149     1051400  460695   302171   0.7779057489761777
7149.5   1050230  463958   300896   0.7714622710125998
7150     1049510  469179   301090   0.7620972759175225
7150.5   1048790  475971   302431   0.750222533113873
7151     1047610  482055   302453   0.7393191436286498
7151.5   1046530  487713   302217   0.729304200426283
7152     1044880  493249   301927   0.7191595158884008
7152     1042770  494365   301646   0.7157833864727002
7153.24  1048140  508596   302785   0.6974546984945935
7154.51  1050930  520389   302397   0.6814751574585138
7155.79  1052070  532205   305476   0.6646253024764011
7157.09  1053030  541223   306429   0.6520946935587502
7158.41  1054110  548740   307242   0.6420262004471183
7159.75  1056870  554997   308084   0.6351475711219751
7161.11  1059770  558609   308790   0.6321929585773618
7162.49  1064180  559834   309784   0.6337401849147303
7163.88  1069440  558769   311283   0.6391297772047124
7165.3   1075620  555591   312630   0.6481712301871003
7166.73  1082530  549979   313404   0.6612265457874902
7168.19  1088480  539350   308909   0.6809378660758849
7169.66  1094060  534208   314657   0.6925239302032375
7171.15  1098480  526582   317799   0.7070413074754255
7172.66  1101550  516441   318300   0.7245763446386276
7174.19  1103710  505895   318372   0.7423905157056591
7175.74  1105620  495967   318632   0.7593829400718182
7177.31  1107660  488566   319016   0.7726923836169783
7178.9   1111190  486539   319809   0.778479865067332
7180.5   1115460  487448   321012   0.780032380686479
7182.13  1120080  490595   322283   0.7782170557043011
7183.77  1122100  492954   322073   0.7758552468223
7185.44  1126120  496346   322772   0.7732678086224452
7187.12  1131480  499762   323179   0.7716037129976476
7188.82  1136650  502393   323263   0.7710581366181676
7190.54  1140840  504703   322633   0.7703421573601467
7192.28  1143730  505773   320459   0.7706672029296096
7194.04  1146820  505171   315543   0.7737339061959195
7195.82  1149750  507121   314618   0.7727079823209931
7197.61  1153350  508415   312891   0.77316362152945
7199.43  1159260  519519   324915   0.7601569993234742
7201.27  1164260  524884   327974   0.7554492543989612
7203.12  1170380  531322   330891   0.749970235485084
7204.99  1177400  538256   333978   0.7444614537656691
7206.88  1186070  546860   337392   0.7377415016907167
7208.8   1197680  557797   341464   0.7298076493733006
7210.73  1209660  569005   344434   0.721968494028401
7212.67  1220120  578783   345788   0.7153221347593809
7214.64  1228910  586993   344549   0.7098756642176258
7216.63  1238880  595777   345259   0.704534462153487
7218.64  1246780  602377   344378   0.7008593346071106
7220.66  1254640  608999   345873   0.69719358907467
7222.71  1261060  613507   346815   0.6954027066447813
7224.77  1270390  618710   349906   0.6945560427958658
7226.85  1280120  623056   353250   0.6950529488297107
7228.95  1289230  626744   357077   0.6959909807243261
7231.07  1299690  631787   362159   0.6960434081532075
7233.21  1308060  635344   366347   0.6966782563824607
7235.37  1313220  637992   369288   0.6965030812530772
7237.55  1318590  640552   371718   0.6965632377170076
7239.75  1325660  643830   373678   0.6967548989129925
7241.96  1331220  645766   374108   0.6976876612301336
7244.2   1337040  648804   373849   0.6974266029074733
7246.45  1343770  652071   372285   0.6974251026099257
7248.73  1351220  658782   374228   0.6937106614638232
7251.02  1356770  663057   374475   0.6918423374029986
7253.33  1361470  666208   374826   0.6908307368630631
7255.66  1367580  669175   375950   0.6908576107574803
7258.01  1379280  675473   378997   0.6901883579082875
7260.38  1394220  682812   382389   0.6901624270038801
7262.77  1410970  689841   386153   0.691503541475157
7265.17  1426230  695441   388577   0.6936106804602038
7267.6   1437260  698981   390517   0.6956818555403084
7270.04  1442620  699837   389988   0.697652056423659
7272.51  1446460  699812   388350   0.6997764354287762
7274.99  1453690  701782   387945   0.701491444800804
7277.49  1463340  705026   388067   0.7030720867967369
7280.01  1473860  711526   390175   0.7014839639958779
7282.55  1480860  716240   390240   0.70001318307508
7285.11  1484760  719649   388900   0.6983429073258762
7287.69  1488120  724847   387469   0.6944501441015107
7290.29  1492360  730547   385114   0.6905169913177105
7292.9   1497280  738866   386641   0.6841835903260463
7295.54  1496320  743331   386730   0.6789268951519519
7298.19  1494330  746251   386231   0.6747858842479241
7300.86  1495680  749919   386637   0.6716315100119842
7303.56  1499440  753937   386655   0.669397642475289
7306.27  1504660  760615   389687   0.6651841869778639
7309     1508160  765025   389982   0.662457524209635
7311.75  1519380  773422   392146   0.6596941709866284
7314.52  1532090  783104   395272   0.6564530265735877
7317.3   1550040  796349   400505   0.6524123838601905
7320.11  1565440  808141   404828   0.6486172052503824
7322.94  1581670  819789   409840   0.6454660351508756
7325.78  1596800  828057   412589   0.6450602229180137
7328.64  1608510  835019   416797   0.6442197571844953
7331.53  1614950  836835   417215   0.6456575101919524
7334.43  1616880  835807   416052   0.6475686262347664
7337.35  1617940  834462   414409   0.6493554066730689
7340.29  1622700  836481   414033   0.6497663176698064
7343.25  1632100  842658   415329   0.6485193935518755
7346.23  1646050  853431   418137   0.6452133204211048
7349.23  1655500  862153   418196   0.641709406524722
7352.24  1662340  870581   418073   0.6372896386831006
7355.28  1662460  875978   415974   0.6324731470562017
7358.33  1647750  873952   412583   0.6272906051331489
7361.4   1565410  833745   393412   0.6240061920245257
7364.5   1626840  867101   393137   0.6234256954547216
7367.61  1659480  883916   394080   0.6239447591362984
7370.74  1652440  880826   388672   0.6233538269233796
7373.89  1642060  876086   384965   0.6226397195152511
7377.06  1624050  868435   384453   0.6208599453013266
7380.25  1549000  835983   383394   0.6135823552476269
7383.45  1625840  868813   384669   0.6213854430363762
7386.68  1654650  883105   390593   0.6223701186037498
7389.92  1668090  892648   395387   0.620273767886223
7393.19  1684830  903507   397382   0.6186129718916772
7396.47  1700720  919756   406789   0.6119594983320348
7399.77  1701880  925064   409099   0.6079594081787275
7403.09  1649830  904312   405025   0.6013570000774268
7406.43  1723440  945164   415192   0.6009359246963252
7409.79  1754440  964622   419915   0.5989247645067355
7413.17  1757020  968385   419518   0.5970133463889223
7416.57  1747140  964929   415229   0.5953859121119732
7419.98  1713810  948875   405843   0.5934273338227802
7423.42  1598430  895429   389748   0.5841831468612282
7426.87  1694060  938939   386468   0.5925880027304886
7430.35  1708960  948311   383250   0.5916614415403878
7433.84  1716400  958975   385273   0.586268960305378
7437.35  1730940  974524   389699   0.5802376072147544
7440.88  1746670  990234   394857   0.5747605886049784
7444.43  1777400  1017070  405719   0.5674274560225607
7448     1807090  1042200  415483   0.5612438145508775
7451.59  1816380  1051610  416020   0.5581993823681354
7455.2   1815690  1053950  413592   0.5561470571804235
7458.82  1802470  1045730  405304   0.5565588336136358
7462.47  1779270  1029810  392850   0.5584404143674981
7466.13  1762420  1019290  383894   0.5590339681982958
7469.82  1759550  1019670  381861   0.5574548769775503
7473.52  1759160  1021210  380515   0.5560900237055381
7477.24  1758560  1024370  381224   0.5533847071322258
7480.98  1747940  1018810  375925   0.5528998784947066
7484.74  1728720  1006800  367041   0.5535319803781388
7488.52  1711450  996415   359507   0.5537907372072438
7492.31  1685820  979786   348171   0.5551634441388988
7496.13  1665080  967604   339487   0.5552678062695582
7499.97  1655960  964461   334438   0.5535024237152499
7503.82  1662000  973178   334859   0.5492782746422769
7507.7   1667930  982126   335202   0.5448694840924004
7511.59  1675700  992739   336539   0.5400588740671722
7515.5   1677440  998406   335578   0.5363886298943547
7519.43  1674320  1000010  333186   0.5336547203170673
7523.38  1675680  1005060  332481   0.5303228325550687
7527.35  1681980  1014130  333841   0.5261977027909138
7531.34  1679770  1016690  331629   0.523172846457434
7535.35  1673560  1016790  327881   0.5201746458568769
7539.37  1670100  1017400  324220   0.518069723689467
7543.42  1682580  1030410  328349   0.5139206533285863
7547.48  1697830  1046470  334443   0.5088398439290812
7551.56  1715700  1064750  340665   0.5034404104829059
7555.67  1731010  1078650  342336   0.5002181037348697
7559.79  1727120  1081140  340522   0.4966257939851721
7563.93  1714480  1076160  334027   0.4944741681063377
7568.09  1697320  1068300  326664   0.4923224017377896
7572.27  1693520  1070350  325346   0.48904324445126796
7576.46  1694360  1076600  326701   0.4848431222049901
7580.68  1712270  1093360  331934   0.4809534030401608
7584.92  1728200  1110600  338973   0.47591889887712585
7589.17  1729560  1116690  340235   0.47222695216346006
7593.45  1723490  1117420  338357   0.4689392714488892
7597.74  1720650  1121060  337193   0.46507425085805415
7602.05  1718740  1125710  336257   0.4609343746526863
7606.38  1711100  1126190  333360   0.45708516915823405
7610.73  1702090  1125240  330602   0.45358743083923503
7615.1   1682710  1115180  323359   0.45163906640605345
7619.49  1679900  1119230  323878   0.44746252264235015
7623.9   1681790  1126090  324370   0.44353072400222954
7628.32  1675240  1126890  321728   0.43989355973033845
7632.77  1672310  1130870  320895   0.43573301325504415
7637.23  1673670  1138240  321875   0.43125161144986773
7641.72  1674820  1145220  323132   0.4269723751611104
7646.22  1666560  1145420  321410   0.422935992871136
7650.74  1650940  1138450  316819   0.4203234228187354
7655.28  1643700  1138850  315609   0.4165806840363333
7659.84  1639440  1141480  314698   0.4127153679685274
7664.42  1636250  1144670  314200   0.4089788713503894
7669.02  1635950  1150690  314207   0.4046980045223362
7673.63  1645450  1164560  317140   0.3998157817321882
7678.27  1661540  1183330  322166   0.3948808507576442
7682.92  1672400  1198520  325736   0.38996015914286686
7687.6   1669180  1202520  324868   0.38581304269813094
7692.29  1659300  1201300  322335   0.38193207596927575
7697     1657270  1206640  322677   0.3774692492149868
7701.74  1664610  1219660  326004   0.3724908546967904
7706.49  1682790  1241480  332215   0.36707361751340467
7711.25  1680840  1246950  332137   0.3626925443460354
7716.04  1682250  1256430  333654   0.35738139525815066
7720.85  1686870  1267940  336398   0.35235307715323205
7725.68  1693200  1281260  340073   0.34706585154070496
7730.52  1685940  1282940  339148   0.3426441731271538
7735.39  1672120  1278570  335583   0.33884417059586774
7740.27  1693380  1305430  343087   0.3324127262606364
7745.17  1710560  1328370  349491   0.326635867042663
7750.1   1707160  1333500  348990   0.3220274894010261
7755.04  1702630  1338300  348426   0.317098898935111
7760     1690650  1335850  345168   0.3129757858536136
7764.97  1643970  1303260  331828   0.3103735133359076
7769.97  1579140  1254470  314263   0.30873488690633344
7774.99  1532340  1221570  302341   0.30596850493697786
7780.03  1505470  1205800  295939   0.30226452387538155
7785.08  1504160  1211610  296287   0.29778761712961893
7790.16  1504260  1219330  297498   0.2928315455331715
7795.25  1498680  1223050  298503   0.2874988753419496
7800.36  1494400  1227990  299953   0.2820650286540341
7805.49  1497390  1237010  299135   0.2778701558159459
7810.64  1506220  1254730  305227   0.27129073831986106
7815.81  1521510  1276510  310042   0.26568463920647223
7821     1522140  1285850  311204   0.2602623603113845
7826.21  1517000  1289510  310463   0.2553537059756908
7831.43  1514070  1295600  310807   0.25011381360287827
7836.68  1514650  1305280  312221   0.24454607861974706
7841.95  1522880  1320270  314031   0.23981490296296348
7847.23  1532680  1339780  320336   0.23330568426729395
7852.53  1534110  1350430  323071   0.22779756503529475
7857.85  1528270  1353700  322988   0.22288284392739888
7863.19  1537370  1370920  325049   0.2175966182060731
7868.55  1518000  1360760  321024   0.21346394813877254
7873.93  1502910  1355080  318541   0.20888434719100135
7879.33  1492690  1354160  317607   0.20403929147471464
7884.75  1464010  1335250  311441   0.19983012009046777
7890.19  1435800  1316430  305480   0.19568069889231554
7895.64  1412480  1301180  299120   0.19195620675533542
7901.11  1402100  1300710  300092   0.1864247711429899
7906.61  1410020  1317010  303451   0.18104605166650864
7912.12  1414440  1330120  306010   0.1757033116147323
7917.65  1413760  1338430  307510   0.17041289294745662
7923.2   1404770  1338150  307282   0.16554749154618767
7928.77  1406980  1349840  310914   0.15992821648904473
7934.36  1413220  1367410  313173   0.1532198516030175
7939.97  1420290  1379620  313010   0.15014497725415274
7945.6   1400870  1368950  308814   0.14541085758595776
7951.24  1382950  1360080  305064   0.14038454252239507
7956.91  1384670  1370700  306502   0.13523125492284147
7962.59  1384510  1378620  307349   0.130596910791259
7968.29  1370230  1372210  304655   0.1260964168474844
7974.02  1343230  1352260  297137   0.12195165779703539
7979.76  1322070  1336340  287447   0.11876925101590591
7985.52  1321530  1350170  300423   0.11032814156781282
7991.3   1323740  1359440  300550   0.10625017579892294
7997.09  1306540  1350320  296836   0.10124489883519529
8002.91  1291190  1342880  293937   0.09628242885616743
8008.75  1282010  1340870  292259   0.09183717075020631
8014.6   1282510  1348780  292358   0.08750650883546252
8020.48  1283810  1355350  287891   0.08447362701549312
8026.37  1277730  1363520  298601   0.07599111010930322
8032.28  1253380  1346160  294088   0.0709225322601054
8038.22  1226010  1323990  289040   0.0666069860957355
8044.17  1250890  1361360  294625   0.06050041256525044
8050.14  1252770  1371170  296449   0.05602268360891464
8056.12  1262340  1391580  300596   0.05037239334952973
8062.13  1263550  1402420  302789   0.0450090706339557
8068.16  1257110  1404780  302502   0.03965384660171929
8074.21  1247730  1403440  302291   0.03450047799053252
8080.27  1242020  1406780  302979   0.02900908755003733
8086.35  1226120  1399290  302160   0.023058693029411662
8092.46  1201240  1379790  299319   0.01795933274063926
8098.58  1197210  1385650  300436   0.011967458528109681
8104.72  1199310  1398290  302716   0.006188778821412794
8112.14  1186190  1393890  301544   0
