# XDI/1.0 
# Spectrum.license:CC BY 4.0
# Publication.authors: Puri A.
# Publication.affiliation: CNR-IOM; ESRF
# Sample.reference:Fe foil
# Facility.name:ESRF
# Sample.temperature:300 K
# Sample.prep:powder, liquids
# Sample.formula:α-FeO(OH)
# Sample.name:Goethite
# Scan.number:alt
# Sample.id:vey9dz
# Scan.start_time:2007-12-08
# Element.symbol:Fe
# Facility.energy:6.03 GeV
# Facility.xray_source:Bending magnet (0.85 T)
# Beamline.name:BM08-GILDA
# Beamline.energy_range:4.9 - 32.0
# Beamline.scan_mode:Transmission
# Beamline.flux:1e10-1e11 ph/s
# Beamline.spot_size:1 mm x 2 mm
# Beamline.website:https://www.esrf.fr/UsersAndScience/Experiments/CRG/BM08
# Beamline.detector:Ionization chamber
# Mono.name:Si(111), Si(311)
# Element.edge:K
# Column.1:Energy
# Column.2:Mutrans
# Column.3:Murefer
# Energy   Mutrans                Murefer
6999.9332  0.03178648630405433    -0.56424984
7010.0241  0.02813592704230397    -0.571363
7020.1245  0.02434817436994965    -0.57840865
7030.2357  0.020742354784105563   -0.58578611
7040.4258  0.01715716997953115    -0.59285677
7050.6469  0.0137492707882082     -0.59975548
7060.8625  0.01038648307065218    -0.60665153
7071.0972  0.00705399687874446    -0.61326882
7081.3994  0.0038364581921082105  -0.61960954
7091.7123  0.0012299073232485574  -0.62467503
7102.0485  0                      -0.62575031
7107.0561  0.0006065882097581688  -0.61766425
7107.2702  0.0007040612155758298  -0.61662708
7107.4844  0.000772657920877945   -0.61569019
7107.6986  0.000867528341670588   -0.61465045
7107.9128  0.0009552106704894567  -0.61311945
7108.127   0.0010369442335368359  -0.61190559
7108.3439  0.0011263616190390956  -0.61019771
7108.5555  0.001305196390043478   -0.60792665
7108.8106  0.0014317315953071516  -0.60553631
7109.0289  0.0016049274320906841  -0.60204696
7109.205   0.0017947922062964187  -0.59930821
7109.4126  0.0019481588238417446  -0.59569071
7109.6617  0.002157233154184406   -0.59051455
7109.8412  0.00239605131338424    -0.58508082
7110.0422  0.002698261007836291   -0.57822461
7110.227   0.002965831534931498   -0.57239224
7110.4407  0.003371648899903028   -0.56191813
7110.6558  0.00377920132155795    -0.54879456
7110.8702  0.004331507043651534   -0.53192344
7111.0846  0.004910830076957237   -0.51240822
7111.2963  0.005608013032109795   -0.4922874
7111.5134  0.006568552805269599   -0.46582543
7111.7707  0.007985536418768407   -0.43455587
7112.0281  0.009694567251859677   -0.4054024
7112.2426  0.012040735685597898   -0.37905663
7112.4571  0.01476824479181053    -0.35752371
7112.7145  0.01828539058787395    -0.33713165
7112.933   0.022266044383629835   -0.31823579
7113.1435  0.025571761129565922   -0.30275211
7113.3614  0.02817099997383163    -0.28821612
7113.5773  0.03012516952975488    -0.27441564
7113.7872  0.031997419623700424   -0.26096532
7114.0018  0.03410910753994722    -0.24757424
7114.2164  0.03607529856003362    -0.23493875
7114.431   0.03709799054224322    -0.22366265
7114.6456  0.03649276559130765    -0.21403853
7114.8878  0.034522856592613976   -0.20590372
7115.0749  0.032672294707210205   -0.20000065
7115.2896  0.031274706548778654   -0.19569824
7115.5049  0.030340626390039843   -0.19133205
7115.7189  0.030171272464483753   -0.18835751
7115.937   0.03033442975902787    -0.18495738
7116.1786  0.03078399533894374    -0.1819038
7116.3631  0.0312260010290249     -0.17860048
7116.5778  0.031808050579975794   -0.17422031
7116.7926  0.03264230301311241    -0.1680334
7117.0067  0.03332963332495602    -0.16225995
7117.2222  0.034293085514691485   -0.15195666
7117.443   0.03526254843650845    -0.14086689
7117.6518  0.036274024516586366   -0.12802931
7117.8673  0.037398713045252226   -0.11102239
7118.0815  0.03844823643974348    -0.095534664
7118.3393  0.0397859031762896     -0.07656649
7118.575   0.04130903507902275    -0.056975456
7118.7979  0.04289593031486877    -0.039741918
7118.9839  0.044459402285489766   -0.024317465
7119.2009  0.04701830106186763    -0.0024045039
7119.4138  0.04976427612849587    0.016945587
7119.6287  0.05221052015307677    0.032196106
7119.8531  0.05660888884534716    0.055783787
7120.0586  0.060888592053738956   0.076207064
7120.2736  0.06630209283838438    0.098322731
7120.4886  0.07144269399326411    0.11673922
7120.7412  0.079095595259312      0.14090828
7120.9186  0.08670883808688361    0.16199124
7121.1337  0.09704853659339575    0.18569198
7121.3487  0.10588586191106461    0.20352197
7121.5638  0.11773555546256478    0.22398463
7121.7829  0.13174655955145512    0.24441068
7121.9939  0.14553961573439372    0.26159559
7122.209   0.16100194516585103    0.27825882
7122.4672  0.18062598775460198    0.29688867
7122.6823  0.20358675503087273    0.31559117
7122.8974  0.2242362780857885     0.33172428
7123.1126  0.24416559150471132    0.34557187
7123.3278  0.26922665728942885    0.36246055
7123.5524  0.290348896537721      0.37569998
7123.7582  0.3115508430507196     0.3889373
7123.9868  0.3304060014668789     0.40009913
7124.1886  0.34993248429697793    0.41086935
7124.4045  0.3687658863416542     0.42076339
7124.6332  0.3890380717477293     0.43088231
7125.308   0.45532495805361045    0.46097519
7125.8248  0.5203816395979544     0.4864942
7126.3416  0.5846305469134757     0.51146879
7126.9346  0.6519218141569261     0.53947899
7127.4617  0.7184284912468218     0.5698249
7127.9788  0.780835603050832      0.60300596
7128.5269  0.84109482745955       0.63859172
7129.0132  0.8939124067663419     0.67390531
7129.5359  0.9390767130092251     0.7092703
7130.0911  0.9728548275036699     0.74302494
7130.6517  0.9914217434316781     0.76520811
7131.205   0.9997678122359828     0.77479193
7131.6963  1                      0.7649566
7132.2046  0.9963221817584282     0.74248246
7132.7656  0.9916563664716829     0.71276872
7133.3266  0.9858553531700753     0.68406067
7133.8453  0.977625359657886      0.65779699
7134.4038  0.9655813893308999     0.63528993
7134.9672  0.9496536433373982     0.6145406
7135.5246  0.9349865027771782     0.59988653
7136.0725  0.9224422970184917     0.59120023
7136.6085  0.9120299492099955     0.58562823
7137.1702  0.9004769875311328     0.58390618
7137.732   0.8893584716525169     0.58600298
7138.2938  0.875940702033554      0.59044143
7138.8126  0.8613505979900744     0.59781448
7139.3314  0.8459575468933306     0.60517453
7139.8503  0.8303032768162786     0.61274026
7140.3699  0.8145106359687302     0.61898124
7140.9315  0.7998146680613796     0.622541
7141.4939  0.7874398199462278     0.6227267
7142.0835  0.7767654054583012     0.62065939
7142.619   0.7674843895865789     0.61659763
7143.1776  0.759399201426529      0.61269489
7143.7011  0.7526221022438788     0.60807882
7144.264   0.7473274404487803     0.60615527
7144.8283  0.7429499340161042     0.60541734
7145.4333  0.7391155156309924     0.60726733
7145.9964  0.7355482001751998     0.61174999
7146.5596  0.7316513235294327     0.61913969
7147.1229  0.7267658029721806     0.62842052
7147.6443  0.7209325647106586     0.63887725
7148.2065  0.713403882349202      0.6495192
7148.7362  0.702812830518616      0.66065224
7149.2904  0.6898441654502215     0.66956715
7149.8108  0.6759068225731594     0.67587621
7150.3746  0.6632849420447382     0.68062128
7150.9711  0.6504765862992749     0.68328345
7151.5026  0.6388344365102575     0.68603363
7152.0667  0.6272944381834719     0.68804023
7152.6215  0.6185465116614121     0.68947448
7153.1532  0.6110999767979546     0.69021489
7153.7136  0.604550230767806      0.68983739
7154.2808  0.5983852955234986     0.68878024
7154.8019  0.5930153384649741     0.68643703
7155.3666  0.5874851737082672     0.68356286
7155.9314  0.5823626047496322     0.67990455
7156.4962  0.5772258888823969     0.67622288
7157.0612  0.5722369316816411     0.67277321
7157.6208  0.5674812776384848     0.67014511
7158.1873  0.5632766961878506     0.66794086
7158.7566  0.5602311202084264     0.66696962
7159.3192  0.5583148740342961     0.66637936
7180.0856  0.7094169619005039     0.53416493
7200.4468  0.6799686478975299     0.5821868
7220.8401  0.6249284901035435     0.75507476
7241.2997  0.6238807823219387     0.44130301
7261.855   0.6223586666666915     0.47831183
7282.5237  0.6246978948736963     0.57155698
7303.2966  0.5886834162470448     0.43352208
7324.2258  0.5747796200712919     0.39437119
7345.22    0.5721769482934457     0.38461339
7366.4289  0.5503401197534883     0.47113564
7387.8598  0.5434477743879521     0.30802853
7409.2812  0.5336229539522215     0.31141027
7430.9231  0.5152068764163058     0.28330968
7452.7298  0.502043552859955      0.31348729
7474.5613  0.49259236448771987    0.2660191
7496.5079  0.48294479868208556    0.2092188
