# XDI/1.0 
# Spectrum.license:CC BY 4.0
# Publication.authors: Peter Blanchard, Miranda Vu, Joel Reid, Erika Bergen, Jeff Warner
# Publication.affiliation: Canadian Light Source
# Facility.name:CLS
# Sample.temperature:r.t
# Sample.prep:powder, 500 um
# Sample.formula:FeC2O4
# Publication.DOI: https://doi.org/10.20383/103.01329
# Sample.name:Iron (II) Oxalate
# Scan.number:4
# Sample.id:ng95ys
# Scan.start_time:2023-06-4
# Element.symbol:Fe
# Facility.energy:2.90 GeV
# Facility.xray_source:Bending magnet
# Beamline.name:IDEAS
# Beamline.scan_mode:Transmission
# Beamline.website:https://ideas.lightsource.ca/
# Beamline.detector:Ionization chamber
# Beamline.energy_range:1.8 - 13.0
# Beamline.flux:5E10-7E11 ph/s
# Mono.name:InSb(111), Ge(220)
# Element.edge:K
# Column.1:Energy
# Column.2:I0
# Column.3:Itrans
# Column.4:Irefer
# Column.5:Mutrans
# Energy  I0        Itrans    Irefer    Mutrans                
6912      630407    537071    750618    0.7436658680283141     
6922      631964    546105    767749    0.7326833211270884     
6932      640429    562778    801566    0.7197274632219195     
6942      646628    576910    830994    0.7080078397947239     
6952      650905    589239    855635    0.6967634511070013     
6962      654014    600540    875797    0.685766883998301      
6972      656721    611570    898894    0.6748959980157052     
6982      660369    624470    924132    0.6630479355216204     
6992      663876    635661    942442    0.6534165004357378     
7002      663327    642469    948743    0.6445461455720992     
7012      669476    658328    984755    0.6328347525547051     
7022      675266    673611    1022410   0.6217564283425703     
7032      680559    689659    1063050   0.6095975469545428     
7042      682582    702584    1087600   0.5975445956924393     
7052      681034    709069    1092710   0.5886913612762341     
7062      677325    712524    1086780   0.5807162726792208     
7072      678757    723334    1108810   0.570713951928952      
7082      685500    741433    1149930   0.5592568212557542     
7082.5    686086    742882    1153490   0.5584085075518719     
7083      686360    743748    1155400   0.5578168417821934     
7083.5    686395    744249    1156560   0.5573359489681938     
7084      686685    745203    1158050   0.5566725536720885     
7084.5    686677    745585    1158650   0.5562675852429371     
7085      686831    746280    1160130   0.5557209553458575     
7085.5    686990    746954    1161290   0.555202302210001      
7086      687118    747714    1162600   0.5545605059237649     
7086.5    687161    748259    1163930   0.5540458882769441     
7087      687518    749193    1165890   0.5534833556936245     
7087.5    687706    749799    1167660   0.5530698862276109     
7088      687855    750446    1168650   0.5525708432874874     
7088.5    688111    751269    1170430   0.5520114634697261     
7089      688468    752262    1172610   0.5513916350570454     
7089.5    688659    752968    1174110   0.5508811672514853     
7090      689069    754130    1176800   0.5501495829465838     
7090.5    689242    755024    1178720   0.5494281326149704     
7091      689464    755672    1180210   0.5490141158883091     
7091.5    689722    756381    1181920   0.5485786021923207     
7092      689996    757388    1183950   0.5478575122537622     
7092.5    690366    758366    1186040   0.5472746611515544     
7093      690549    759013    1187200   0.5468205416972315     
7093.5    690850    759841    1189370   0.5463148394930467     
7094      691271    760874    1191400   0.5457358460069739     
7094.5    691657    761998    1193970   0.5450266154066473     
7095      692036    762935    1195920   0.5445003673484392     
7095.5    694089    766317    1202060   0.5433716316042805     
7096      694647    767668    1204460   0.5426315764968036     
7096.5    695156    768944    1207040   0.5419143131089295     
7097      695518    769824    1209300   0.5414328290094996     
7097.5    695770    770519    1210510   0.5410154894788075     
7098      696043    771374    1212070   0.5404617079828979     
7098.5    696307    772332    1213040   0.5397957212756486     
7099      696370    772889    1213490   0.5393085985011997     
7099.5    696564    773543    1214330   0.5388702992943792     
7100      696689    774105    1215000   0.538447794638416      
7100.5    696722    774578    1215080   0.5380124264430484     
7101      696694    774951    1215030   0.5376093937057682     
7101.5    696899    775627    1215540   0.5371630125101158     
7102      697138    776207    1216280   0.5368503888014933     
7102.5    697451    777094    1217040   0.5363147847615218     
7103      697562    777641    1217430   0.5358940638124863     
7103.5    697710    777811    1216940   0.5358890872171725     
7104      697720    778022    1216260   0.5356905903361349     
7104.5    697782    778270    1215130   0.5355129978128658     
7105      697930    778682    1214210   0.535267944117288      
7105.5    697780    778444    1212140   0.535338059574434      
7106      697845    779150    1210890   0.5347096049603413     
7106.5    697882    779570    1209380   0.5343341873129922     
7107      697813    779875    1206620   0.5339555589161805     
7107.5    697694    779784    1202720   0.5339139478607939     
7108      697534    779801    1197540   0.5337198944535033     
7108.5    697476    779796    1191830   0.5336606002382719     
7109      697396    779709    1183760   0.5336581803057614     
7109.5    697230    779099    1172380   0.5340789584852188     
7110      697200    778978    1154830   0.53416572010235       
7110.5    697179    778504    1129740   0.5346127382900479     
7111      697205    777887    1088740   0.5352541534539426     
7111.5    697300    776953    1036450   0.5362876923320812     
7112      697414    775916    963051    0.5374459426608803     
7112.5    697510    775930    902180    0.5375383504362913     
7113      697809    776556    855291    0.5372463880385865     
7113.5    698022    776658    823573    0.5373807158811275     
7114      698170    776716    795528    0.537486822843261      
7114.5    698316    776979    772548    0.537386802445083      
7115      698419    776434    750455    0.5380429096638987     
7115.5    698706    776022    737253    0.5387704466020178     
7116      698725    774498    726461    0.5403103218687179     
7116.5    698949    772643    718923    0.5424107680909132     
7117      699022    769126    710323    0.5460165105569399     
7117.5    699254    764824    699074    0.5506067324206585     
7118      699236    757894    681494    0.5576196409844725     
7118.5    699554    749090    661188    0.5669988679517186     
7119      699674    734849    635625    0.581961668666261      
7119.5    699570    717792    612101    0.5999925961944358     
7120      699758    695107    585758    0.6250130417948423     
7120.5    699958    672807    563529    0.6504277744969605     
7121      700018    647447    542136    0.6801803370568316     
7121.5    700216    622762    524185    0.7104335997587204     
7122      700278    598738    508919    0.7408982072431475     
7122.5    700256    574881    495024    0.7722905871133183     
7123      700408    556759    485601    0.797206638905582      
7123.5    700538    538422    477228    0.8232258685268807     
7124      700539    521181    470701    0.8483729766954139     
7124.5    700507    502426    464638    0.8766544593613684     
7125      700730    483062    459458    0.9072680248307343     
7125.5    700612    461525    453855    0.9423774177415677     
7126      700583    445578    450051    0.9695147407909637     
7126.5    700421    433667    446513    0.990271216215177      
7127      700428    428245    444125    1                      
7127.5    700505    431321    443204    0.9945549954501701     
7128      700427    439909    442457    0.9792359844831005     
7128.5    700348    450232    441515    0.9612271839676952     
7129      700413    460892    441109    0.9432183701321437     
7129.5    700369    471656    440453    0.9253323639305921     
7130      700372    477775    439816    0.9153762441458421     
7130.5    700472    485792    439237    0.9026292082631611     
7131      700306    492557    438789    0.8917606445265972     
7131.5    700450    499329    438690    0.881368996249419      
7132      700269    506561    439182    0.8700589880865436     
7132.5    700356    513248    440590    0.8600221594800598     
7133      700317    521213    442271    0.8480806484522753     
7133.5    700408    528218    444153    0.8378659725561204     
7134      700677    535489    445944    0.8275995868197012     
7134.5    700764    540851    443621    0.8199972616431098     
7135      700986    546366    444099    0.812403288837178      
7135.5    701039    553882    451279    0.8019053412781056     
7136      701041    558893    454633    0.7949487932943871     
7136.5    701190    562608    456386    0.7899941482791815     
7137      701192    564915    457275    0.7868345535960983     
7137.5    701334    565926    456856    0.7856094758164354     
7138      701586    567332    457915    0.7839698467663895     
7138.5    701470    567852    458078    0.7831342250632147     
7139      701671    568811    457962    0.7820518264314987     
7139.5    701883    569450    457563    0.781417733798534      
7140      701788    569922    456855    0.7806729896978746     
7140.5    701683    570822    455919    0.7793382048904138     
7141      701715    571402    455683    0.7785887684117905     
7141.5    701766    571922    455046    0.7779420995116234     
7142      702066    572214    455122    0.7778779487028822     
7142.5    702039    572449    454902    0.7775309837206231     
7143      702121    572694    454934    0.77729061435301       
7143.5    702082    572835    455370    0.7770574896046524     
7144      702207    573257    455719    0.7766260512966704     
7144.5    702273    574105    455847    0.775556561348933      
7145      702328    576093    456398    0.7729461829660638     
7145.5    702394    577942    456490    0.7705429070829946     
7146      702355    580834    456331    0.7666433473916877     
7146.5    702307    584435    456336    0.7618151422009865     
7147      702546    588556    456513    0.7566490188645658     
7147.5    703984    594116    457530    0.7509640655570137     
7148      704509    599273    457631    0.7448623216622849     
7148.5    704567    603037    457128    0.740088150259438      
7149      704632    606466    456247    0.7357784293335061     
7149.5    704682    608515    453662    0.7332271944746764     
7150      704770    611582    454885    0.7294392062944429     
7150.5    704954    614005    455850    0.7265858308248369     
7151      704969    615954    455610    0.7241535857778255     
7151.5    705218    617411    456205    0.7226009518049993     
7152      705195    617841    456039    0.7220378240549064     
7152.5    705344    618271    456500    0.7216635048476088     
7153      705496    618388    456527    0.7216837906825244     
7153.5    705555    618076    456337    0.7221383318926801     
7154      705664    617198    455715    0.7233560425662209     
7154.5    705728    614948    451112    0.7262479534108729     
7155      705764    613777    450250    0.7277600641575656     
7155.5    705938    614877    455697    0.7265670447633076     
7156      705919    614517    456600    0.7269987534436686     
7156.5    705984    613836    457115    0.7279266074445196     
7157      706031    613161    457403    0.7288281470938478     
7157.5    706016    612362    457666    0.7298192124032399     
7158      706180    611843    458189    0.7306537950425375     
7158.5    706010    610585    457956    0.7320580346215052     
7159      706299    609974    458371    0.7331478072302243     
7159.5    706179    608694    458022    0.7346395892603497     
7160      706303    607552    458209    0.7362262112987873     
7160.5    706402    606897    458443    0.7371679412916315     
7161      706387    605313    458406    0.7391707791748623     
7161.5    706495    603669    458318    0.741390227773657      
7162      706529    602398    458478    0.7430559026305757     
7163.39   710677    600140    461068    0.7504804140170965     
7164.8    714838    596680    463470    0.7594585097822943     
7166.23   719409    593582    466166    0.7684055254645373     
7167.67   723895    590115    468489    0.7777346625141931     
7169.14   728672    587853    470840    0.7857839972219568     
7170.63   733419    584190    465172    0.7956306995648376     
7172.13   739162    588297    477317    0.7962444134762395     
7173.65   745453    593735    488092    0.7956833213047936     
7175.2    751536    599738    492731    0.7941899664913594     
7176.76   757563    610709    506747    0.7863552481470979     
7178.34   763154    620238    514849    0.7800739682074598     
7179.94   768906    630221    522966    0.7735386092483316     
7181.56   774395    639545    529252    0.7676872875310637     
7183.19   779739    648066    534239    0.7627744949350318     
7184.85   785055    655726    538061    0.7589452964135378     
7186.53   790165    663017    540654    0.7554146012102438     
7188.22   795335    670502    541945    0.751779735491821      
7189.93   800717    678789    543248    0.7474996733287191     
7191.67   806496    687187    545245    0.7435554906559051     
7193.42   812030    695660    547276    0.7393706505143112     
7195.19   817480    704080    550285    0.735243323281534      
7196.98   822479    712418    555275    0.7308575296303126     
7198.79   824691    718271    561145    0.7266108294774865     
7200.62   835458    731853    568665    0.7221592733009455     
7202.46   841515    740237    576462    0.7189396745453326     
7204.33   847686    748144    585067    0.7163755494042086     
7206.22   853784    756002    594068    0.713840803053399      
7208.12   859510    763371    601130    0.7115105716553052     
7210.04   865459    770916    605273    0.7092407465862389     
7211.99   871459    777994    603962    0.707517296572843      
7213.95   877520    785780    602585    0.7051784042142472     
7215.93   883665    792767    598708    0.7037302943200001     
7217.93   890033    798333    594362    0.7038725101669226     
7219.95   896279    804807    597331    0.7030353576235522     
7221.98   902829    810354    600188    0.7033542494660561     
7224.04   909387    815359    606053    0.7041889108995167     
7226.12   916025    820269    614382    0.705169464345863      
7228.21   922476    825121    624340    0.7060348260147166     
7230.33   929281    830231    635327    0.7069433640238914     
7232.46   936051    835741    646819    0.7074409584114911     
7234.61   942872    842150    658525    0.7071482680002985     
7236.78   949880    849567    668754    0.7060947338812275     
7238.97   956893    856934    676495    0.7051071526719476     
7241.18   963684    863973    681288    0.7042504774827809     
7243.41   970371    871628    684220    0.7027776749734562     
7245.66   977597    880732    686507    0.7004816714753554     
7247.92   984704    889448    686761    0.6984696224613123     
7250.21   991848    899697    691599    0.6952027042356285     
7252.51   999402    910380    697175    0.6919445853994328     
7254.84   1007100   921413    704134    0.688565663409361      
7257.18   1014520   932025    711015    0.6853896213644933     
7259.54   1022260   943030    717257    0.6821922601404273     
7261.92   1030010   953679    721343    0.6793517043085077     
7264.32   1037390   963706    725175    0.6767867467753487     
7266.74   1045190   974190    729214    0.6742143374822482     
7269.18   1052480   984427    732527    0.67150791356038       
7271.64   1059630   995178    737243    0.6683467321403581     
7274.11   1061700   998831    734451    0.6670236713611282     
7276.61   1076180   1015360   733510    0.664808818380685      
7279.12   1084480   1029270   746542    0.6602318800272193     
7281.66   1094140   1042540   753014    0.6571859699015499     
7284.21   1102880   1054480   757143    0.6545346782513572     
7286.78   1110760   1065450   760162    0.6520390537666877     
7289.37   1118960   1077560   764484    0.6489895964389266     
7291.98   1127340   1089750   770358    0.6460628901808397     
7294.61   1135700   1102660   780974    0.6426718910389997     
7297.25   1144170   1113870   788324    0.6405975541193141     
7299.92   1152830   1127960   805493    0.636711177613841      
7302.61   1161360   1139740   817232    0.6343796894112622     
7305.31   1169970   1150960   827522    0.6325177362414931     
7308.04   1178140   1161680   837167    0.6307313441051887     
7310.78   1185260   1170710   843594    0.6294039874796956     
7313.54   1190300   1177720   849564    0.628069820560798      
7316.32   1174460   1159850   849385    0.62953226523049       
7319.12   1197960   1191010   858166    0.6243560233714699     
7321.94   1222930   1221570   869575    0.6207201594995181     
7324.78   1234120   1234990   875614    0.6193159426037473     
7327.63   1242360   1246410   882248    0.6173457569817575     
7330.51   1250980   1258000   888686    0.6155367639586085     
7333.41   1259720   1270260   895013    0.6134226337079075     
7336.32   1268980   1284010   905021    0.6107628446484314     
7339.25   1278800   1298330   914128    0.6081496582330852     
7342.21   1288820   1312770   920430    0.6056341864863866     
7345.18   1297820   1324850   921813    0.6039336093099025     
7348.17   1306870   1336970   921043    0.602266558514357      
7351.18   1315820   1350060   920625    0.6000118988085803     
7354.21   1324540   1363250   919816    0.5976032977224643     
7357.25   1334000   1377690   920915    0.5949609123564364     
7360.32   1342890   1391380   921425    0.5924530405065533     
7363.41   1352150   1404800   922112    0.5903460514105531     
7366.51   1362000   1419870   926024    0.5877097126966438     
7369.64   1370940   1433750   930750    0.5852483335157735     
7372.78   1379320   1449150   940510    0.5817020360082371     
7375.94   1380260   1451700   946732    0.580870016176661      
7379.12   1300170   1354320   924099    0.5883329705009862     
7382.32   1403580   1490460   982599    0.5734562429825306     
7385.54   1421570   1514540   1002580   0.5709133161648516     
7388.78   1431350   1529160   1014450   0.5687880392644776     
7392.04   1439810   1543390   1019930   0.5661845067667924     
7395.31   1445590   1551590   1017090   0.5651858339980477     
7398.61   1448520   1556420   1014810   0.5643488266485234     
7401.92   1451290   1563030   1016730   0.5625505187095658     
7405.26   1389640   1486360   989092    0.567872492844256      
7408.61   1483360   1614590   1032280   0.5543621237069688     
7411.98   1502050   1641470   1044350   0.5512792057280602     
7415.37   1514810   1662800   1052620   0.5478397115002902     
7418.78   1526710   1683340   1060500   0.5443999529652489     
7422.21   1537680   1700920   1068830   0.5419045546217496     
7425.66   1549630   1720690   1080140   0.5389571468137317     
7429.12   1561020   1738750   1089800   0.5365481631970188     
7432.61   1572080   1757200   1097790   0.5338477298151976     
7436.11   1583660   1776000   1101750   0.531295697646376      
7439.64   1593440   1791800   1105470   0.5292091790752634     
7443.18   1603120   1806600   1104060   0.527533001233959      
7446.74   1613720   1820770   1092160   0.5265884238258581     
7450.33   1626170   1845280   1102550   0.522195107648655      
7453.93   1638150   1867210   1107760   0.5187380424295699     
7457.54   1653830   1892520   1116010   0.5156956020520949     
7461.18   1665980   1915050   1122760   0.5122073080209303     
7464.84   1677990   1936490   1129680   0.5091551847737387     
7468.52   1689720   1957560   1138400   0.506176197868846      
7472.21   1701380   1978430   1148660   0.5032958070990013     
7475.93   1714080   2002290   1160380   0.4997793974739605     
7479.66   1727150   2026620   1173680   0.49631662511553054    
7483.41   1740550   2051740   1182500   0.4927699189969591     
7487.19   1754160   2078620   1199490   0.48873125673675805    
7490.98   1765920   2100360   1210100   0.4858548018000499     
7494.79   1777180   2119800   1217440   0.4836473875478263     
7498.61   1788850   2140880   1223090   0.48105894277281946    
7502.46   1802100   2165500   1227460   0.4779261461748651     
7506.33   1815350   2190460   1231230   0.47473151864997265    
7510.22   1828940   2217910   1234910   0.47087178426459536    
7514.12   1842660   2245550   1240340   0.467076884931327      
7518.05   1856480   2273810   1248640   0.46318713265312533    
7521.99   1868750   2296940   1251600   0.4604570389922833     
7525.95   1882270   2323130   1257220   0.4572668741447171     
7529.93   1895080   2347520   1259100   0.4544378417937492     
7533.93   1908450   2372230   1260850   0.4517794329676785     
7537.95   1919180   2389560   1255180   0.45048741927926045    
7541.99   1929610   2408470   1254410   0.4485847407661483     
7546.05   1941200   2429980   1254620   0.4463418168214513     
7550.12   1955010   2456160   1255930   0.44353930233833017    
7554.22   1969780   2487090   1265010   0.4396856111207851     
7558.34   1985270   2519490   1268920   0.43573731743703664    
7562.47   1999870   2549590   1269540   0.4322226919852312     
7566.62   2012890   2575870   1268000   0.42931332083207985    
7570.79   2024080   2596330   1264120   0.42748385203969236    
7574.98   2031990   2613820   1265770   0.4253099995511948     
7579.19   2048740   2644830   1269840   0.4225403081537139     
7583.42   2061720   2669640   1274850   0.4202059662285334     
7587.67   2075130   2697030   1281470   0.41732838027113156    
7591.94   2088890   2725800   1287090   0.4142364201049167     
7596.23   2103430   2757590   1293290   0.4106369446547993     
7600.53   2117400   2788250   1296520   0.4072083416923857     
7604.86   2132810   2823310   1302360   0.40315630127632746    
7609.2    2147780   2856610   1307060   0.39950070495036843    
7613.56   2161290   2883870   1303100   0.397007356092339      
7617.94   2173890   2913240   1313720   0.3936696750108659     
7622.34   2185790   2939800   1314810   0.3908753504230121     
7626.76   2204070   2978560   1320160   0.38718976123109305    
7631.2    2219720   3015380   1326040   0.38316389234973447    
7635.66   2236980   3057510   1336840   0.37842808829845187    
7640.14   2255470   3104210   1352890   0.37307614419775453    
7644.63   2274820   3153720   1372140   0.36745057323022384    
7649.15   2293270   3200430   1384710   0.3623320546729707     
7653.68   2309160   3242220   1404400   0.35764360713075       
7658.23   2320890   3271390   1411360   0.35463817841103057    
7662.81   2329150   3288120   1409400   0.35344185700813024    
7667.4    2337030   3305030   1407040   0.35208811736235734    
7672.01   2349700   3337520   1414100   0.34870724539894926    
7676.64   2366610   3383960   1428750   0.34357090571557675    
7681.28   2381790   3424340   1440080   0.33934577817102707    
7685.95   2393320   3453200   1444670   0.3365925512241781     
7690.64   2407870   3492580   1459520   0.33251423586945117    
7695.34   2425400   3541800   1482080   0.3273062560870187     
7700.07   2444980   3598100   1513140   0.32133340337315036    
7704.81   2464520   3655210   1542840   0.31531641152966994    
7709.57   2481960   3706660   1568270   0.30996494196379937    
7714.36   2498670   3756400   1594500   0.304850146370143      
7719.16   2512850   3796380   1615000   0.30104257635147497    
7723.98   2525740   3832700   1634480   0.2976390543776717     
7728.82   2541890   3878850   1657770   0.29331578831170974    
7733.67   2560560   3932380   1680280   0.2883800876316566     
7738.55   2579310   3989180   1707890   0.28293684881653514    
7743.45   2593700   4033380   1726540   0.2787216458860231     
7748.36   2603290   4060530   1737490   0.27638966374438373    
7753.3    2613540   4089520   1751000   0.27392916600663875    
7758.25   2620610   4115040   1765300   0.2712098640757887     
7763.22   2644360   4187410   1793910   0.2647104346035797     
7768.21   2670120   4263850   1827500   0.25822347284031505    
7773.22   2693300   4335170   1857550   0.2520851556259101     
7778.25   2716290   4407200   1888380   0.24592022371941635    
7783.3    2737320   4466350   1912190   0.24157825988109619    
7788.37   2751400   4508060   1928080   0.23836029739199996    
7793.45   2766100   4554800   1944180   0.234507719845182      
7798.56   2783870   4606940   1952400   0.23066103234864158    
7803.68   2804000   4673180   1979280   0.2251976444239421     
7808.83   2823500   4734820   1994750   0.22042759071298137    
7813.99   2841460   4793760   2008770   0.2157680576195039     
7819.17   2857900   4846480   2017140   0.21177462032688665    
7824.37   2873060   4895150   2026890   0.20814188190498703    
7829.59   2887040   4938700   2039570   0.20504887529007276    
7834.83   2904480   4993830   2046160   0.20112506610749284    
7840.09   2925120   5060960   2055620   0.1962790941957283     
7845.37   2946680   5137330   2071260   0.1903809402096484     
7850.66   2963610   5196030   2081510   0.1860290988021965     
7855.98   2964160   5213480   2081110   0.18358201652704503    
7861.31   3001430   5316170   2101250   0.17816545968135317    
7866.67   3017880   5369080   2110320   0.17473668493159025    
7872.04   3033970   5423110   2120370   0.17110873009827124    
7877.43   3051320   5481870   2128200   0.16718789864899164    
7882.84   3069130   5539900   2136900   0.16354848439937306    
7888.27   3087820   5603430   2145800   0.15942930457685112    
7893.72   3107500   5669920   2154480   0.15522386618154901    
7899.19   3126460   5735130   2162620   0.15108820850187452    
7904.67   3146700   5806240   2169900   0.14655286614805474    
7910.18   3167460   5880320   2177210   0.14183796970734555    
7915.7    3186540   5946970   2183880   0.13776999594817746    
7921.25   3203600   6004140   2188220   0.13450332243766724    
7926.81   3220550   6064660   2199560   0.130831488879427      
7932.39   3238590   6128650   2206230   0.12703769821163408    
7937.99   3257150   6196300   2214940   0.12297101304192082    
7943.61   3276190   6266350   2220470   0.11878857457103079    
7949.25   3305120   6362810   2235240   0.11377839109298211    
7954.91   3325500   6440560   2244280   0.10914394964092547    
7960.59   3346850   6524200   2254730   0.1041192056653385     
7966.28   3367730   6605900   2266850   0.09930906792662382    
7972      3386660   6679190   2285960   0.09511492442338589    
7977.73   3404010   6747460   2305750   0.0912057517999269     
7983.49   3420160   6810040   2325260   0.08772986498033611    
7989.26   3436300   6874670   2347240   0.08406931533126624    
7995.05   3452240   6941670   2370160   0.08015141102854703    
8000.86   3473310   7032090   2394780   0.07485348667389231    
8006.69   3496560   7130050   2420480   0.06931925229403932    
8012.54   3517430   7224380   2447450   0.06376222556792999    
8018.41   3536690   7306550   2474090   0.05924290466656072    
8024.29   3538340   7332520   2469220   0.056861903173837436   
8030.2    3570170   7465540   2559310   0.04989030989875113    
8036.13   3565480   7479420   2579540   0.047439464720907536   
8042.07   3590160   7596640   2624610   0.04075396782657758    
8048.03   3644570   7780710   2699960   0.033877458824918945   
8054.01   3664750   7870150   2742820   0.029312814417628962   
8060.02   3687030   7977490   2793010   0.023529109076227874   
8066.04   3706600   8078560   2847440   0.017891830657280144   
8072.08   3726090   8179430   2898560   0.012356263252235709   
8078.13   3753340   8298170   2964740   0.00685048631019791    
8084.21   3772780   8392000   3020540   0.0021544564937802206  
8087.6    3783610   8439590   3035510   0                      