# XDI/1.0 
# Spectrum.license:CC BY 4.0
# Publication.authors: Bruce Ravel
# Publication.affiliation: Brookhaven National Laboratory, NSLS-II
# Facility.name:NSLS-II
# Sample.temperature:rt
# Sample.prep:PEG pellet
# Sample.smiles:[Na+].[Fe+3].[Si+4].[Si+4].[O-2].[O-2].[O-2].[O-2].[O-2].[O-2]
# Publication.DOI: https://doi.org/10.18434/mds2-4032
# Sample.name:Aegerine
# Scan.number:scan1
# Sample.id:9pyqfv
# Scan.start_time:2023-05-05
# Element.symbol:Fe
# Facility.energy:3.0 GeV
# Beamline.flux:Si(111): 2x10^12 at 10 keV; 6x10^10 at 20 keV; Si(311): 4x10^11 at 10 keV; 1x10^10 at 20 keV
# Beamline.name:Beamline for Materials Measurement (BMM)
# Beamline.energy_range:4.0 - 23
# Beamline.scan_mode:Transmission
# Beamline.energy_resolution:Si(111): 1.3 x 10^-4; Si(311):1.9 x 10^-5 
# Beamline.spot_size:300 µm
# Beamline.detector:Ionization chamber
# Beamline.website:https://www.bnl.gov/nsls2/beamlines/beamline.php?r=6-BM
# Mono.name:Si(111) and Si(311)
# Element.edge:K
# Column.1:Energy
# Column.2:I0
# Column.3:Itrans
# Column.4:Irefer
# Column.5:Mutrans
# Energy   I0           Itrans     Irefer     Mutrans               
6912.009   153.10354    5.312572   0.997334   0.23385517701615696   
6922.007   152.978544   5.398173   1.020571   0.2242281446502504    
6932.017   153.004525   5.48912    1.044769   0.2147521859579913    
6942.011   153.030997   5.581581   1.070015   0.20527992283473653   
6952.004   153.019244   5.673104   1.095006   0.1959165136993652    
6962.01    153.025903   5.766961   1.1205     0.18653924981257924   
6972.01    153.542525   5.876266   1.149899   0.17771172248093053   
6982.023   153.52319    5.973246   1.177116   0.16826020915531345   
6992.016   153.506039   6.068691   1.203755   0.15911281392106044   
7002.013   153.461588   6.164278   1.230999   0.1499920375236051    
7012.016   153.353113   6.258602   1.258025   0.14088545695224777   
7022.022   153.344007   6.355876   1.28613    0.13201417248994138   
7032.014   153.314641   6.454158   1.314358   0.12311190362883394   
7042.017   153.256554   6.551781   1.342391   0.11429275599356714   
7052.013   153.181047   6.650217   1.370832   0.10546554249647837   
7062.008   152.45615    6.715985   1.391902   0.09710865997405758   
7072.013   152.969142   6.839623   1.424766   0.08858081582493237   
7081.984   152.929674   6.936724   1.450138   0.08035543124470955   
7083.983   152.709345   6.946028   1.452179   0.07876128314853978   
7085.982   152.820299   6.968204   1.457931   0.07735101167719548   
7087.983   152.841783   6.988339   1.462168   0.07577824484032936   
7089.985   152.827545   7.008487   1.466298   0.0740752438214267    
7091.989   152.816578   7.02463    1.469207   0.07271583126639335   
7093.976   152.777943   7.039569   1.47069    0.07135367489716946   
7096.016   152.761856   7.057299   1.473153   0.06985199256922495   
7098.003   152.740811   7.071787   1.473603   0.06859794600601145   
7099.994   152.753928   7.087526   1.472954   0.06737330621471928   
7102.003   152.723211   7.099917   1.469302   0.06625718775033677   
7102.292   152.712767   7.101148   1.468387   0.06611866326114721   
7102.587   152.701101   7.101972   1.46755    0.06600840421709914   
7102.889   152.727081   7.10461    1.466311   0.06589308573900846   
7103.186   152.731248   7.106897   1.465765   0.06572429932865093   
7103.488   152.717823   7.108416   1.46469    0.06555147427995991   
7103.785   152.703532   7.108727   1.462895   0.06547278349859069   
7104.091   152.696628   7.110734   1.461045   0.06528512620211313   
7104.384   152.685392   7.11163    1.459559   0.0651707646665994    
7104.686   152.705755   7.11405    1.457473   0.06505222732299125   
7104.989   152.707078   7.114306   1.455641   0.06503657261837223   
7105.287   152.687927   7.115441   1.452964   0.06487330152403702   
7105.584   152.702716   7.117249   1.451014   0.06478322083653991   
7105.89    152.676687   7.117075   1.447575   0.06469955085071107   
7106.19    152.659402   7.117983   1.444449   0.06456157810127967   
7106.49    152.64068    7.117425   1.440553   0.06453622275974823   
7106.79    152.640328   7.117565   1.43719    0.06452363065152122   
7107.085   152.658971   7.119769   1.432423   0.0644162058436609    
7107.387   152.640985   7.118134   1.427385   0.06448029173598821   
7107.687   152.639105   7.119106   1.421355   0.06439499563839572   
7107.987   152.638075   7.118798   1.413898   0.06441591963142171   
7108.289   152.637719   7.116072   1.405604   0.06463404245409919   
7108.589   152.60473    7.113225   1.394904   0.06473947990343608   
7108.886   152.602904   7.113226   1.384193   0.06473254309609304   
7109.188   152.60566    7.114      1.369742   0.06468054619014528   
7109.495   152.587801   7.112103   1.351536   0.06476630012018034   
7109.795   152.561147   7.108837   1.326004   0.06492939059541734   
7110.093   152.556289   7.103658   1.292653   0.06532874116084593   
7110.393   152.545069   7.100167   1.244647   0.06556825826292148   
7110.697   152.547032   7.090999   1.177373   0.06631598342855446   
7110.999   152.494893   7.081189   1.08987    0.06691336243734453   
7111.297   152.448908   7.064536   0.986963   0.06808966385629053   
7111.589   152.43823    7.051915   0.882459   0.06907411742080917   
7111.887   152.372346   7.030974   0.785913   0.07053048452548265   
7112.196   152.329471   7.00595    0.70762    0.0724122228575626    
7112.492   152.308598   6.972132   0.649616   0.07510627356473017   
7112.79    152.275161   6.929853   0.604756   0.07846569164182994   
7113.094   152.287112   6.888002   0.567869   0.08198160771533518   
7113.393   152.263148   6.854337   0.536244   0.08469880798428918   
7113.701   152.25236    6.83376    0.508434   0.08638095346169446   
7114       152.236803   6.822469   0.484295   0.08726991102339507   
7114.298   152.226842   6.802127   0.462457   0.08894342534049025   
7114.598   152.220136   6.788341   0.444791   0.09008066284115714   
7114.899   152.193732   6.800276   0.432337   0.08897472798598254   
7115.201   152.191438   6.840448   0.425226   0.08559112997705083   
7115.495   152.203608   6.885987   0.42118    0.0818349765729305    
7115.8     152.171958   6.91872    0.418344   0.07899849155419113   
7116.092   152.154136   6.935409   0.415273   0.07755089125730201   
7116.393   152.139993   6.937282   0.411435   0.07734290347074481   
7116.696   152.157849   6.92885    0.405139   0.07810702763440835   
7116.996   152.133041   6.910319   0.395546   0.07954811118742408   
7117.297   152.127006   6.884983   0.381826   0.08163007377740304   
7117.595   152.109255   6.851532   0.363666   0.08435392085617285   
7117.898   152.085883   6.811055   0.341751   0.08766101532127409   
7118.201   152.065759   6.761124   0.316774   0.09180122590485087   
7118.504   152.041239   6.703971   0.291612   0.09657305085767354   
7118.801   152.025329   6.638086   0.267297   0.10217220643156752   
7119.097   152.036171   6.563868   0.244448   0.1086556091306275    
7119.402   152.024669   6.477512   0.222666   0.11620077395501432   
7119.703   152.007386   6.378318   0.202424   0.12497813573562863   
7119.998   151.997462   6.26976    0.183104   0.13477697360633864   
7120.298   151.994945   6.143367   0.164639   0.14643661114386128   
7120.593   151.96693    6.002048   0.14721    0.15966587520611691   
7120.894   151.970871   5.848765   0.13172    0.1745042623448452    
7121.199   151.951907   5.684318   0.117605   0.19077423867756277   
7121.5     151.900411   5.51633    0.106011   0.20776896263918404   
7121.799   151.885226   5.33962    0.09565    0.22636744820582988   
7122.102   151.867398   5.14577    0.08661    0.24748927217673203   
7122.397   151.858078   4.938866   0.078547   0.27096943841505183   
7122.702   151.840293   4.697504   0.070681   0.2996119692997498    
7123.001   151.753477   4.441687   0.063675   0.33137033656476944   
7123.303   151.811686   4.176546   0.057405   0.36685778981030137   
7123.6     151.816139   3.918892   0.051656   0.4033604701533284    
7123.905   151.830296   3.685022   0.046677   0.4386717495327337    
7124.204   151.806138   3.478793   0.042567   0.4715800360532497    
7124.497   151.778167   3.309236   0.039144   0.5001059348915401    
7124.796   151.755564   3.164593   0.036225   0.5256294415864753    
7125.095   151.720578   3.044655   0.033616   0.5476360882504178    
7125.401   151.703799   2.940003   0.031588   0.5676143891817647    
7125.7     151.687618   2.845506   0.029589   0.5862728695488892    
7125.997   151.649843   2.750696   0.027811   0.6055472333547065    
7126.299   151.621033   2.646059   0.025939   0.6276606414382777    
7126.602   151.614682   2.524903   0.023944   0.6544922218641169    
7126.904   151.577401   2.390608   0.021948   0.6856683528311139    
7127.208   151.534928   2.247058   0.020039   0.7209910716532761    
7127.507   151.474189   2.107583   0.018049   0.7574789377724326    
7127.8     151.486053   1.985646   0.016241   0.7916729325598835    
7128.099   151.50475    1.881874   0.014693   0.8224998990148155    
7128.401   151.495733   1.796356   0.013543   0.8491146425622453    
7128.698   151.481136   1.725403   0.012377   0.8721508907639467    
7128.996   151.446895   1.667806   0.011254   0.8914755147496609    
7129.297   151.390244   1.619705   0.010526   0.9080298365256056    
7129.597   151.390021   1.581995   0.009765   0.9215272429251271    
7129.903   151.347876   1.551663   0.009171   0.9324605912870774    
7130.203   151.321534   1.528457   0.008611   0.9409950583248722    
7130.5     151.292548   1.50789    0.008347   0.9486478976915039    
7130.802   151.238671   1.487619   0.008001   0.9561990051529681    
7131.106   151.21966    1.465597   0.007873   0.964672741879921     
7131.404   151.210852   1.441528   0.007825   0.9741276082449657    
7131.701   151.183078   1.41708    0.00786    0.983823587700222     
7132.003   151.159368   1.396802   0.007939   0.9919923525714291    
7132.299   151.133303   1.382998   0.00814    0.9975843813885341    
7132.603   151.112576   1.376991   0.008409   1                     
7132.903   151.101999   1.379543   0.008788   0.9988989323900279    
7133.194   151.127358   1.388173   0.00923    0.9954217662991739    
7133.498   151.109791   1.398549   0.009639   0.9910881852370748    
7133.798   151.100446   1.410096   0.010083   0.9863412804707778    
7134.103   151.10091    1.423259   0.010744   0.9810190342869436    
7134.403   151.104342   1.436327   0.011083   0.975794953328686     
7134.701   151.127172   1.450537   0.011484   0.9702405627448234    
7135.001   151.114713   1.465733   0.011989   0.9642217739158546    
7135.303   151.10093    1.482325   0.012391   0.9577196712965477    
7135.607   151.102722   1.50161    0.012714   0.9503198848139882    
7135.903   151.549913   1.526954   0.013155   0.9424229186440674    
7136.201   151.5586     1.550238   0.013401   0.9337842912329783    
7136.501   151.547637   1.574314   0.013681   0.9249123139887466    
7136.801   151.520297   1.596671   0.014013   0.916728994998218     
7136.996   151.531922   1.612416   0.014139   0.9111502387748056    
7137.996   151.524924   1.689397   0.014419   0.8844004024696953    
7139.005   151.519114   1.774421   0.014588   0.8562428938795056    
7140.021   151.505935   1.859864   0.014602   0.8292455180953047    
7141.081   151.478535   1.928768   0.014538   0.808297385646        
7142.115   151.472176   1.989811   0.014954   0.7904198092661191    
7143.192   151.481746   2.053488   0.015695   0.7724065527413284    
7144.289   151.475006   2.10298    0.016309   0.7587348304274009    
7145.415   151.437117   2.131532   0.016449   0.7508643029987603    
7146.565   151.469375   2.150798   0.015973   0.7458305477387842    
7147.713   151.450163   2.18714    0.015261   0.7361568508094944    
7148.895   151.444523   2.257585   0.014696   0.7179710246434409    
7150.089   151.439217   2.350708   0.01469    0.6947899384779364    
7151.301   151.44889    2.456976   0.014796   0.6694916575559801    
7152.534   151.454369   2.561308   0.0151     0.6456833555332295    
7153.786   151.440838   2.647944   0.015471   0.6265712101872675    
7155.056   151.409847   2.711343   0.015916   0.612896516515235     
7156.342   151.401579   2.760724   0.01653    0.6025232921414557    
7157.65    151.390195   2.799078   0.017025   0.5945745174633612    
7158.984   151.365355   2.823338   0.01736    0.5895356555513647    
7160.334   151.334765   2.835668   0.017372   0.5869229221558928    
7161.705   151.283339   2.831271   0.017451   0.5876173554507231    
7163.087   151.225355   2.800059   0.017679   0.5937494914257256    
7164.493   151.203942   2.744442   0.017645   0.6051642033290016    
7165.917   151.166249   2.675557   0.01735    0.6195870116309212    
7167.353   151.126888   2.605467   0.017292   0.6346483444134867    
7168.811   151.105403   2.537995   0.016959   0.649600875607055     
7170.296   151.078739   2.471462   0.016752   0.6647211172897892    
7171.795   151.046729   2.410642   0.016793   0.6788769105660384    
7173.318   151.042505   2.363437   0.017205   0.6901925601797771    
7174.851   150.995715   2.322076   0.018013   0.7001314454788365    
7176.413   150.965553   2.287488   0.018649   0.7086161204448889    
7177.989   150.930277   2.273718   0.019489   0.7119419024142046    
7179.587   150.920441   2.265997   0.020101   0.7138536270506635    
7181.191   150.881658   2.272736   0.020371   0.7120048198005116    
7182.836   150.849885   2.288578   0.020335   0.7079039590718152    
7184.492   150.823619   2.305564   0.020026   0.7035670659162523    
7186.161   150.788207   2.315174   0.019241   0.7010491311198683    
7187.844   150.739798   2.317606   0.018448   0.7002635532449757    
7189.561   150.72328    2.318776   0.017405   0.6999115679138788    
7191.292   149.107684   2.297522   0.016295   0.6990128198213547    
7193.044   150.384097   2.32642    0.015668   0.6967348500866378    
7194.798   150.552494   2.34372    0.015395   0.693130905042668     
7196.591   150.522591   2.36319    0.015868   0.6882766947042358    
7198.392   150.486095   2.383774   0.016849   0.6831684156404171    
7200.222   150.425096   2.408814   0.018087   0.6769485494344466    
7202.055   150.393016   2.436675   0.019756   0.6702369455116582    
7203.913   150.338363   2.466062   0.021558   0.6631595246113023    
7205.803   150.296775   2.496965   0.023515   0.6558652207035218    
7207.701   150.269916   2.519731   0.024455   0.6505622137685321    
7209.62    150.229519   2.535715   0.023795   0.6467848160185332    
7211.562   150.169247   2.551126   0.021514   0.64308299801108      
7213.52    150.11188    2.57088    0.018429   0.6384443034743307    
7215.491   150.064609   2.593621   0.015587   0.633217623617817     
7217.489   149.973647   2.613949   0.013491   0.6283967388151653    
7219.504   149.923028   2.634377   0.012323   0.62374275562792      
7221.536   149.861857   2.651714   0.012096   0.6197503487483866    
7223.588   149.824274   2.669157   0.013225   0.6158498026634126    
7225.662   149.716252   2.68312    0.014813   0.612446862807614     
7227.75    147.094728   2.647501   0.016964   0.6099824409322423    
7229.864   149.907775   2.699825   0.019964   0.6096230031260187    
7231.991   149.834706   2.700692   0.02285    0.6091596640066741    
7234.128   149.767814   2.704894   0.025833   0.6080129693480849    
7236.301   149.738838   2.710972   0.027819   0.6066160002947288    
7238.489   149.678859   2.716526   0.028692   0.6052137340561129    
7240.69    149.638649   2.722608   0.028776   0.6037783425349337    
7242.912   149.635007   2.724998   0.027687   0.6032616213528975    
7245.162   146.817994   2.668595   0.025745   0.604356168935057     
7247.421   149.343074   2.704823   0.025023   0.6064006908082661    
7249.703   149.346956   2.694373   0.024504   0.6086336242976941    
7252.005   149.252263   2.683862   0.024633   0.6105098844809415    
7254.321   146.875796   2.636271   0.024915   0.6115646399399465    
7256.664   149.326165   2.679093   0.025741   0.6118126039899965    
7259.01    149.138693   2.682129   0.025567   0.610443820184296     
7261.392   148.706988   2.686968   0.024975   0.607749942802052     
7263.784   137.464844   2.497159   0.02241    0.6046844679693412    
7266.198   149.00217    2.727092   0.024015   0.6003930214879318    
7268.634   149.598222   2.754958   0.02369    0.5968553181524217    
7271.085   149.517639   2.767087   0.022635   0.5940294440892077    
7273.558   148.249506   2.755705   0.02136    0.5915106499919656    
7276.051   149.559176   2.794113   0.021053   0.5886193352841975    
7278.562   149.489669   2.806118   0.020672   0.5858963536489601    
7281.08    149.429899   2.820509   0.02029    0.582736144671247     
7283.633   148.313794   2.815027   0.019363   0.5795550956685862    
7286.198   149.05286    2.844712   0.018849   0.5763925995412166    
7288.788   149.143948   2.862917   0.018843   0.5730874002529516    
7291.395   149.091612   2.881321   0.019583   0.5692146326003328    
7294.014   149.083896   2.90007    0.021605   0.5654685230901891    
7296.661   149.022843   2.918832   0.023852   0.5615387645290548    
7299.32    148.911355   2.935525   0.026272   0.557842262870032     
7301.997   147.275873   2.920552   0.027999   0.5544443929384208    
7304.707   149.018686   2.971981   0.030215   0.5511829565400309    
7307.424   148.91767    2.987475   0.031211   0.5478149326802184    
7310.157   148.871645   3.002664   0.032      0.5447319530744026    
7312.91    148.802097   3.018892   0.031983   0.5413757679127422    
7315.696   148.715021   3.036725   0.032221   0.5376655584316798    
7318.481   148.685741   3.055872   0.032544   0.5339512503615846    
7321.304   148.60373    3.072072   0.032875   0.5306055320665485    
7324.132   148.589337   3.086523   0.033234   0.5278609839181058    
7326.987   148.531846   3.098431   0.033322   0.5254328413064763    
7329.861   148.448581   3.109503   0.033606   0.5230676311393034    
7332.753   148.365327   3.12142    0.034388   0.5205544112092362    
7335.658   148.290817   3.135759   0.035385   0.5176404085349708    
7338.587   147.000939   3.123136   0.035561   0.5149457658090024    
7341.534   148.041927   3.162923   0.035802   0.5117355992303783    
7344.504   148.019565   3.176893   0.034522   0.5091238047194929    
7347.481   148.001819   3.1905     0.032837   0.5066061376121134    
7350.493   147.931446   3.205423   0.0313     0.5036597818119725    
7353.517   147.883511   3.218054   0.0301     0.5012206220668526    
7356.564   147.829925   3.232659   0.028755   0.4984183239128819    
7359.621   147.783575   3.248478   0.027773   0.49544152678155157   
7362.7     147.672694   3.261587   0.0273     0.4927038197447762    
7365.797   147.576533   3.275      0.027047   0.4899790116940356    
7368.921   147.501379   3.288436   0.027528   0.48734117536028637   
7372.065   147.46228    3.301337   0.028762   0.4849457220695223    
7375.218   147.399606   3.315957   0.031041   0.48217022204845567   
7378.393   147.332731   3.330553   0.034408   0.4793935480916555    
7381.584   147.235791   3.34445    0.038282   0.4766305147478441    
7384.803   147.161409   3.361754   0.041284   0.47338396396568655   
7388.028   147.099781   3.379674   0.0426     0.47009768382927847   
7391.279   147.020196   3.396797   0.042647   0.4668918592904811    
7394.554   146.928041   3.412439   0.042165   0.4639000350101899    
7397.848   146.81594    3.429951   0.041918   0.4605297035659747    
7401.155   146.719517   3.447874   0.042037   0.4571668991520332    
7404.486   146.608679   3.470248   0.04243    0.4530275889770253    
7407.829   146.550516   3.497848   0.042738   0.4482610295207521    
7411.201   146.515524   3.524815   0.042966   0.44372357261184253   
7414.578   146.418078   3.548583   0.043216   0.4394915811444764    
7417.982   146.334445   3.568707   0.043664   0.4359239180733124    
7421.408   146.228548   3.582772   0.044313   0.4332552565707577    
7424.856   146.134263   3.597211   0.045339   0.43058108085648694   
7428.324   146.026714   3.613079   0.04622    0.4276371852310826    
7431.798   146.326599   3.63946    0.046696   0.4246441547825252    
7435.298   146.403807   3.66254    0.046782   0.42132417400309424   
7438.819   146.27462    3.681337   0.046417   0.41788511164616277   
7442.357   146.143513   3.699995   0.045118   0.41447453924831223   
7445.91    142.253878   3.621539   0.042903   0.41129820788740923   
7449.49    146.083819   3.739261   0.043478   0.40819159637184504   
7453.095   144.798145   3.726505   0.042844   0.40508441765360975   
7456.702   145.843476   3.774941   0.043535   0.4018065024043703    
7460.333   145.181481   3.779168   0.043923   0.39855845364577563   
7463.988   145.592402   3.81371    0.045004   0.39496451362249496   
7467.655   141.597576   3.732288   0.045162   0.39138852096592025   
7471.343   145.532235   3.86082    0.048216   0.3876929268407311    
7475.058   145.424197   3.880608   0.050055   0.3843381008508438    
7478.794   145.31542    3.899881   0.051657   0.38107060595520637   
7482.536   145.15825    3.91811    0.052928   0.37777844752301776   
7486.303   144.962183   3.934861   0.054603   0.37455947829494957   
7490.093   144.906032   3.95771    0.056391   0.37101982926982335   
7493.897   144.796423   3.977766   0.057832   0.3676898748000235    
7497.741   144.707919   3.999843   0.058553   0.36416814315716795   
7501.56    144.56666    4.021158   0.058791   0.3605631661096531    
7505.431   144.406503   4.041075   0.058577   0.35709695307028677   
7509.307   144.285734   4.061178   0.05869    0.35377415204343327   
7513.184   144.173926   4.080276   0.059442   0.35064172041307956   
7517.13    144.056962   4.101516   0.060157   0.3472016664439266    
7521.076   143.887821   4.119748   0.060846   0.34398707319814703   
7525.019   143.792124   4.140481   0.061424   0.3407294368081378    
7528.997   143.661807   4.159384   0.061576   0.3375998936373526    
7533.002   143.521074   4.17935    0.061627   0.33429437261848727   
7537.023   143.367366   4.200246   0.062167   0.3308226389688006    
7541.053   143.193206   4.221964   0.062793   0.3271710236108183    
7545.115   143.056342   4.245892   0.063809   0.32338480359285887   
7549.178   142.922093   4.268641   0.064574   0.31978498132874916   
7553.273   142.796607   4.293387   0.064825   0.3159695101121565    
7557.343   142.668764   4.318422   0.064757   0.31212481817637533   
7561.511   142.533078   4.342664   0.064636   0.3083720185128313    
7565.617   142.343134   4.365913   0.064803   0.3045484935626853    
7569.811   142.240515   4.391224   0.065768   0.30082295484531446   
7574.01    142.07276    4.413372   0.067081   0.29726402519479606   
7578.167   141.917809   4.436711   0.068987   0.2936165891457479    
7582.407   141.77078    4.460623   0.071076   0.28994273525446296   
7586.638   141.556243   4.480409   0.072741   0.28653896355628466   
7590.895   141.368795   4.501374   0.073895   0.28310475932171125   
7595.182   141.114124   4.519744   0.074712   0.279737972079006     
7599.511   140.836684   4.539113   0.075227   0.2761600327898263    
7603.828   140.303399   4.549125   0.075695   0.2727237624939585    
7608.172   140.050784   4.570577   0.076782   0.2689954718371908    
7612.504   139.824389   4.592287   0.078245   0.26535320590263417   
7616.913   139.763883   4.618865   0.079474   0.261798529061641     
7621.302   139.861993   4.652292   0.080088   0.25806874175637706   
7625.716   139.885918   4.682414   0.080834   0.2544687571858154    
7630.146   139.790733   4.70801    0.081616   0.25095502980868745   
7634.576   139.650545   4.733386   0.082686   0.24729998401092068   
7639.076   139.48932    4.760564   0.084302   0.24335748477633676   
7643.532   139.312394   4.784986   0.085794   0.23969825315968946   
7648.035   139.148148   4.812349   0.087257   0.23575495552345338   
7652.566   138.972186   4.836859   0.088496   0.23211896041512153   
7657.111   138.762471   4.858834   0.089249   0.22865627117855408   
7661.713   138.589794   4.883499   0.090167   0.22504143396896967   
7666.297   138.379376   4.909441   0.090578   0.22113500708407444   
7670.871   138.199968   4.934355   0.090973   0.21749120351075524   
7675.491   137.985947   4.959418   0.091389   0.21370011199593808   
7680.151   137.812147   4.984918   0.092156   0.21003929785406888   
7684.803   137.475387   5.004721   0.092669   0.20636563798855165   
7689.488   137.609634   5.04371    0.093997   0.2024783105134449    
7694.189   137.271637   5.063418   0.095506   0.1988346010563601    
7698.911   137.109797   5.089304   0.09681    0.19523675702360405   
7703.647   136.842587   5.112673   0.098467   0.19149391665195684   
7708.397   136.785903   5.144826   0.099808   0.18766429654985003   
7713.172   136.536162   5.167903   0.101388   0.18405276277081523   
7717.98    136.258187   5.192685   0.103218   0.18014384768139874   
7722.788   136.140775   5.221089   0.104668   0.17652414354145143   
7727.616   135.933401   5.248392   0.106183   0.17266207300758332   
7732.508   135.673135   5.273296   0.107281   0.16885145351377168   
7737.353   135.351845   5.296079   0.108407   0.16502265607041264   
7742.238   135.392055   5.333389   0.10972    0.16117034620779971   
7747.147   135.159626   5.36023    0.111189   0.15730938553795473   
7752.073   134.947527   5.38817    0.112446   0.15343054384898083   
7757.01    134.725182   5.415043   0.113765   0.14963501280897948   
7761.977   134.5211     5.44266    0.115211   0.14585149730465888   
7767.01    134.297814   5.471108   0.117237   0.14191244793154287   
7772.013   134.084022   5.498676   0.118535   0.13811957398666017   
7777.016   133.906498   5.528687   0.120284   0.13424161104478424   
7782.064   133.718695   5.556263   0.122067   0.13058653742969      
7787.113   133.53551    5.585667   0.123436   0.12677671082037736   
7792.19    133.358176   5.616355   0.125093   0.12287581300281482   
7797.295   133.095729   5.642297   0.126552   0.11910647416230043   
7802.404   132.906231   5.668533   0.127635   0.11563189084781858   
7807.564   132.691813   5.699062   0.128864   0.11162902671535002   
7812.71    132.460347   5.726604   0.130153   0.1078661649252385    
7817.892   132.284432   5.758782   0.131603   0.10389401439811219   
7823.078   132.046023   5.785074   0.133046   0.10025031659338095   
7828.311   131.787459   5.813394   0.134456   0.09632903734620564   
7833.528   131.566937   5.841698   0.136098   0.0925864232861717    
7838.786   131.083805   5.858848   0.137308   0.08879869901916974   
7844.035   131.199631   5.904829   0.139155   0.08482538453687188   
7849.331   130.865506   5.929435   0.140926   0.08098151069249648   
7854.64    129.786456   5.919881   0.141684   0.07716129696963636   
7859.972   130.437413   5.989496   0.144372   0.07332918249849418   
7865.322   130.250746   6.020863   0.146759   0.06951563932724689   
7870.685   130.041557   6.052195   0.148659   0.06562055590016408   
7876.101   129.856141   6.083551   0.150585   0.06184199527239161   
7881.506   129.597726   6.112896   0.152802   0.057943297447046155  
7886.931   129.351325   6.143637   0.154767   0.053978532930005485  
7892.357   129.099837   6.172961   0.156579   0.05013497373219789   
7897.816   128.76096    6.196385   0.158384   0.046458743811521847  
7903.297   128.601731   6.232804   0.160616   0.0423918227569483    
7908.789   128.364734   6.262353   0.162704   0.03862480045418587   
7914.31    128.119289   6.293501   0.164663   0.034685200725991336  
7919.895   127.826772   6.320865   0.166617   0.030889490364277437  
7925.399   127.584022   6.351109   0.168632   0.027065179786327272  
7930.992   127.183529   6.372608   0.170496   0.023327326067272808  
7936.578   126.861021   6.399975   0.172365   0.019417048405395664  
7942.195   126.915773   6.443717   0.1742     0.015761354050843956  
7947.867   126.600037   6.472196   0.176011   0.011807237880197028  
7953.479   126.203862   6.497572   0.177825   0.007769132343971648  
7959.143   125.983879   6.52987    0.17992    0.00392830431666058   
7964.837   125.650757   6.557406   0.181889   0                     