# XDI/1.0 
# Spectrum.license:CC BY 4.0
# Publication.authors: Bruce Ravel
# Publication.affiliation: Brookhaven National Laboratory, NSLS-II
# Facility.name:NSLS-II
# Sample.temperature:rt
# Sample.prep:PEG pellet
# Sample.smiles:[Mg+2].[Al+3].[Si+4].[O-2]
# Publication.DOI: https://doi.org/10.18434/mds2-4032
# Sample.name:Cordierite
# Scan.number:scan1
# Sample.id:kzt2nx
# Scan.start_time:2023-05-05
# Element.symbol:Fe
# Facility.energy:3.0 GeV
# Beamline.flux:Si(111): 2x10^12 at 10 keV; 6x10^10 at 20 keV; Si(311): 4x10^11 at 10 keV; 1x10^10 at 20 keV
# Beamline.name:Beamline for Materials Measurement (BMM)
# Beamline.energy_range:4.0 - 23
# Beamline.scan_mode:Transmission
# Beamline.energy_resolution:Si(111): 1.3 x 10^-4; Si(311):1.9 x 10^-5 
# Beamline.spot_size:300 µm
# Beamline.detector:Ionization chamber
# Beamline.website:https://www.bnl.gov/nsls2/beamlines/beamline.php?r=6-BM
# Mono.name:Si(111) and Si(311)
# Element.edge:K
# Column.1:Energy
# Column.2:I0
# Column.3:Itrans
# Column.4:Irefer
# Column.5:Mutrans
# Energy   I0           Itrans      Irefer     Mutrans               
6912.011   154.652582   30.32686    5.692802   1                     
6922.009   154.490328   30.59179    5.783154   0.9864969725007128    
6932.013   154.444475   30.890538   5.88078    0.9726233706571785    
6942.015   154.453216   31.184179   5.978719   0.9595957971865657    
6952.004   154.456691   31.496292   6.081103   0.9458311517850978    
6962.008   154.434381   31.794817   6.180645   0.9325631621100494    
6972.016   154.416991   32.08885    6.282095   0.9196553107410527    
6982.027   154.394908   32.392798   6.383836   0.9063975737335478    
6992.01    154.356791   32.695099   6.488149   0.893187670378437     
7002.015   154.294003   32.98534    6.5881     0.8803810177835917    
7012.016   154.25124    33.279522   6.692188   0.8676971863319973    
7022.012   154.199452   33.577742   6.796249   0.8548738239258852    
7032.014   154.105081   33.871583   6.899112   0.8419559290670138    
7042.008   154.02532    34.165958   7.002705   0.8292515253824465    
7052.009   153.939802   34.450024   7.102086   0.8170122587975687    
7062.012   153.174147   34.600729   7.17362    0.8040583365963138    
7072.005   153.711066   35.0362     7.299683   0.791579965040616     
7081.993   153.646194   35.330272   7.386777   0.7794166462881229    
7083.993   153.411077   35.338364   7.391177   0.7769779719806335    
7085.989   153.522866   35.40913    7.409468   0.7752157715311434    
7088       153.52254    35.470216   7.422016   0.7728250947749961    
7089.992   153.516258   35.545501   7.437979   0.769831313256949     
7092.001   153.476936   35.595639   7.445919   0.7675238552374297    
7093.997   153.411433   35.641496   7.450836   0.765149045137039     
7095.984   153.467651   35.71093    7.456917   0.7629605392045508    
7098.198   153.421189   35.760615   7.452838   0.7606150886553176    
7100.001   153.394952   35.827331   7.446348   0.7577961811571966    
7102.003   153.363685   35.876642   7.42712    0.7556084824945041    
7102.296   153.337133   35.885194   7.421807   0.755038458359383     
7102.589   153.33447    35.894241   7.417485   0.7546652047528573    
7102.889   153.34038    35.903894   7.413973   0.7543461076146599    
7103.195   153.340458   35.900781   7.405989   0.7544669253872559    
7103.49    153.332276   35.910231   7.398613   0.7540284176342529    
7103.785   153.308545   35.916581   7.392409   0.7535690699170878    
7104.093   153.320194   35.925822   7.385219   0.7533179533562655    
7104.388   153.302851   35.931074   7.37517    0.7529587503136476    
7104.688   153.289583   35.940098   7.367614   0.7524909902226301    
7104.989   153.289346   35.939642   7.354222   0.7525064245618485    
7105.287   153.256772   35.945068   7.343228   0.7520028978595097    
7105.589   153.26536    35.948691   7.330205   0.7519409036114811    
7105.888   153.258195   35.952069   7.313938   0.7517459783814653    
7106.19    153.265693   35.964367   7.300676   0.7513399764778445    
7106.49    153.248916   35.980666   7.285266   0.7505606721337539    
7106.787   153.23922    35.986537   7.265033   0.7502470067161321    
7107.087   153.235361   35.993594   7.244997   0.7499404951280476    
7107.387   153.244318   36.004383   7.219721   0.7496062962321635    
7107.691   153.226442   36.007315   7.189157   0.7493318906150093    
7107.987   153.179335   36.003229   7.153264   0.7490631515475067    
7108.289   153.192401   36.006666   7.112848   0.7490490716348305    
7108.582   153.222146   36.024681   7.069006   0.7486251098848047    
7108.884   153.21405    36.032949   7.013715   0.7482340170461498    
7109.193   153.185813   36.025165   6.938781   0.748277975974042     
7109.488   153.177518   36.032118   6.850801   0.7479356251449035    
7109.793   153.162815   36.043549   6.732896   0.7473632518508603    
7110.095   153.164612   36.048545   6.570635   0.7471875056275895    
7110.395   153.159341   36.046942   6.33221    0.7472014334754802    
7110.699   153.117878   36.033011   5.999975   0.7473618313655673    
7110.997   153.092427   36.018077   5.568796   0.7477058033768876    
7111.295   153.06679    36.015131   5.060571   0.7475871144495526    
7111.593   153.041219   36.006644   4.519913   0.7476821535576417    
7111.891   153.02041    36.003315   4.03452    0.7476218670500109    
7112.198   152.986602   35.998693   3.645581   0.747493623085492     
7112.494   152.953883   35.999632   3.365427   0.7471611928946632    
7112.786   152.930187   36.00761    3.151005   0.7466396068397875    
7113.094   152.925592   36.013034   2.97648    0.7463893298710744    
7113.397   152.897488   36.00851    2.822996   0.7463087578379283    
7113.699   152.885406   36.016353   2.684406   0.745897597167853     
7114.002   152.893643   36.022998   2.560749   0.7457166713533572    
7114.296   152.865374   36.038816   2.45497    0.7448523711952998    
7114.598   152.874303   36.051307   2.364219   0.7444532346592828    
7114.899   152.851011   36.052878   2.293812   0.7441817941253681    
7115.204   152.847476   36.061214   2.242303   0.7438294972946725    
7115.498   152.842381   36.062944   2.206611   0.7437168648661523    
7115.8     152.831628   36.05858    2.180278   0.7437870453098989    
7116.097   152.843605   36.060814   2.159421   0.7438097795025757    
7116.393   152.812318   36.047231   2.137584   0.7440480732054925    
7116.696   152.788042   36.02626    2.106366   0.7446341245636254    
7116.996   152.786917   36.010178   2.062006   0.7452424419655366    
7117.295   152.773313   35.981195   1.998557   0.7462344840420065    
7117.598   152.761907   35.927035   1.910411   0.7482177766379917    
7117.898   152.71118    35.859378   1.802538   0.7503688670561819    
7118.203   152.727623   35.791393   1.680835   0.7531468094956952    
7118.502   152.712328   35.68757    1.556857   0.7570322753071985    
7118.801   152.702256   35.554756   1.4356     0.7621059082828866    
7119.101   152.690096   35.370257   1.319766   0.7692026769315184    
7119.404   152.675914   35.158166   1.211637   0.777405510537867     
7119.707   152.666724   34.948115   1.111216   0.785623177787558     
7120       152.637061   34.741974   1.016928   0.7935491788854675    
7120.294   152.626159   34.56772    0.927952   0.8004157568499239    
7120.593   152.625502   34.425345   0.845643   0.8061271200797165    
7120.894   152.591261   34.300659   0.771588   0.8108427523662765    
7121.199   152.596024   34.1479     0.705458   0.8170691060503432    
7121.498   152.572765   33.977712   0.651479   0.8237791777033977    
7121.797   153.057948   33.905993   0.607007   0.8311044265246122    
7122.102   153.053467   33.740124   0.566678   0.8378572717313293    
7122.401   153.029049   33.60212    0.531953   0.8433139015926135    
7122.705   153.013813   33.5183     0.502277   0.8466358235819991    
7122.997   152.995066   33.483801   0.478045   0.8478926265342921    
7123.301   152.992777   33.437854   0.455873   0.8497740941889722    
7123.597   152.967391   33.350632   0.436311   0.8531623865047366    
7123.905   152.940076   33.218054   0.418283   0.8584328025438176    
7124.204   152.919554   33.014151   0.400823   0.8667763368289136    
7124.497   152.910452   32.738923   0.384087   0.8782908142981198    
7124.796   152.901226   32.377777   0.367446   0.893573163574994     
7125.093   152.903432   31.938169   0.350978   0.9125304362668353    
7125.403   152.907449   31.413339   0.334348   0.9355196301173895    
7125.702   152.884261   30.88744    0.318734   0.9586970122411428    
7125.999   152.867488   30.434171   0.304816   0.97902429382305      
7126.301   152.841678   30.109616   0.292038   0.9936424552478353    
7126.602   152.793072   29.998998   0.281539   0.9983004801491615    
7126.904   152.761706   30.13253    0.272719   0.9918636300033465    
7127.208   152.739486   30.479175   0.265493   0.9758169383407426    
7127.503   152.722788   30.943608   0.258981   0.9547163610638366    
7127.8     152.715495   31.425495   0.252069   0.9332435726755781    
7128.102   152.687723   31.851777   0.244344   0.9143269809953379    
7128.401   152.664735   32.198175   0.235651   0.8991345051874415    
7128.705   152.658466   32.491733   0.226182   0.8865050388131909    
7128.994   152.625257   32.719273   0.216591   0.8765364135330194    
7129.297   152.600385   32.882593   0.206759   0.8694132066779445    
7129.597   152.577946   32.978282   0.197482   0.8651841900516621    
7129.901   152.554752   33.032388   0.188911   0.8627027070237353    
7130.205   152.530119   33.059179   0.182236   0.8613559393857508    
7130.505   152.49499    33.069455   0.17684    0.8606063380583081    
7130.802   152.458026   33.085408   0.173604   0.8596024104091071    
7131.104   152.447086   33.110523   0.172232   0.8584518503765626    
7131.399   152.425577   33.131526   0.173088   0.8573779477241192    
7131.708   152.407822   33.166009   0.176079   0.8557755521175945    
7132.001   152.386146   33.195193   0.181097   0.8543601066835325    
7132.299   152.362255   33.213229   0.187037   0.8533904520575862    
7132.601   152.359063   33.239622   0.194857   0.8522610590396119    
7132.903   152.348021   33.271303   0.203413   0.850840975944856     
7133.196   152.330275   33.293867   0.212433   0.8497404598284721    
7133.496   152.348193   33.331567   0.222422   0.8483356850172816    
7133.803   152.353814   33.375267   0.232018   0.8465718004233428    
7134.1     152.339725   33.379068   0.241468   0.846285936269153     
7134.403   152.356944   33.384429   0.250148   0.8462200350680142    
7134.703   152.346092   33.352733   0.257442   0.8474371955015386    
7135.001   152.349296   33.308653   0.263851   0.8492983537851739    
7135.298   152.341085   33.26209    0.269567   0.8511615483051398    
7135.605   152.310104   33.207346   0.274425   0.8531616089351052    
7135.903   152.337149   33.177758   0.278412   0.8546423982575478    
7136.201   152.316204   33.154966   0.281117   0.8554038830145734    
7136.499   152.309205   33.144639   0.282917   0.8557717740162196    
7136.797   152.304653   33.135341   0.283944   0.856119033709196     
7136.996   152.302711   33.134034   0.284021   0.8561560123907109    
7138       152.311682   33.21991    0.27965    0.8526519434850528    
7138.999   152.308362   33.380737   0.269232   0.8459314504998373    
7140.03    152.294015   33.582872   0.257713   0.837437841425682     
7141.089   152.304712   33.800306   0.250556   0.8285950553445496    
7142.11    152.264887   33.960984   0.250442   0.8216631739166638    
7143.186   152.283132   34.085279   0.255098   0.8167684136749903    
7144.292   152.276862   34.201224   0.260112   0.8120072212704237    
7145.42    152.222247   34.305609   0.259803   0.8072887796375466    
7146.563   152.267212   34.453314   0.251446   0.8017463537496526    
7147.707   152.256678   34.597289   0.237252   0.7958737563703223    
7148.892   152.227806   34.729708   0.222176   0.7903191361464851    
7150.085   152.230926   34.822685   0.211868   0.7866438962048566    
7151.306   152.23311    34.861497   0.206171   0.7851206634011288    
7152.532   152.223421   34.840607   0.201745   0.7858628353168081    
7153.782   152.200658   34.804028   0.199371   0.7871108228736798    
7155.049   152.177123   34.745866   0.200717   0.7892134988531757    
7156.344   152.16268    34.656098   0.203793   0.7926655731209183    
7157.652   152.14106    34.518801   0.20643    0.7979676503426447    
7158.975   152.104103   34.381157   0.20672    0.803165923270816     
7160.33    152.099102   34.291403   0.206753   0.8067414296038179    
7161.705   152.057295   34.222299   0.207835   0.8091550217490052    
7163.084   152.029104   34.167383   0.211039   0.8111228781482722    
7164.491   151.98953    34.12177    0.215367   0.8126127891415196    
7165.911   151.937988   34.112893   0.218882   0.8125033769534354    
7167.353   151.901307   34.154558   0.221868   0.8104779886136108    
7168.82    151.884917   34.200585   0.224785   0.8084629669551441    
7170.299   151.852225   34.23185    0.228893   0.806898980222374     
7171.793   151.804198   34.254345   0.236027   0.8055507737506936    
7173.321   151.777961   34.35573    0.247253   0.801217308632119     
7174.856   151.734244   34.490561   0.261537   0.7953923230502232    
7176.418   151.719671   34.625885   0.277722   0.7898347921866039    
7177.982   151.687725   34.706515   0.293302   0.7863210864174758    
7179.592   151.669955   34.748206   0.303967   0.7844957471257311    
7181.193   151.638249   34.762415   0.306788   0.7836397929842831    
7182.836   151.626281   34.792094   0.304361   0.7823482646330877    
7184.49    151.581802   34.827015   0.298399   0.7805521375855925    
7186.159   151.549095   34.874683   0.28738    0.778358472460367     
7187.851   151.498356   34.943672   0.273298   0.7751569754051104    
7189.559   151.510182   35.039086   0.259378   0.7714877716552795    
7191.288   149.949355   34.771698   0.242237   0.7677547136303022    
7193.037   151.121428   35.123065   0.231555   0.764612663024037     
7194.801   151.302815   35.237899   0.22729    0.7617526522892821    
7196.593   151.294094   35.301704   0.232427   0.7591667761442947    
7198.387   151.261768   35.350056   0.244772   0.7569746880165167    
7200.219   151.20118    35.385302   0.261554   0.7550392034259822    
7202.053   151.163189   35.423355   0.282151   0.753202191439315     
7203.922   151.123893   35.473318   0.306219   0.7508895527584227    
7205.801   151.086285   35.516682   0.329165   0.7488524044473238    
7207.708   151.029537   35.552865   0.340221   0.7469214607097048    
7209.618   150.95756    35.576646   0.330369   0.7453348334915696    
7211.564   150.906253   35.603515   0.297498   0.7438181132326801    
7213.518   150.864743   35.65138    0.25252    0.7415759224294826    
7215.498   150.807103   35.694496   0.211102   0.7393722581623672    
7217.491   150.740128   35.758815   0.181284   0.7362629973241599    
7219.508   150.704833   35.848615   0.165064   0.7324641841900701    
7221.536   150.66833    35.928096   0.162551   0.7290606905183824    
7223.588   150.587123   36.005601   0.172901   0.7253287405390445    
7225.66    150.457517   36.053525   0.195072   0.7222933783301297    
7227.75    147.815023   35.476993   0.221807   0.7200784998365193    
7229.86    150.629581   36.190294   0.262997   0.7186316005654784    
7232       150.567678   36.192803   0.303168   0.7179661564434782    
7234.128   150.482761   36.199569   0.340888   0.7169257311365881    
7236.308   150.432487   36.222664   0.368579   0.715579349285926     
7238.489   150.40671    36.25259    0.381246   0.7141979674308079    
7240.692   150.371033   36.288647   0.379657   0.7124922274894016    
7242.912   150.30497    36.32172    0.366916   0.7106215580323324    
7245.162   147.497179   35.700318   0.342577   0.7084037424471654    
7247.423   150.052335   36.388266   0.33374    0.7057555507749929    
7249.699   150.055827   36.474413   0.327513   0.702512124639236     
7252       149.971925   36.546264   0.331461   0.6990111918634562    
7254.321   147.624615   36.037794   0.336451   0.6965666084304957    
7256.662   150.009369   36.688655   0.349942   0.6939702370901337    
7259.013   149.85196    36.727206   0.347889   0.691061050803373     
7261.392   149.414108   36.690973   0.337672   0.6883748159851276    
7263.787   138.908101   34.198057   0.305939   0.6848462580626709    
7266.203   149.624338   36.908898   0.323102   0.6821191322964977    
7268.632   150.144239   37.130979   0.315882   0.678614002372062     
7271.081   150.175664   37.229096   0.30196    0.6752482221207374    
7273.563   149.011856   37.047269   0.284585   0.6712532996926367    
7276.058   150.183625   37.435474   0.278742   0.6676636789758762    
7278.559   150.102315   37.512263   0.273861   0.6640748826060019    
7281.083   150.060254   37.585001   0.266921   0.6610031553323255    
7283.628   149.03544    37.410306   0.255768   0.6579639537563133    
7286.205   149.678594   37.644131   0.248086   0.655297764932898     
7288.783   150.224246   37.868854   0.246058   0.6520935569575925    
7291.389   150.195139   37.944132   0.255272   0.6490741375180253    
7294.014   150.152486   38.010609   0.277933   0.6462558609296074    
7296.664   150.080511   38.076028   0.307527   0.6432095802535219    
7299.322   149.952129   38.120572   0.337413   0.6404044480820956    
7302.006   148.20619    37.752304   0.360073   0.6376283051383878    
7304.709   150.084205   38.326908   0.385643   0.6341461853973993    
7307.422   149.983897   38.393232   0.399876   0.630824928428364     
7310.161   149.930183   38.460942   0.406062   0.6278878333257939    
7312.914   149.866839   38.527681   0.406375   0.6249007554125066    
7315.694   149.793455   38.590386   0.40674    0.6219695411802855    
7318.486   149.725644   38.650539   0.409204   0.6191846774471667    
7321.307   149.696156   38.728551   0.412097   0.6161186263535731    
7324.132   149.644883   38.797599   0.413934   0.613176515090033     
7326.978   149.55158    38.861506   0.415363   0.6100326128208919    
7329.863   149.484573   38.932587   0.418377   0.6068803400383112    
7332.755   149.401646   38.996622   0.426734   0.6038350733126718    
7335.663   149.37747    39.074628   0.437764   0.6008426694989986    
7338.58    148.159895   38.852836   0.440582   0.5973904234429319    
7341.529   149.128969   39.201014   0.440382   0.5940628582776343    
7344.5     149.120774   39.298842   0.425677   0.5905340341918363    
7347.481   149.063272   39.37928    0.404015   0.5871672516532701    
7350.496   148.997295   39.45896    0.38275    0.583753861258378     
7353.517   148.945271   39.535153   0.365506   0.5805977994407884    
7356.566   148.871877   39.606495   0.350776   0.5774175351096554    
7359.618   148.801557   39.695949   0.338703   0.5736378480261767    
7362.703   148.732531   39.783983   0.330168   0.5699263815445808    
7365.806   148.659004   39.884317   0.327501   0.565752186462385     
7368.924   148.598626   39.985775   0.332564   0.5616700618476959    
7372.065   148.516243   40.077756   0.347242   0.5577189224795748    
7375.218   148.441581   40.159183   0.373848   0.5542107149815396    
7378.399   148.349183   40.231994   0.413444   0.5508388796978299    
7381.584   148.269869   40.313982   0.458881   0.5472779160214293    
7384.799   148.184221   40.394739   0.494052   0.5437052891616805    
7388.028   148.126539   40.474386   0.509221   0.5404372870330733    
7391.284   148.056066   40.551076   0.507731   0.5371557775058907    
7394.563   147.961291   40.627094   0.499664   0.5336743161051646    
7397.846   147.914484   40.714802   0.49383    0.530248651231313     
7401.164   147.814183   40.791149   0.494609   0.5267138038210788    
7404.479   147.715733   40.860582   0.497012   0.5234349108457674    
7407.829   147.627495   40.947086   0.497939   0.5196775861477428    
7411.201   147.557639   41.037421   0.49788    0.5159692035273715    
7414.578   147.458031   41.113585   0.49825    0.5124651423524116    
7417.992   147.356114   41.187326   0.500872   0.5090249880690773    
7421.406   147.256248   41.266234   0.508366   0.5054344436468414    
7424.863   147.172449   41.358913   0.520194   0.5015382464908507    
7428.317   147.076428   41.443285   0.52908    0.4978110847153152    
7431.798   146.986415   41.533463   0.531117   0.49395203582028724   
7435.301   146.869519   41.612285   0.529155   0.49022344992759503   
7438.816   146.745242   41.689483   0.522185   0.48648324389823594   
7442.354   146.594655   41.764502   0.508918   0.4825704686532536    
7445.907   142.694144   40.763937   0.48207    0.47880407260467356   
7449.483   146.496965   41.964537   0.48524    0.47502798767156      
7453.088   145.17406    41.710156   0.478927   0.470884622111747     
7456.704   146.287302   42.137118   0.484856   0.46735870707465543   
7460.331   145.717406   42.084166   0.487207   0.463693438407033     
7463.99    146.123065   42.321013   0.497674   0.4597701469910296    
7467.662   142.131313   41.286035   0.498349   0.4556996852548968    
7471.352   146.062355   42.54796    0.531319   0.4517858114092133    
7475.06    145.929681   42.625119   0.54898    0.44801709330492434   
7478.786   145.774989   42.690965   0.562946   0.44440959693206994   
7482.533   145.652876   42.782193   0.576675   0.4402916196413835    
7486.3     145.513456   42.859411   0.593582   0.43646696344764707   
7490.096   145.400498   42.94627    0.610882   0.4325866518606527    
7493.897   145.286726   43.027873   0.624514   0.4288726143911914    
7497.727   145.195401   43.122645   0.62999    0.4249537824192733    
7501.565   145.036272   43.197184   0.628741   0.42104232585294143   
7505.424   144.912974   43.28347    0.626303   0.4170998798977155    
7509.302   144.794559   43.38647    0.626833   0.41267489609392854   
7513.206   144.676764   43.471287   0.630883   0.40884203326002516   
7517.13    144.584104   43.55939    0.637338   0.4051498616358321    
7521.071   144.427789   43.629968   0.64227    0.4014086941631077    
7525.026   144.262321   43.725109   0.645439   0.39680323396843475   
7528.997   144.129346   43.816355   0.646607   0.39263798098481356   
7532.994   144.021544   43.909087   0.646856   0.38867282158350996   
7537.013   143.884601   43.992529   0.650758   0.3847250334132627    
7541.043   143.761109   44.083021   0.656853   0.38068903515753283   
7545.1     143.581617   44.153541   0.663013   0.3767441298217857    
7549.168   143.458443   44.247795   0.667993   0.37260127873555304   
7553.271   143.300494   44.324614   0.668641   0.3686723527318456    
7557.368   143.146864   44.40013    0.664969   0.3648283538794602    
7561.518   143.009571   44.486148   0.660516   0.3608179609567428    
7565.666   142.866465   44.576171   0.661006   0.35663064061636507   
7569.823   142.739688   44.667619   0.667422   0.35256186596926137   
7574       142.574753   44.748863   0.679847   0.34844295222407706   
7578.204   142.406095   44.838429   0.697082   0.3440334060699946    
7582.417   142.268104   44.926938   0.714987   0.3399586728869695    
7586.677   142.067732   45.002196   0.729417   0.3356877196126282    
7590.93    141.877404   45.076792   0.739034   0.3315363003439993    
7595.209   141.656416   45.145684   0.744495   0.3272614006122808    
7599.511   141.386948   45.190182   0.747517   0.3232590204185       
7603.833   140.829437   45.150457   0.750881   0.3190041629951696    
7608.162   140.624678   45.223017   0.75975    0.3147641465475385    
7612.526   140.415663   45.293962   0.770334   0.31053216472464107   
7616.913   140.366996   45.410281   0.779606   0.306499022056126     
7621.299   140.459763   45.580815   0.78491    0.3022217267625886    
7625.716   140.45302    45.718286   0.787251   0.2979835623118027    
7630.153   140.353938   45.833068   0.792746   0.2935324372548677    
7634.603   140.218879   45.933635   0.80194    0.2891625571682368    
7639.034   140.023876   46.01771    0.813478   0.2847014965563845    
7643.522   139.855943   46.090742   0.826627   0.2808423871599591    
7648.035   139.710411   46.176555   0.837005   0.27682341326817606   
7652.596   139.536442   46.264282   0.845286   0.27246812537671045   
7657.138   139.350847   46.360297   0.851803   0.2677524256418532    
7661.688   139.1622     46.440374   0.855712   0.2634851628458838    
7666.284   138.947273   46.511412   0.857617   0.25922667917437775   
7670.903   138.812711   46.615246   0.85929    0.25479539567550713   
7675.498   138.617388   46.696666   0.860364   0.25042736105299146   
7680.169   138.420838   46.771882   0.86225    0.24623224314331726   
7684.803   138.129635   46.815545   0.866185   0.24202232429601633   
7689.523   138.280788   47.020532   0.876613   0.2374850615907681    
7694.189   137.964036   47.049497   0.886222   0.23345519125748201   
7698.904   137.74108    47.119736   0.89725    0.22914823392999134   
7703.652   137.481821   47.178277   0.906959   0.22481842308105576   
7708.386   137.432579   47.31004    0.918384   0.2204586818365263    
7713.193   137.195357   47.393165   0.930586   0.21563368851649867   
7717.98    136.931277   47.450097   0.942096   0.2113016055230481    
7722.786   136.754789   47.540817   0.953071   0.20686903687366492   
7727.606   136.532073   47.604531   0.961979   0.2027558893695625    
7732.47    136.347627   47.687118   0.969153   0.19848205595456728   
7737.376   136.085293   47.747397   0.97616    0.19406427336176343   
7742.238   136.154469   47.938006   0.98682    0.18924924086003433   
7747.178   135.882316   47.996632   0.995587   0.1847844329392048    
7752.088   135.660133   48.070627   1.002976   0.18038352354046455   
7757.051   135.447918   48.149241   1.010844   0.1759512338471336    
7762.016   135.226446   48.206086   1.020685   0.1720498316243241    
7767.01    135.014352   48.28294    1.032064   0.16766867284576267   
7772.006   134.785413   48.365276   1.044144   0.16295746696012028   
7777.047   134.573951   48.45603    1.05587    0.1581855184040948    
7782.082   134.351839   48.540691   1.065534   0.15347907648243997   
7787.139   134.154812   48.615769   1.075538   0.14930514506797646   
7792.19    133.994934   48.719403   1.084404   0.14470344873268887   
7797.287   133.793896   48.809713   1.093013   0.14005805040710098   
7802.401   133.581978   48.882135   1.099758   0.13580827842692492   
7807.54    133.346689   48.952996   1.106911   0.13135946536208065   
7812.702   133.138372   49.029186   1.114346   0.12703933323776376   
7817.931   132.94542    49.123657   1.122577   0.1223636515321533    
7823.073   132.697357   49.190655   1.131365   0.1178884309748663    
7828.298   132.467709   49.262542   1.139555   0.11346603962512733   
7833.52    132.597196   49.471739   1.15111    0.10894928604272842   
7838.775   132.077536   49.446003   1.158014   0.10423045691544959   
7844.051   132.213467   49.657801   1.171234   0.09973439261607682   
7849.326   131.930212   49.710587   1.180938   0.09529164791314589   
7854.645   130.868151   49.475758   1.18416    0.09065427468588753   
7859.975   131.518627   49.889865   1.203543   0.08597635011766315   
7865.32    131.291546   49.967834   1.216381   0.0814192284860343    
7870.698   131.073972   50.043115   1.228597   0.07703622093093929   
7876.066   130.846356   50.12202    1.241455   0.07244605734555581   
7881.474   130.613904   50.1992     1.25355    0.06785144736823963   
7886.891   130.360972   50.26442    1.265604   0.06336768661461263   
7892.343   130.133122   50.341908   1.27735    0.05881044488646789   
7897.806   129.798308   50.378537   1.287524   0.05423419108162299   
7903.284   129.605372   50.466015   1.300492   0.04977024073210922   
7908.786   129.361168   50.536346   1.312275   0.04522842883195674   
7914.328   129.124616   50.61162    1.323661   0.040631158218669694  
7919.846   128.860792   50.670795   1.334863   0.036179210816592665  
7925.415   128.602454   50.736926   1.346052   0.03159250848188672   
7930.976   128.219452   50.746895   1.356079   0.02718860827639203   
7936.583   127.901803   50.795163   1.36529    0.022435530658251792  
7942.195   127.889986   50.958369   1.377347   0.017863773290090663  
7947.829   127.557246   50.993311   1.386593   0.013305380014580879  
7953.477   127.219598   51.025348   1.39599    0.008763634356233261  
7959.157   126.956457   51.084173   1.406873   0.004299278114760021  
7964.835   126.6325     51.112205   1.416701   0                     