# XDI/1.0 
# Spectrum.license:CC BY 4.0
# Publication.authors: Bruce Ravel
# Publication.affiliation: Brookhaven National Laboratory, NSLS-II
# Facility.name:NSLS-II
# Sample.temperature:rt
# Sample.prep:PEG pellet
# Sample.smiles:[Ca+2].[Ca+2].[Ca+2].[Fe+3].[Fe+3].[Si+4].[Si+4].[Si+4].[O-2].[O-2].[O-2].[O-2].[O-2].[O-2].[O-2].[O-2].[O-2].[O-2].[O-2].[O-2]
# Publication.DOI: https://doi.org/10.18434/mds2-4032
# Sample.name:Andradite
# Scan.number:scan1
# Sample.id:emsvvd
# Scan.start_time:2023-05-05
# Element.symbol:Fe
# Facility.energy:3.0 GeV
# Beamline.flux:Si(111): 2x10^12 at 10 keV; 6x10^10 at 20 keV; Si(311): 4x10^11 at 10 keV; 1x10^10 at 20 keV
# Beamline.name:Beamline for Materials Measurement (BMM)
# Beamline.energy_range:4.0 - 23
# Beamline.scan_mode:Transmission
# Beamline.energy_resolution:Si(111): 1.3 x 10^-4; Si(311):1.9 x 10^-5 
# Beamline.spot_size:300 µm
# Beamline.detector:Ionization chamber
# Beamline.website:https://www.bnl.gov/nsls2/beamlines/beamline.php?r=6-BM
# Mono.name:Si(111) and Si(311)
# Element.edge:K
# Column.1:Energy
# Column.2:I0
# Column.3:Itrans
# Column.4:Irefer
# Column.5:Mutrans
# Energy   I0           Itrans      Irefer     Mutrans               
6912.005   154.325037   16.175037   3.035486   0.5107727517493108    
6922.009   154.122582   16.342295   3.088761   0.49955824934576926   
6932.013   154.04819    16.523716   3.145731   0.48841837347358674   
6942.015   154.062682   16.722521   3.205757   0.4769472151104735    
6952.004   154.046503   16.911085   3.264932   0.4660055005840884    
6962.018   154.044185   17.101591   3.324063   0.4551611846873671    
6972.014   154.014101   17.286392   3.383266   0.4445815738822852    
6982.029   153.971508   17.477412   3.443548   0.43368982000896383   
6992.008   153.897132   17.662501   3.504158   0.4230384261933688    
7002.013   153.855435   17.857267   3.566524   0.4121743019893323    
7012.008   153.789894   18.050612   3.629191   0.40135134386002247   
7022.008   153.718403   18.23986    3.691239   0.3908188403809329    
7032.008   153.655204   18.430129   3.753054   0.38038882013073305   
7042.006   153.55468    18.620762   3.814877   0.3698078174194288    
7052.005   153.462011   18.802702   3.875537   0.35982407017977125   
7062.008   152.723519   18.913519   3.920368   0.34947958575595606   
7072.009   153.245115   19.172992   3.994044   0.33960302704221107   
7081.984   153.161417   19.35998    4.047313   0.3296920915322972    
7083.985   153.416101   19.425434   4.061794   0.3280353393344213    
7085.98    153.538043   19.482267   4.074424   0.325979146698341     
7087.99    153.538944   19.52263    4.084521   0.3239839850241196    
7089.988   153.518477   19.559026   4.092891   0.32205446330967724   
7091.993   153.490507   19.589855   4.096583   0.3203557071135999    
7093.991   153.441515   19.621455   4.09955    0.3184888852079921    
7095.986   153.448808   19.656585   4.102733   0.3168055140490299    
7097.982   153.37803    19.676262   4.100055   0.3153922209298397    
7099.996   153.314848   19.707677   4.095586   0.31345161140095873   
7102.001   153.288442   19.740433   4.084812   0.3116795844741827    
7102.292   153.272316   19.745121   4.083001   0.31134831609710084   
7102.587   153.253419   19.738054   4.078121   0.31157519173773646   
7102.884   153.263531   19.748819   4.076891   0.3111118600361567    
7103.188   153.205944   19.748945   4.072433   0.31074237645530395   
7103.483   153.192726   19.751121   4.068941   0.3105524507253884    
7103.787   153.187602   19.753202   4.065028   0.31041826097889375   
7104.089   153.17892    19.759381   4.060872   0.31006110432164896   
7104.386   153.1846     19.759008   4.054896   0.3101152014822679    
7104.686   153.181329   19.768318   4.051365   0.30963915151530064   
7104.989   153.153167   19.771187   4.046249   0.30932110330425244   
7105.285   153.135569   19.767441   4.038032   0.3093931985417989    
7105.593   153.121867   19.770225   4.030644   0.3091705469354652    
7105.886   153.101312   19.769031   4.020817   0.30909914929503796   
7106.188   153.084398   19.770329   4.011555   0.3089288668004307    
7106.49    153.070209   19.769892   4.001737   0.308860625776047     
7106.794   153.096362   19.774922   3.991409   0.3087798501551981    
7107.094   153.062434   19.778821   3.980279   0.3083749862632084    
7107.385   153.048482   19.780587   3.966497   0.3082005449051002    
7107.685   153.056384   19.779238   3.948498   0.30831639112591475   
7107.987   153.027804   19.784863   3.929747   0.3078609576015461    
7108.291   153.04354    19.789971   3.908335   0.30771080287817043   
7108.586   153.05526    19.79057    3.882921   0.30775557255038966   
7108.888   153.023978   19.787735   3.850973   0.307696460960538     
7109.188   152.9998     19.790429   3.812455   0.3074120901888793    
7109.493   152.990608   19.79027    3.762826   0.3073617743241102    
7109.799   152.973236   19.788944   3.694995   0.30731677084274955   
7110.093   152.964631   19.786022   3.603685   0.30740514765315924   
7110.395   152.905396   19.772515   3.47272    0.3076908871929881    
7110.697   152.876534   19.76568    3.291794   0.30784263554434044   
7110.995   152.869106   19.755937   3.053359   0.3082723171465277    
7111.297   152.837938   19.743481   2.769001   0.30868491423489525   
7111.595   152.810137   19.727224   2.475705   0.3093054120550179    
7111.891   152.753449   19.704892   2.208997   0.3100417337989377    
7112.194   152.724259   19.678809   1.995709   0.31113750101044746   
7112.49    152.704169   19.649743   1.836109   0.312439294956284     
7112.796   152.699638   19.610504   1.712781   0.31434307504485093   
7113.092   152.671917   19.566765   1.616234   0.31632620196357514   
7113.399   152.670068   19.549239   1.531164   0.31718080717874736   
7113.697   152.645704   19.548584   1.45615    0.31705890604256065   
7114       152.633537   19.561129   1.389955   0.31636164380312604   
7114.304   152.63484    19.56044    1.330212   0.31640394931398297   
7114.6     152.619319   19.553273   1.281859   0.3166599246267334    
7114.901   152.586657   19.55041    1.243573   0.31659457069058244   
7115.199   152.571876   19.567897   1.216655   0.3156365820223464    
7115.502   152.570969   19.597019   1.198469   0.3141931263348135    
7115.802   152.552858   19.625106   1.185373   0.31269377069961507   
7116.092   152.547747   19.632434   1.175289   0.3123004622838804    
7116.393   152.50418    19.628134   1.162983   0.31223608861110935   
7116.693   152.522028   19.617715   1.146827   0.31286253344558546   
7116.998   152.517642   19.597346   1.12185    0.31383903292358445   
7117.299   152.508301   19.576828   1.085637   0.31479252455901935   
7117.595   152.5168     19.542345   1.037998   0.31655076221128947   
7117.896   152.483344   19.493325   0.979149   0.31876672781723736   
7118.199   152.458827   19.436069   0.912687   0.3214550194232528    
7118.502   152.438276   19.358811   0.843708   0.3251751883825504    
7118.805   152.43484    19.265637   0.776032   0.32981762847968704   
7119.104   152.436793   19.151978   0.713789   0.3355503497021245    
7119.398   152.41143    19.019202   0.655236   0.34211510701373316   
7119.701   152.393376   18.877529   0.600081   0.34922884882138083   
7120       152.381198   18.720614   0.54733    0.3572211045016591    
7120.301   152.368444   18.547585   0.497122   0.36611716839104536   
7120.595   152.361745   18.350432   0.450379   0.37640587534023      
7120.892   152.332456   18.131303   0.407963   0.3878338691860975    
7121.199   152.313829   17.892006   0.370155   0.40055984129830224   
7121.5     152.293447   17.645614   0.338302   0.41383624279271103   
7121.801   152.299131   17.373718   0.310852   0.42888473581186626   
7122.102   152.291783   17.065178   0.286643   0.4461609937024527    
7122.401   152.297665   16.713044   0.264846   0.4663556938752805    
7122.705   152.287414   16.317504   0.244813   0.4894454809527186    
7123.001   152.267776   15.896151   0.227208   0.5146124838941268    
7123.305   152.262671   15.4671     0.211101   0.5410322666588648    
7123.597   152.240812   15.081625   0.197436   0.5652925205529328    
7123.899   152.218353   14.737836   0.185744   0.5874423624735791    
7124.204   152.19314    14.442898   0.175575   0.6068254371777723    
7124.499   152.19418    14.196694   0.166411   0.6234541382765859    
7124.794   152.16114    13.971945   0.158529   0.6386714694987087    
7125.095   152.170622   13.775547   0.151208   0.652417422322072     
7125.397   152.15172    13.585963   0.144617   0.6656945689189706    
7125.702   152.123197   13.412121   0.138374   0.6779634688012265    
7126.002   152.113769   13.239437   0.132713   0.6904315688274267    
7126.299   152.094225   13.038618   0.126574   0.7050836874060842    
7126.605   152.056925   12.775589   0.120023   0.7245484025464385    
7126.902   152.031419   12.450384   0.112889   0.7493138060873082    
7127.203   152.020994   12.062295   0.105382   0.7798617621583182    
7127.505   152.008995   11.646549   0.097752   0.8136939861851384    
7127.802   151.994772   11.248863   0.090545   0.8471913831604377    
7128.093   151.898866   10.892425   0.083942   0.8777102027364992    
7128.397   151.936463   10.578178   0.077747   0.9062506478340301    
7128.701   151.921971   10.304637   0.072008   0.931486672195485     
7128.996   151.908178   10.089284   0.067005   0.9518168925317951    
7129.295   151.879915   9.912912    0.0625     0.9686864430285169    
7129.597   151.85591    9.777608    0.058847   0.9818200249237217    
7129.899   151.81235    9.679783    0.055544   0.9912637766483516    
7130.203   151.796349   9.61646     0.053198   0.9975069547604504    
7130.502   151.75208    9.588896    0.051461   1                     
7130.8     151.731431   9.598011    0.050445   0.9989499030517043    
7131.102   151.69399    9.653042    0.05047    0.993184173277868     
7131.404   151.673943   9.752161    0.051092   0.9831802175685282    
7131.706   151.663914   9.882264    0.052633   0.9703041342855474    
7132.001   151.63842    10.01375    0.054742   0.957363505928615     
7132.299   151.648945   10.125064   0.057267   0.9467433268275158    
7132.597   151.641335   10.199626   0.059879   0.9396016098618057    
7132.899   151.631816   10.231564   0.062629   0.9365184573214663    
7133.201   151.640483   10.225743   0.065399   0.9371238825155829    
7133.496   151.63824    10.188092   0.06813    0.94067572914104      
7133.798   151.635295   10.13938    0.070721   0.9452903577182012    
7134.098   151.620398   10.097048   0.072994   0.9492400397663652    
7134.398   151.619013   10.07347    0.075499   0.9514913568033638    
7134.703   151.619699   10.080301   0.077867   0.9508403786772274    
7135.001   151.620834   10.117937   0.080392   0.9472448396543346    
7135.301   151.604959   10.178689   0.082665   0.9413561956904416    
7135.601   151.588606   10.25195    0.084762   0.9343186174332238    
7135.905   151.593804   10.326239   0.086773   0.9273715966462663    
7136.203   151.585765   10.386628   0.088088   0.9216830999373371    
7136.503   151.581941   10.43042    0.089127   0.9175912538125706    
7136.797   151.559171   10.463427   0.089696   0.9143915585174609    
7136.998   151.576629   10.483939   0.090082   0.9126095855940766    
7138.003   151.578746   10.595907   0.089182   0.9023529243697844    
7139.005   151.570522   10.787102   0.08707    0.885011622593387     
7140.017   151.560702   10.972409   0.084452   0.8684825363177481    
7141.087   151.560073   11.0293     0.081811   0.8634789282694474    
7142.108   151.973584   11.060972   0.081524   0.8633408174698011    
7143.186   151.985458   11.203343   0.083908   0.8510521810833055    
7144.289   151.99089    11.479199   0.087476   0.8275709788218389    
7145.417   151.988483   11.743283   0.088994   0.8055669989348717    
7146.559   151.974464   11.951192   0.087344   0.7885116417644695    
7147.707   151.880744   12.129304   0.083335   0.7736137480451223    
7148.89    151.931175   12.298853   0.078881   0.7605145214035571    
7150.087   151.930525   12.447773   0.0758     0.7488747780680126    
7151.297   151.938935   12.618539   0.074892   0.735755904172583     
7152.529   151.924764   12.794467   0.07415    0.722280293063127     
7153.786   151.910088   12.952352   0.074407   0.7103300443279607    
7155.047   151.900848   13.09825    0.07585    0.6994423752728051    
7156.342   151.898758   13.251662   0.078162   0.6881718355621231    
7157.656   151.858345   13.396992   0.080373   0.6773699702414452    
7158.975   151.820107   13.504121   0.081342   0.6694265959768525    
7160.332   151.840633   13.574484   0.081878   0.6645331047623606    
7161.701   151.788322   13.589539   0.08272    0.6631283859470467    
7163.08    151.75135    13.550542   0.083843   0.6656711019334266    
7164.491   151.708426   13.473527   0.084942   0.6709078747949334    
7165.917   151.645201   13.373641   0.085961   0.6776986351845913    
7167.351   151.580988   13.24319    0.086129   0.6867655381727434    
7168.811   151.569099   13.068822   0.085942   0.6995031530474471    
7170.292   151.557773   12.869563   0.086157   0.714284462101218     
7171.795   151.535076   12.667739   0.087294   0.7294207366386435    
7173.321   151.490734   12.469739   0.089712   0.744367781439691     
7174.849   151.452934   12.26709    0.093051   0.7599665903034228    
7176.42    151.437086   12.111941   0.097311   0.772170524957496     
7177.985   151.403097   12.075264   0.102252   0.7748854600352303    
7179.585   151.389693   12.105434   0.105911   0.7723874444196387    
7181.197   151.360246   12.154449   0.107355   0.7682928826129573    
7182.839   151.338257   12.207759   0.10671    0.7639214603220845    
7184.485   151.277407   12.283014   0.105246   0.7575913759380803    
7186.152   151.249071   12.405436   0.102073   0.7478225402929404    
7187.842   151.209785   12.544331   0.098109   0.7368074560221687    
7189.568   151.197971   12.658647   0.093776   0.7279618130479982    
7191.288   149.647345   12.595093   0.087801   0.7228618801147914    
7193.041   150.818034   12.699313   0.083831   0.7224287161750053    
7194.796   151.007094   12.677241   0.081842   0.7253215757882814    
7196.593   150.953619   12.61632    0.083162   0.729636148393353     
7198.385   150.939401   12.550626   0.087003   0.7345921995884381    
7200.222   150.889484   12.515392   0.092767   0.7369902706269531    
7202.061   150.85266    12.534565   0.100068   0.7352744170262053    
7203.918   150.81037    12.583621   0.108799   0.731227191925454     
7205.801   150.757279   12.644232   0.117101   0.7262414435533162    
7207.695   150.724005   12.712525   0.121705   0.7208205326186666    
7209.62    150.648166   12.79316    0.118858   0.7142212482585474    
7211.562   150.604653   12.885603   0.107621   0.7069813409380057    
7213.516   150.551697   12.974123   0.091881   0.7000227505954344    
7215.493   150.468362   13.063012   0.077274   0.6928865712146008    
7217.494   150.426138   13.161564   0.066861   0.6853490709376059    
7219.504   150.362451   13.257224   0.061114   0.6779385837587116    
7221.536   150.318302   13.341321   0.060335   0.6715414543459638    
7223.59    150.264707   13.420217   0.064583   0.6654964780509658    
7225.66    150.153546   13.498698   0.073082   0.6591439482803019    
7227.753   147.520623   13.352409   0.083708   0.6525758004737909    
7229.858   150.317664   13.678419   0.099481   0.6474136285802535    
7231.991   150.263663   13.715601   0.114916   0.6444418994369872    
7234.125   150.191588   13.716116   0.128994   0.6439417775886743    
7236.305   150.133583   13.689141   0.139195   0.6454714943554718    
7238.491   150.111353   13.65136    0.143674   0.6480002001099778    
7240.69    150.046564   13.603027   0.14219    0.6510117502075459    
7242.91    150.028139   13.555513   0.136835   0.6542757214737637    
7245.162   147.212765   13.253045   0.12701    0.6577773517121781    
7247.421   149.762126   13.427307   0.122988   0.6617470013742783    
7249.699   149.775522   13.378274   0.120099   0.6653702724069783    
7252.003   149.674189   13.340777   0.121056   0.6674294317069184    
7254.321   147.326884   13.140288   0.122818   0.6667868430017071    
7256.666   149.75259    13.393365   0.127734   0.6641323338222187    
7259.006   149.581305   13.424937   0.127071   0.6607496999995766    
7261.394   149.144482   13.428909   0.123506   0.657636358918508     
7263.787   138.388873   12.514268   0.111888   0.6534720258675966    
7266.201   149.327797   13.548362   0.118525   0.6502624022294926    
7268.632   149.936926   13.659356   0.11624    0.6463101008000784    
7271.081   149.89563    13.716309   0.111022   0.6420212674504217    
7273.563   148.727742   13.682328   0.10512    0.63685747412747      
7276.049   149.895258   13.869091   0.10316    0.6313099864001314    
7278.559   149.831784   13.933659   0.101811   0.626410203018674     
7281.08    149.79012    13.969728   0.099236   0.6236420046225222    
7283.633   148.745895   13.89965    0.095196   0.6217407594010211    
7286.202   149.398945   13.975289   0.092085   0.6207292670178977    
7288.786   149.517437   14.007052   0.090938   0.6193009741932957    
7291.389   149.490897   14.026239   0.094376   0.6178059899818602    
7294.012   149.463657   14.058347   0.102641   0.615419304642527     
7296.666   149.402123   14.095696   0.113727   0.6124562230967427    
7299.322   149.258683   14.138085   0.125187   0.6086247069445964    
7302.006   147.550033   14.04458    0.133721   0.6039089307324637    
7304.705   149.378765   14.286904   0.143737   0.5992791808360963    
7307.419   149.293837   14.341609   0.149133   0.595034714884204     
7310.166   149.243516   14.391125   0.151802   0.5913767221125642    
7312.916   149.161004   14.434024   0.152163   0.587964536858529     
7315.696   149.112361   14.484405   0.1525     0.5842806946577517    
7318.479   149.048701   14.544023   0.154056   0.5798968602827389    
7321.304   148.99691    14.607621   0.155316   0.5753426695915813    
7324.137   148.932707   14.673301   0.156458   0.570588938499627     
7326.983   148.851603   14.733187   0.157388   0.5661247495079679    
7329.859   148.769284   14.785675   0.158679   0.5621519451830523    
7332.755   148.708335   14.821096   0.161944   0.5594425766646681    
7335.661   148.647686   14.86181    0.166158   0.5563961494154913    
7338.589   147.410085   14.791946   0.16748    0.5528688500590951    
7341.529   148.445756   14.931426   0.167649   0.5505640456980353    
7344.5     148.418945   14.976317   0.161963   0.5474872534664125    
7347.481   148.382968   15.000713   0.153734   0.5456793450621169    
7350.496   148.301293   15.009593   0.14543    0.5445749405906815    
7353.517   148.227987   15.010313   0.138389   0.5440505771735051    
7356.564   148.14837    15.012454   0.132879   0.5433932850456304    
7359.621   148.066581   15.016095   0.12821    0.5426249752758823    
7362.703   147.989221   15.037425   0.124737   0.5407474658157457    
7365.799   147.903325   15.067896   0.123754   0.5382291799178864    
7368.924   147.85986    15.115358   0.125648   0.5349046586574479    
7372.067   147.814824   15.177744   0.13118    0.530628249783745     
7375.216   147.735129   15.236578   0.141542   0.5263666551299803    
7378.395   147.631143   15.288422   0.157033   0.5224020464820128    
7381.579   147.532373   15.340159   0.174345   0.5184889987432223    
7384.801   147.440177   15.39227    0.188163   0.5146061302183069    
7388.031   147.404448   15.44961    0.194006   0.5107771168599085    
7391.282   147.316309   15.512779   0.193999   0.5062541553890659    
7394.561   147.261433   15.566167   0.191191   0.5025725413643445    
7397.851   147.180487   15.611      0.189068   0.49926058720894817   
7401.153   147.104126   15.658918   0.18947    0.49579596532029324   
7404.483   146.993324   15.710735   0.190775   0.49187369485122523   
7407.833   146.909487   15.768304   0.191477   0.4877861344675285    
7411.201   146.829045   15.826183   0.191844   0.4837145624222436    
7414.58    146.717936   15.878551   0.192372   0.4797890558587731    
7417.989   146.634961   15.933822   0.193567   0.475882863661349     
7421.404   146.536865   15.982202   0.19668    0.47230498444735514   
7424.863   146.448266   16.032863   0.201556   0.4686606754601053    
7428.319   146.366663   16.081627   0.205018   0.46518590757464345   
7431.805   146.252382   16.121272   0.205867   0.46205043563677495   
7435.305   146.118287   16.153586   0.205172   0.459227778676911     
7438.821   146.001655   16.194479   0.202274   0.4560115419721608    
7442.352   145.834206   16.235524   0.197564   0.4524549871458966    
7445.907   141.98316    15.870537   0.18739    0.4485641503435138    
7449.49    145.78364    16.364471   0.188992   0.44447181002899977   
7453.091   144.528093   16.294731   0.186853   0.4402384612559045    
7456.702   145.62642    16.484832   0.189288   0.43634416598457465   
7460.331   145.218529   16.505566   0.190783   0.4324173558471709    
7463.992   145.569096   16.609325   0.194968   0.4286900566895885    
7467.669   141.64674    16.218563   0.195522   0.4252998232023561    
7471.345   145.510156   16.720622   0.208392   0.42184204305660755   
7475.058   145.379659   16.763403   0.215538   0.41850428399547474   
7478.791   145.286996   16.808082   0.221241   0.4153146528175667    
7482.533   145.154218   16.850437   0.226697   0.41199764759568697   
7486.308   145.028668   16.889304   0.233479   0.4089337593085342    
7490.093   144.900972   16.928464   0.24025    0.40584321582046795   
7493.89    144.812666   16.969629   0.246111   0.4029058634225747    
7497.731   144.679568   17.012792   0.24829    0.3995610410139704    
7501.579   144.5734     17.062062   0.248136   0.39605562826985213   
7505.427   144.429853   17.108487   0.247281   0.3924683381640785    
7509.307   144.277883   17.157733   0.247413   0.38867181095707587   
7513.208   144.137756   17.204355   0.249606   0.3851090494483315    
7517.104   143.942756   17.247328   0.252143   0.38138851693464065   
7521.04    143.872143   17.303726   0.254396   0.37775805450359834   
7525.009   143.789385   17.366571   0.25615    0.37369702085932344   
7528.983   143.648775   17.42218    0.256696   0.36966050342782725   
7532.982   143.51461    17.483796   0.257444   0.36534411487530527   
7537.025   143.364638   17.54022    0.259187   0.3612184250191366    
7541.058   143.247247   17.60231    0.262053   0.35701035226720507   
7545.115   143.080391   17.65465    0.264672   0.3530132506636772    
7549.183   142.908075   17.705555   0.267012   0.3490647462892238    
7553.273   142.732644   17.760773   0.267668   0.3448669353586667    
7557.373   142.576791   17.812274   0.266501   0.34101148615444143   
7561.479   142.442861   17.866234   0.265063   0.3371786983222138    
7565.651   142.254131   17.921791   0.265239   0.332895375684623     
7569.809   142.168321   17.980788   0.268116   0.32913478647266137   
7573.971   142.036653   18.03197    0.273337   0.32549107441239067   
7578.174   141.87352    18.083189   0.280654   0.32163795693144936   
7582.402   141.726715   18.139004   0.288249   0.31765771681374944   
7586.672   141.515338   18.186163   0.294175   0.31370460656349125   
7590.93    141.340603   18.230354   0.298292   0.3101638806226207    
7595.177   141.071281   18.261672   0.300892   0.3066606185302175    
7599.477   140.813703   18.302134   0.302399   0.302754182604598     
7603.833   140.257271   18.303047   0.303838   0.2988782083402506    
7608.14    140.031559   18.345421   0.307857   0.29508560077858265   
7612.494   139.795607   18.382693   0.312243   0.2914931068866543    
7616.913   139.830303   18.463894   0.316264   0.28747201653409715   
7621.297   139.923084   18.548293   0.319056   0.28370427126067654   
7625.716   139.928948   18.622721   0.32031    0.2798732855944551    
7630.146   139.797442   18.681278   0.322508   0.27592921299254286   
7634.578   139.580676   18.733702   0.32622    0.27171988356348054   
7639.073   139.442927   18.794107   0.332087   0.26765314789233957   
7643.529   139.262602   18.844494   0.337438   0.26381374417884174   
7648.062   139.104265   18.892084   0.342112   0.26027557595609785   
7652.599   138.976962   18.952726   0.345942   0.25629219738723363   
7657.121   138.801169   19.01014    0.348502   0.25214437442099713   
7661.688   138.621805   19.063728   0.351019   0.24817291883399212   
7666.289   138.392181   19.107304   0.351667   0.24436288584937305   
7670.878   138.1059     19.147081   0.352548   0.24035049233539674   
7675.498   138.019564   19.221384   0.353349   0.23600156806263883   
7680.146   137.806898   19.271464   0.354601   0.2319952632838994    
7684.805   137.497971   19.305423   0.356369   0.22812355801406545   
7689.523   137.664239   19.407022   0.361321   0.22421746888348373   
7694.187   137.378716   19.448888   0.365608   0.2201269857002109    
7698.909   137.182642   19.509379   0.370778   0.21574400566833574   
7703.675   136.964817   19.561715   0.375458   0.21161777202660553   
7708.404   136.87306    19.631159   0.380492   0.20754399380605806   
7713.185   136.605967   19.674979   0.385478   0.20350007691530045   
7717.977   136.355457   19.726505   0.391018   0.19919711072192597   
7722.783   136.222455   19.797407   0.396679   0.1947851378139511    
7727.613   136.00907    19.855352   0.400595   0.19044411744527084   
7732.483   135.803706   19.914497   0.404373   0.18610779637133584   
7737.343   135.516492   19.957175   0.40723    0.18199141919512848   
7742.238   135.594583   20.056236   0.41215    0.17776155438718838   
7747.157   135.271119   20.098033   0.415886   0.17343996778963475   
7752.078   135.046241   20.147031   0.419527   0.16947743808614316   
7757.015   134.84346    20.200867   0.423482   0.16544482191906593   
7762.023   134.640723   20.258877   0.427963   0.16121799743727988   
7766.987   134.417922   20.30864    0.433624   0.1572451186252876    
7772.019   134.196281   20.360367   0.438748   0.1531904854318844    
7777.013   133.995625   20.413091   0.443686   0.1492436514477152    
7782.056   133.801594   20.471486   0.448412   0.1450811204146586    
7787.105   133.615977   20.529587   0.453003   0.14099914729776522   
7792.216   133.496452   20.596903   0.458058   0.13696917517269244   
7797.315   133.285332   20.647664   0.461605   0.13305943885999116   
7802.422   133.088528   20.711635   0.46525    0.12864031796579045   
7807.553   132.852928   20.764954   0.468706   0.12444183177816696   
7812.694   132.646805   20.826547   0.472557   0.12007738692612796   
7817.887   132.44335    20.886466   0.476291   0.11581601833168828   
7823.112   132.217179   20.93696    0.480838   0.11182934015944429   
7828.33    132.03307    21.003226   0.485198   0.10742724540911865   
7833.544   131.796341   21.060224   0.489432   0.10307233968679021   
7838.799   131.310645   21.076067   0.492732   0.09877608039926733   
7844.035   131.400478   21.181724   0.498826   0.0946028748267334    
7849.334   131.106595   21.229429   0.503507   0.09026340367071985   
7854.651   130.04688    21.149788   0.505506   0.08605105905664862   
7859.97    130.688097   21.348469   0.514269   0.08176678290435505   
7865.322   130.483418   21.413658   0.520384   0.07730394133705885   
7870.698   130.25538    21.466705   0.526115   0.07322098744625712   
7876.096   130.048548   21.524474   0.532032   0.06908651975351766   
7881.479   129.807505   21.584299   0.538351   0.06460972164996485   
7886.907   129.577493   21.643361   0.544033   0.060253401570798726  
7892.346   129.317542   21.692844   0.549609   0.05610424175289133   
7897.808   129.013568   21.74345    0.555056   0.05157644618641699   
7903.287   128.810617   21.804116   0.561199   0.04736087535834438   
7908.783   128.590823   21.864117   0.567047   0.043053173453063566  
7914.304   128.34151    21.914922   0.572217   0.03893318376792365   
7919.844   128.126414   21.981496   0.578135   0.03437917828677082   
7925.399   127.874744   22.036852   0.583692   0.030046857521498774  
7930.974   127.507387   22.074087   0.588617   0.025633456924222385  
7936.572   127.186716   22.116013   0.593409   0.021364632301940134  
7942.187   127.199303   22.214637   0.599348   0.017158742052579785  
7947.826   126.860754   22.255158   0.604033   0.012820408392813537  
7953.479   126.507076   22.292425   0.609167   0.008503892994410841  
7959.152   126.240485   22.343454   0.61419    0.004254032604163101  
7964.829   125.927601   22.386367   0.619499   0                     