# XDI/1.0 
# Spectrum.license:CC BY 4.0
# Publication.authors: Bruce Ravel
# Publication.affiliation: Brookhaven National Laboratory, NSLS-II
# Facility.name:NSLS-II
# Sample.temperature:rt
# Sample.prep:PEG pellet
# Sample.smiles:[Fe+2].[Ti+4].[O-2].[O-2].[O-2]
# Publication.DOI: https://doi.org/10.18434/mds2-4032
# Sample.name:Ilmenite
# Scan.number:scan1
# Sample.id:extn4w
# Scan.start_time:2023-05-05
# Element.symbol:Fe
# Facility.energy:3.0 GeV
# Beamline.flux:Si(111): 2x10^12 at 10 keV; 6x10^10 at 20 keV; Si(311): 4x10^11 at 10 keV; 1x10^10 at 20 keV
# Beamline.name:Beamline for Materials Measurement (BMM)
# Beamline.energy_range:4.0 - 23
# Beamline.scan_mode:Transmission
# Beamline.energy_resolution:Si(111): 1.3 x 10^-4; Si(311):1.9 x 10^-5 
# Beamline.spot_size:300 µm
# Beamline.detector:Ionization chamber
# Beamline.website:https://www.bnl.gov/nsls2/beamlines/beamline.php?r=6-BM
# Mono.name:Si(111) and Si(311)
# Element.edge:K
# Column.1:Energy
# Column.2:I0
# Column.3:Itrans
# Column.4:Irefer
# Column.5:Mutrans
# Energy   I0           Itrans      Irefer     Mutrans               
6911.997   153.756574   11.440968   2.146097   0.40713776753854247   
6922.011   153.570962   11.574532   2.186636   0.3961017267902834    
6932.038   153.545875   11.722126   2.230305   0.3850485553191166    
6942.013   153.543655   11.869301   2.274253   0.3742905749467806    
6951.999   153.53736    12.021501   2.319647   0.363282095734791     
6962.004   153.528263   12.173019   2.365351   0.3524442033681382    
6972.016   153.495232   12.32382    2.410979   0.3416555734383199    
6982.021   153.450659   12.472901   2.456767   0.33104984340370364   
6992.014   153.44801    12.627118   2.504021   0.3204520447437286    
7002.013   153.388948   12.778585   2.551217   0.3098513548614093    
7012.008   153.325245   12.931335   2.598758   0.2992600263305663    
7022.014   153.257347   13.085216   2.646551   0.2886907110778432    
7032.008   153.189333   13.235553   2.693911   0.27847025688379784   
7042.008   153.119624   13.38732    2.742444   0.2682592204983952    
7052.007   153.58669    13.587996   2.800023   0.2580683820232633    
7062.008   152.820421   13.681424   2.834646   0.24785961282149602   
7072.013   153.37162    13.887317   2.891306   0.23809632474591716   
7081.98    153.359247   14.04147    2.933497   0.2285197759666766    
7083.978   153.123612   14.04723    2.936717   0.2268422974340933    
7085.978   153.24899    14.092657   2.946678   0.22476660145608432   
7087.983   153.240892   14.121494   2.953067   0.22296063419615958   
7089.988   153.215878   14.147456   2.958661   0.2212381731780666    
7091.984   153.193507   14.17455    2.963445   0.21946466713013846   
7093.982   153.176245   14.199323   2.966319   0.21786377622137168   
7096.133   153.158291   14.225222   2.968404   0.21619343220273535   
7098.008   153.142065   14.246457   2.967342   0.21481754736009473   
7099.988   153.11253    14.26434    2.962799   0.21357106483150218   
7101.995   153.071875   14.278113   2.953832   0.21251121074238488   
7102.29    153.068508   14.278936   2.95144    0.21244262737887043   
7102.585   153.063965   14.28419    2.950085   0.2121002362459988    
7102.887   153.049551   14.286458   2.948097   0.2118824014007411    
7103.188   153.06571    14.290279   2.945563   0.2117430172163764    
7103.483   153.040987   14.289689   2.942111   0.2116394608869286    
7103.783   153.0545     14.29313    2.938933   0.21150814147858626   
7104.091   153.005332   14.289558   2.935152   0.21144668924656465   
7104.382   152.981462   14.282374   2.929627   0.21174540333411243   
7104.686   153.003242   14.288731   2.926989   0.21148476909945876   
7104.985   153.004276   14.29304    2.92354    0.21123091447877243   
7105.283   153.025094   14.288671   2.917087   0.21161137603826355   
7105.584   153.005666   14.288624   2.911442   0.21150486224645004   
7105.888   152.999459   14.288187   2.905281   0.21149626411137942   
7106.19    152.986031   14.291768   2.899208   0.21120485939120845   
7106.492   152.976183   14.286509   2.89059    0.21146638312019342   
7106.79    152.954397   14.285503   2.882036   0.2114043704487709    
7107.092   152.955661   14.287356   2.873701   0.21129978463199706   
7107.383   152.923544   14.285897   2.862812   0.211206881378014     
7107.693   152.940516   14.28572    2.850627   0.2113131273486914    
7107.987   152.950366   14.283811   2.835954   0.21148368345442548   
7108.287   152.926066   14.27846    2.818478   0.21166953603966224   
7108.586   152.918429   14.273696   2.797689   0.21191391886085614   
7108.891   152.901471   14.268207   2.774218   0.21214965585590875   
7109.188   152.881584   14.261296   2.744805   0.2124548781389441    
7109.495   152.864792   14.251529   2.706597   0.21295029511915312   
7109.793   152.85361    14.238804   2.655364   0.21365660735364983   
7110.093   152.850392   14.22047    2.586546   0.21474809998890282   
7110.395   152.811599   14.194062   2.487455   0.2161302992984563    
7110.697   152.802921   14.157697   2.349757   0.21829064687960892   
7110.995   152.773922   14.103996   2.170943   0.22140004643005234   
7111.295   152.748406   14.040581   1.962323   0.22513716608030496   
7111.591   152.713524   13.979053   1.745886   0.22872275133514816   
7111.887   152.68074    13.935908   1.554914   0.23120002058180314   
7112.191   152.652884   13.920826   1.403563   0.23197542848882702   
7112.494   152.626969   13.920939   1.294649   0.23182222157034454   
7112.792   152.59229    13.920693   1.212926   0.231641737691216     
7113.092   152.560498   13.907461   1.144609   0.23228128709236429   
7113.397   152.563475   13.884315   1.084201   0.2337325973371398    
7113.699   152.568766   13.846484   1.029095   0.23611224881526588   
7114.002   152.571826   13.802782   0.978013   0.23885197462364796   
7114.296   152.551381   13.735738   0.932759   0.24292992513653955   
7114.598   152.521503   13.630189   0.891402   0.24940460462884706   
7114.899   152.498462   13.481035   0.855904   0.2587506552783746    
7115.201   152.48017    13.307357   0.826215   0.2698146056866454    
7115.5     152.487851   13.143675   0.80319    0.2805167345519484    
7115.798   152.4769     12.995322   0.784062   0.29023073058100973   
7116.092   152.46686    12.896668   0.771274   0.2967368893015085    
7116.391   152.47542    12.842948   0.760337   0.3003800573667555    
7116.698   152.448486   12.805107   0.747366   0.302769184416341     
7116.994   152.432707   12.752339   0.728553   0.3062363220047628    
7117.295   152.426369   12.662556   0.701422   0.31228536331312245   
7117.595   152.399198   12.522539   0.663669   0.3217078283983578    
7117.903   152.385797   12.355656   0.618355   0.333186353318604     
7118.199   152.378291   12.192425   0.570209   0.34459731547639844   
7118.502   152.36612    12.057495   0.52308    0.3541124846760215    
7118.798   152.360058   11.936604   0.479597   0.3627565369877607    
7119.101   152.367716   11.805569   0.438102   0.37230616789683096   
7119.404   152.335684   11.628972   0.398617   0.38510517801746535   
7119.705   152.323586   11.394508   0.360564   0.4025781109253591    
7119.998   152.308803   11.089741   0.323861   0.42584299823529903   
7120.296   152.29212    10.700629   0.286659   0.4565095228777316    
7120.595   152.275112   10.234911   0.251144   0.4947357480391529    
7120.896   152.25184    9.711982    0.21848    0.5397698782471508    
7121.199   152.228494   9.146633    0.189131   0.5912888784589381    
7121.5     152.209602   8.598669    0.164897   0.6443865756513718    
7121.797   152.192975   8.074944    0.144636   0.6984126187874231    
7122.105   152.169492   7.601779    0.127563   0.7502831056466902    
7122.403   152.170665   7.216335    0.114053   0.7951032225980846    
7122.702   152.162129   6.925696    0.103635   0.8304583607926734    
7123.004   152.141075   6.72753     0.095853   0.8553407252997962    
7123.298   152.119207   6.593396    0.089752   0.8725614163538844    
7123.602   152.112911   6.489575    0.084819   0.8861945671320688    
7123.903   152.107243   6.390982    0.080368   0.8993469327503488    
7124.202   152.077818   6.293268    0.07626    0.9124494591637601    
7124.493   152.068204   6.197661    0.072593   0.9255789695454272    
7124.798   152.045319   6.1138      0.069136   0.9371820947281378    
7125.097   152.023076   6.048709    0.066176   0.9462742563323256    
7125.403   152.009242   5.996635    0.063732   0.9536422893806534    
7125.702   151.98702    5.953435    0.061419   0.9597430740214543    
7125.997   151.929804   5.911252    0.059114   0.9655426663005129    
7126.301   151.946639   5.873433    0.056861   0.9711656810997109    
7126.607   151.919686   5.832432    0.054754   0.9770459246849275    
7126.904   151.897385   5.791871    0.052465   0.9829296503581657    
7127.201   151.858629   5.754407    0.050042   0.9882986530990595    
7127.503   151.84947    5.717934    0.047938   0.9937227065052892    
7127.802   151.827894   5.688922    0.045634   0.9979811447278462    
7128.102   151.788364   5.674124    0.043509   1                     
7128.405   151.796137   5.674745    0.041522   0.9999498513048896    
7128.701   151.760235   5.694295    0.039579   0.996784268867272     
7128.996   151.679875   5.732608    0.037928   0.9905529898624519    
7129.293   151.693468   5.790981    0.036332   0.9819050680491106    
7129.601   151.678613   5.856554    0.035135   0.9721237148727092    
7129.901   151.670072   5.917503    0.033889   0.9631588779803675    
7130.201   151.633391   5.965615    0.032912   0.9559767987384494    
7130.5     151.62021    5.999086    0.032248   0.9510834501933237    
7130.802   151.587579   6.019793    0.031655   0.9479305474142288    
7131.108   151.571937   6.028044    0.031384   0.946662061810026     
7131.404   151.541092   6.031134    0.031825   0.9460454358254414    
7131.704   151.505212   6.04218     0.032307   0.944265631487902     
7132.003   151.489802   6.065708    0.033309   0.9408310013590491    
7132.301   151.459521   6.106283    0.034672   0.9349171328431845    
7132.603   151.471591   6.168893    0.0363     0.9262003510018003    
7132.894   151.445905   6.243739    0.038251   0.9156682015211506    
7133.196   151.448715   6.335958    0.040647   0.9030571765683622    
7133.496   151.442375   6.436397    0.043186   0.8894760091071394    
7133.8     151.461223   6.542721    0.045866   0.8754728243806444    
7134.1     151.457107   6.648589    0.048244   0.8616255889825224    
7134.398   151.45314    6.751005    0.050708   0.8484378471353243    
7134.698   151.452985   6.850823    0.052979   0.8357965400648621    
7135.007   151.456055   6.951474    0.055225   0.8232532131649365    
7135.305   151.451036   7.046661    0.057324   0.811511988141153     
7135.605   151.423807   7.13476     0.059151   0.8006567599373341    
7135.901   151.428936   7.215866    0.060635   0.7909510845518597    
7136.203   151.442478   7.287419    0.061758   0.7825302823546013    
7136.501   151.42364    7.346605    0.062709   0.7754568848322206    
7136.801   151.425004   7.396784    0.063433   0.7696023339490632    
7136.994   151.414184   7.427387    0.063693   0.7659850005321595    
7137.998   151.392267   7.57635     0.063893   0.7487587783764181    
7139.001   151.910982   7.781343    0.062641   0.7287122853545329    
7140.028   151.893435   7.959695    0.060974   0.7090961407723572    
7141.079   151.883977   8.076744    0.059995   0.6964703562773115    
7142.136   151.882861   8.098103    0.059724   0.6941895420883137    
7143.218   151.883538   8.036861    0.060264   0.7007310925951715    
7144.315   151.867691   7.970185    0.060645   0.7078159221351742    
7145.433   151.887184   7.967494    0.0604     0.7082172810775946    
7146.587   151.87925    8.030857    0.058497   0.7013503972006615    
7147.705   151.840225   8.092133    0.055393   0.694582881882711     
7148.879   151.839207   8.104491    0.051945   0.693262893899055     
7150.072   151.840836   8.09081     0.049315   0.6947271610005724    
7151.293   151.836417   8.086937    0.047857   0.6951144522813427    
7152.523   151.843182   8.10416     0.047097   0.6933206135338139    
7153.779   151.829489   8.137557    0.046707   0.6897011923221934    
7155.049   151.840981   8.174193    0.047343   0.6858978047424829    
7156.342   151.84266    8.202665    0.048358   0.682912787497247     
7157.656   151.797411   8.190158    0.049054   0.6839702478918535    
7158.986   151.754829   8.134757    0.049076   0.689573978635655     
7160.334   151.741252   8.052483    0.048719   0.6982515160768064    
7161.716   151.69811    7.967689    0.0485     0.7071234660555221    
7163.089   151.647841   7.889263    0.048804   0.7153569857498874    
7164.493   151.629795   7.816643    0.049201   0.7232186313495427    
7165.915   151.574803   7.744078    0.049724   0.7309385909513184    
7167.355   151.544295   7.66524     0.049838   0.7395777163200413    
7168.818   151.526041   7.556616    0.049734   0.7517655583008477    
7170.299   151.513117   7.43733     0.049818   0.7653953952778042    
7171.793   151.483451   7.329012    0.050545   0.7778618289203005    
7173.314   151.453936   7.292775    0.05254    0.7819627070284398    
7174.858   151.422064   7.297959    0.055412   0.7811694832927382    
7176.407   151.376713   7.323982    0.059017   0.7778460536351066    
7177.993   151.359137   7.377576    0.062412   0.7714669590006834    
7179.583   151.359482   7.450126    0.065391   0.7630412165038064    
7181.195   151.340248   7.5282      0.066367   0.7539535678684596    
7182.836   151.321285   7.603772    0.066504   0.7452434150442585    
7184.485   151.279543   7.67592     0.065701   0.7368727318670132    
7186.159   151.248649   7.734814    0.063711   0.7301143184478135    
7187.84    151.214684   7.77596     0.060642   0.7253517267165711    
7189.559   151.204821   7.814468    0.057794   0.7210411734018377    
7191.29    149.529209   7.771104    0.054203   0.7162364912253206    
7193.035   150.840237   7.89122     0.051959   0.7105446962430751    
7194.798   150.971437   7.958592    0.051512   0.703971948719111     
7196.589   150.947643   8.033846    0.052917   0.6957310667293678    
7198.387   150.892623   8.117152    0.056135   0.6865328010754045    
7200.222   150.843666   8.203198    0.060814   0.6771720443658846    
7202.057   150.795248   8.266975    0.066046   0.6702258024001723    
7203.915   150.755685   8.304672    0.071783   0.6660816437619617    
7205.81    150.652221   8.319578    0.077176   0.6639459798221381    
7207.699   150.61579    8.324214    0.079656   0.6632579232425936    
7209.62    150.558604   8.317935    0.077211   0.6635807387607952    
7211.56    150.483506   8.298067    0.069086   0.6652106000038137    
7213.523   150.424026   8.256141    0.058363   0.6692324564466043    
7215.495   150.373082   8.208963    0.048407   0.6738760962577869    
7217.491   150.288618   8.17119     0.041368   0.6773641942421285    
7219.497   150.22458    8.155378    0.037657   0.6786652987409141    
7221.538   150.140745   8.155022    0.03684    0.6782221450730752    
7223.593   150.056855   8.167938    0.039525   0.6763778887852775    
7225.66    149.907059   8.186472    0.04447    0.6735657536690984    
7227.748   147.298183   8.069428    0.050609   0.6708476929283947    
7229.86    150.076303   8.22755     0.059916   0.6702269146457224    
7231.993   149.9904     8.217146    0.069094   0.6708235419734969    
7234.13    149.857786   8.202876    0.077346   0.6715586602725911    
7236.301   149.843228   8.209288    0.083588   0.6708020627803477    
7238.491   149.765062   8.230891    0.0865     0.668089348857513     
7240.692   149.757472   8.273489    0.086556   0.6636000722184808    
7242.917   149.731045   8.314575    0.083936   0.6591818824543112    
7245.16    146.913708   8.193768    0.078459   0.6554277332968786    
7247.416   149.419957   8.35911     0.076401   0.6527901321339861    
7249.701   149.429129   8.390886    0.075229   0.6495754069587971    
7252.005   149.321191   8.414466    0.076336   0.6465363054404397    
7254.319   146.889874   8.294941    0.077338   0.6447192041635856    
7256.666   149.338148   8.44065     0.080467   0.6439583416207518    
7259.015   149.166401   8.443597    0.079766   0.6426666899903624    
7261.392   148.717557   8.437428    0.077534   0.6407008154758466    
7263.782   136.619917   7.804421    0.06962    0.6347937146904852    
7266.198   148.957633   8.519986    0.074325   0.6337041482379192    
7268.634   149.493225   8.586518    0.072997   0.63009612471052      
7271.088   149.450456   8.599141    0.069695   0.6285845606713913    
7273.561   148.097775   8.532711    0.065542   0.6274330640488514    
7276.056   149.436431   8.629675    0.064134   0.6254511290239515    
7278.564   149.38272    8.659197    0.063142   0.6222003500325098    
7281.083   149.314427   8.696244    0.06154    0.6181298209869877    
7283.63    148.146103   8.674456    0.059264   0.6135250961985163    
7286.202   148.939034   8.766951    0.05776    0.6089878777398251    
7288.786   149.022276   8.807702    0.057153   0.6054752007253251    
7291.393   148.978173   8.823173    0.059399   0.6037088606043114    
7294.012   148.936139   8.834537    0.064634   0.6023573262013987    
7296.659   148.882423   8.857839    0.071609   0.5997781033096454    
7299.325   148.769705   8.896503    0.078765   0.595374850539794     
7302.006   147.241592   8.856504    0.084323   0.5903637663701959    
7304.7     148.875516   9.020152    0.090668   0.5840998737179822    
7307.422   148.770193   9.083493    0.09463    0.5774639148842233    
7310.163   148.684794   9.143257    0.096457   0.5713216714784989    
7312.907   148.606096   9.19328     0.096732   0.5661668181627559    
7315.69    148.497259   9.220361    0.097201   0.5630026549688477    
7318.492   148.481479   9.231172    0.097605   0.5619019366887879    
7321.302   148.417075   9.220098    0.098189   0.5625620642377407    
7324.128   148.342334   9.199952    0.097972   0.5640120818864257    
7326.981   148.283341   9.184328    0.098088   0.5651333451055572    
7329.865   148.228701   9.174472    0.098365   0.5657406379030074    
7332.753   148.151073   9.173616    0.100254   0.5653698543309692    
7335.661   148.076183   9.185113    0.102668   0.5638557421687806    
7338.582   146.724058   9.129765    0.103437   0.5611608591239979    
7341.534   147.838564   9.232682    0.103521   0.5580239667190426    
7344.504   147.811453   9.272276    0.100292   0.5541806234280897    
7347.481   147.789194   9.314893    0.095489   0.550101690115121     
7350.493   147.715201   9.354955    0.090592   0.5459743760869458    
7353.512   147.649422   9.395961    0.08664    0.5418240228735538    
7356.564   147.561862   9.439498    0.083563   0.5373318429136898    
7359.625   147.500344   9.48862     0.080919   0.5325026850219833    
7362.703   147.419715   9.540756    0.07898    0.5273127127864369    
7365.799   147.33546    9.593217    0.078564   0.5220978288366492    
7368.921   147.260498   9.640806    0.079949   0.5173978753546469    
7372.063   147.209514   9.681323    0.083738   0.5134878434450958    
7375.216   147.122365   9.718409    0.090201   0.5096851091551672    
7378.395   147.042477   9.758533    0.10002    0.5056689889041982    
7381.586   146.987493   9.802367    0.111365   0.5014870870608309    
7384.803   146.924385   9.842257    0.120134   0.49761970635003133   
7388.031   146.888518   9.873732    0.123831   0.4946597128055011    
7391.282   146.778804   9.888171    0.123515   0.4927577196510129    
7394.561   146.681104   9.896255    0.12151    0.491480486065722     
7397.848   146.598199   9.902848    0.120001   0.4904200226047541    
7401.16    146.519463   9.914499    0.119891   0.4889446984957485    
7404.481   146.431529   9.93486     0.120668   0.48666085093891587   
7407.831   146.32433    9.962665    0.120842   0.4836231976709371    
7411.201   146.261103   9.998852    0.121053   0.48012848852936624   
7414.573   146.172531   10.03951    0.121438   0.476111964540432     
7417.987   146.092026   10.086342   0.122424   0.47162948084121675   
7421.411   146.032734   10.130835   0.124672   0.46748922750251337   
7424.863   145.924387   10.173384   0.127637   0.46324053102160084   
7428.324   145.831588   10.220096   0.130174   0.45874737420964085   
7431.8     145.737438   10.269063   0.131146   0.45407473982375696   
7435.296   145.618717   10.31653    0.130968   0.4494012328211217    
7438.819   145.47442    10.352252   0.129415   0.4455705143451792    
7442.357   145.329101   10.380053   0.126215   0.44240008889417115   
7445.912   141.468112   10.141379   0.119557   0.4392441618815418    
7449.493   145.273592   10.445372   0.120518   0.43666864808601935   
7453.088   143.988424   10.393327   0.119136   0.4333177800637543    
7456.707   145.49978    10.54082    0.120951   0.4301745929831798    
7460.333   145.059812   10.539253   0.12168    0.427694505350369     
7463.99    145.450867   10.610524   0.124584   0.4242087496145161    
7467.657   141.441142   10.354825   0.124656   0.4211420192320663    
7471.35    145.346226   10.677999   0.132987   0.41812959345243644   
7475.06    145.181501   10.711068   0.137769   0.4144899944980063    
7478.794   145.054279   10.745587   0.141236   0.41096396789249034   
7482.536   144.939435   10.78334    0.144994   0.4072613945179313    
7486.312   144.847032   10.822949   0.149556   0.4035545739560815    
7490.098   144.705185   10.856435   0.154191   0.40005030767466826   
7493.902   144.595303   10.900414   0.1578     0.3959143865009913    
7497.729   144.465027   10.943909   0.159525   0.3917085054105574    
7501.558   144.402498   10.990693   0.159707   0.38766190498373704   
7505.424   144.267962   11.033181   0.159286   0.3835362723866723    
7509.3     144.116939   11.070696   0.159576   0.3797109197667165    
7513.21    143.969123   11.105952   0.160939   0.3760888527039066    
7517.14    143.829787   11.142764   0.16255    0.37240506381553745   
7521.073   143.716256   11.18074    0.164381   0.36879485217400104   
7525.033   143.610842   11.221322   0.165233   0.36504268758703473   
7528.99    143.470654   11.258699   0.165858   0.3613377357111512    
7532.982   143.313409   11.292722   0.166099   0.3577947064428596    
7537.023   143.185437   11.328166   0.167126   0.3543265065118575    
7541.029   143.051523   11.366832   0.16893    0.3505861258355582    
7545.098   142.935618   11.40775    0.170936   0.3467934413760322    
7549.181   142.765284   11.443101   0.172342   0.34310187089056193   
7553.224   142.641348   11.485402   0.172868   0.33917617989942866   
7557.343   142.506833   11.524438   0.172051   0.33544154841401913   
7561.467   142.365819   11.562935   0.171288   0.3317168612826432    
7565.629   142.22441    11.603284   0.171469   0.3278610138789098    
7569.774   142.08732    11.642821   0.173586   0.32410096909025893   
7574.003   141.902765   11.679032   0.176924   0.3203072597494991    
7578.169   141.705234   11.712092   0.18157    0.31667318339843437   
7582.412   141.563595   11.754031   0.18672    0.3127335782638381    
7586.65    141.386343   11.790696   0.19087    0.30897231319727825   
7590.902   141.200595   11.83005    0.193382   0.30497042602508107   
7595.185   140.988698   11.863825   0.195153   0.3012217596207806    
7599.484   140.711998   11.890228   0.196305   0.29761539063013887   
7603.808   140.165641   11.894534   0.197295   0.29395311805708124   
7608.162   139.944496   11.927465   0.19997    0.29021221462643965   
7612.501   139.723549   11.959899   0.20299    0.2865127334913892    
7616.913   139.660481   12.009394   0.20569    0.2825671976266898    
7621.302   139.755511   12.072108   0.2072     0.2786673628294523    
7625.724   139.774096   12.129726   0.208559   0.2746812285195158    
7630.151   139.650838   12.174885   0.210155   0.2707210834928257    
7634.576   139.519531   12.221698   0.212726   0.26660587452927964   
7639.039   139.342638   12.261241   0.216308   0.2627313225160538    
7643.532   139.158537   12.29787    0.219797   0.2590237751805592    
7648.035   138.946496   12.337586   0.223064   0.2549336879543914    
7652.566   138.765384   12.381599   0.225661   0.25074356025466776   
7657.126   138.60346    12.428743   0.227696   0.24646509971085576   
7661.683   138.428213   12.471953   0.22936    0.2423865800655083    
7666.264   138.274574   12.516104   0.230367   0.23838685800131884   
7670.888   138.044986   12.550032   0.230697   0.23462434300889767   
7675.501   137.895857   12.592921   0.231404   0.23075533493952136   
7680.149   137.671278   12.626399   0.232181   0.22706511630561194   
7684.805   137.384425   12.655941   0.233537   0.2232561710327747    
7689.49    137.526104   12.727581   0.236773   0.21928260992387177   
7694.181   137.217467   12.757955   0.239653   0.2152948708167594    
7698.939   136.976422   12.795834   0.242821   0.21122746652064767   
7703.64    136.695489   12.830504   0.24593    0.2071290437427035    
7708.409   136.646528   12.888065   0.249468   0.20296552000090387   
7713.178   136.406554   12.926147   0.253035   0.19891075800456887   
7717.97    136.179518   12.958499   0.25645    0.19532336031345338   
7722.783   136.055436   13.007317   0.260406   0.19129996434559499   
7727.626   135.855937   13.042975   0.262815   0.18767853864276138   
7732.513   135.627932   13.085059   0.265275   0.18345766049423404   
7737.343   135.326294   13.117527   0.267481   0.17940588021970333   
7742.236   135.415679   13.190238   0.270841   0.17521396159729793   
7747.147   135.149789   13.229688   0.273656   0.17094936885706663   
7752.083   134.891622   13.268354   0.276246   0.16678929559251743   
7757.023   134.708735   13.313443   0.278686   0.1626992045862562    
7762.011   134.505988   13.357429   0.282184   0.15856136655135075   
7767       134.310243   13.402748   0.286091   0.1543901512417809    
7772.003   134.091469   13.442482   0.289644   0.15043679846978347   
7777.039   133.879892   13.484098   0.292997   0.14641476562084899   
7782.074   133.691953   13.529986   0.296479   0.14227910378461006   
7787.139   133.458477   13.569501   0.299358   0.13826222399889201   
7792.185   133.274241   13.613745   0.302547   0.13426904634580708   
7797.323   133.060919   13.659295   0.305001   0.13001273813883274   
7802.45    132.912973   13.70811    0.307831   0.12598235579313      
7807.59    132.69983    13.755485   0.310141   0.12162895771938048   
7812.754   132.48329    13.798073   0.312592   0.1175602033661511    
7817.923   132.265981   13.840073   0.315588   0.11352893392360879   
7823.123   132.070848   13.890119   0.318733   0.10914887640598532   
7828.335   131.865711   13.936883   0.321624   0.10491556932183908   
7833.567   131.639005   13.978821   0.324608   0.10084604803250775   
7838.82    131.123399   13.99401    0.327011   0.09653093064682383   
7844.088   131.218617   14.071332   0.331077   0.09241065764369152   
7849.381   130.931856   14.110469   0.334524   0.08813452185519294   
7854.685   129.860665   14.061783   0.335652   0.08403631607225354   
7860.012   130.51043    14.201925   0.341678   0.07979418095808906   
7865.322   130.286135   14.245044   0.346264   0.07570201215221391   
7870.698   130.061529   14.292159   0.35       0.07137229793411569   
7876.064   129.869611   14.341703   0.35437    0.06712029545358356   
7881.482   129.628184   14.385668   0.358629   0.06288175684366593   
7886.905   129.393941   14.43047    0.3625     0.05864613724825112   
7892.349   129.159061   14.469646   0.366111   0.05474653704975935   
7897.808   128.862474   14.509097   0.370128   0.05042177561548755   
7903.289   128.605191   14.551135   0.374237   0.04620893581478901   
7908.8     128.424514   14.600569   0.378487   0.0420773466961457    
7914.326   128.168376   14.645981   0.381821   0.03768349106333656   
7919.854   127.9028     14.686093   0.385862   0.033541673087109085  
7925.41    127.647269   14.726033   0.389897   0.02948040039915188   
7930.992   127.265932   14.751604   0.393319   0.025409566406528153  
7936.583   126.943553   14.776827   0.396326   0.021753948235362367  
7942.233   126.977797   14.860247   0.400454   0.017138061244898535  
7947.843   126.641279   14.894026   0.40404    0.012897206276940569  
7953.482   126.286677   14.927338   0.407318   0.008558327012060472  
7959.157   126.027765   14.970654   0.411316   0.004295404599790611  
7964.846   125.735518   15.010619   0.415317   0                     