# XDI/1.0 
# Spectrum.license:CC BY 4.0
# Publication.authors: Bruce Ravel
# Publication.affiliation: Brookhaven National Laboratory, NSLS-II
# Facility.name:NSLS-II
# Sample.temperature:rt
# Sample.prep:PEG pellet
# Sample.smiles:[Ca+2].[Fe+2].[Al+3].[B+3].[Si+4].[O-2]
# Publication.DOI: https://doi.org/10.18434/mds2-4032
# Sample.name:Axinite
# Scan.number:scan1
# Sample.id:nslp4y
# Scan.start_time:2023-05-05
# Element.symbol:Fe
# Facility.energy:3.0 GeV
# Beamline.flux:Si(111): 2x10^12 at 10 keV; 6x10^10 at 20 keV; Si(311): 4x10^11 at 10 keV; 1x10^10 at 20 keV
# Beamline.name:Beamline for Materials Measurement (BMM)
# Beamline.energy_range:4.0 - 23
# Beamline.scan_mode:Transmission
# Beamline.energy_resolution:Si(111): 1.3 x 10^-4; Si(311):1.9 x 10^-5 
# Beamline.spot_size:300 µm
# Beamline.detector:Ionization chamber
# Beamline.website:https://www.bnl.gov/nsls2/beamlines/beamline.php?r=6-BM
# Mono.name:Si(111) and Si(311)
# Element.edge:K
# Column.1:Energy
# Column.2:I0
# Column.3:Itrans
# Column.4:Irefer
# Column.5:Mutrans
# Energy   I0           Itrans      Irefer     Mutrans               
6912.005   154.362584   30.892615   5.799903   1                     
6922.009   154.194709   31.133336   5.886199   0.9858142806266224    
6932.017   154.148135   31.392052   5.977111   0.972065223189231     
6942.033   154.180974   31.678393   6.074116   0.9578522950794273    
6951.997   154.151318   31.948271   6.168275   0.9439463185572257    
6962.002   154.143369   32.223321   6.264158   0.9301231130432929    
6972.003   154.118461   32.495769   6.361653   0.9163686632992828    
6982.019   154.075416   32.762231   6.456866   0.9028310121097972    
6992.012   154.055917   33.039003   6.556591   0.8891440061982022    
7002.013   153.98924    33.301471   6.653356   0.8757667995756526    
7012.008   153.942099   33.555816   6.747684   0.8630802628885996    
7022.014   153.877255   33.830275   6.846931   0.8493479842240543    
7032.008   153.820303   34.10515    6.945773   0.8357836122717074    
7042.011   153.726142   34.356767   7.041981   0.8230199316044353    
7052.007   153.623314   34.614758   7.136183   0.8099560118884442    
7062.006   152.895241   34.728844   7.199916   0.7970671054211564    
7072.009   153.384931   35.120187   7.318528   0.7842314374612221    
7081.984   153.331883   35.38954    7.399215   0.7714306126228037    
7083.989   153.083904   35.384962   7.400994   0.7690435787142036    
7085.982   153.224018   35.477003   7.423645   0.7663460839807754    
7087.99    153.23027    35.537673   7.437346   0.7636726962378556    
7089.992   153.202474   35.590193   7.448038   0.7610148006773014    
7091.995   153.180252   35.637714   7.454467   0.758643495986963     
7093.991   153.164423   35.686805   7.459853   0.7562713939355395    
7095.988   153.153292   35.732422   7.461889   0.7541073066083013    
7097.982   153.134875   35.782562   7.459428   0.751666939977696     
7099.996   153.085539   35.82662    7.44746    0.749178078018847     
7102.003   153.059082   35.877724   7.426945   0.746616267574071     
7102.292   153.048977   35.883306   7.421956   0.7462610771518569    
7102.585   153.038031   35.892364   7.417413   0.7457418709383296    
7102.887   153.040543   35.897002   7.412012   0.745561069824665     
7103.195   153.033629   35.901571   7.405512   0.7452846500580121    
7103.485   153.034085   35.909175   7.398935   0.7449499688534726    
7103.785   153.041857   35.913797   7.391743   0.7448250710976881    
7104.091   153.023995   35.930679   7.386306   0.7438846907407859    
7104.386   153.013468   35.928562   7.376339   0.7438688626373268    
7104.69    152.993828   35.92643    7.36526    0.743758229509739     
7104.992   152.971537   35.940588   7.354897   0.7428931283136241    
7105.289   152.957417   35.928338   7.340965   0.7432915886751855    
7105.584   152.976821   35.944404   7.329768   0.7427783171119178    
7105.89    152.971972   35.956467   7.31607    0.7421896678355174    
7106.19    152.967529   35.96212    7.301241   0.7418911295623317    
7106.488   152.990514   35.977786   7.285254   0.7414338569790901    
7106.792   152.96659    35.980871   7.265679   0.7410457476498027    
7107.089   152.95329    35.980375   7.242336   0.7409284714306905    
7107.385   152.929117   35.983214   7.217305   0.7405486592800198    
7107.689   152.914518   35.987434   7.187069   0.7402076659807396    
7107.989   152.90412    35.99278    7.152166   0.7398605740307945    
7108.289   152.89358    35.996748   7.112546   0.7395733806244262    
7108.589   152.901376   36.001744   7.064201   0.7394326596410223    
7108.886   152.900366   36.002896   7.009799   0.7393707825990122    
7109.188   152.89723    36.008957   6.939413   0.7390680877159689    
7109.499   152.880393   36.011783   6.84678    0.7387657783612904    
7109.793   152.859509   36.007576   6.727703   0.7387340682252078    
7110.095   152.827804   35.994109   6.560746   0.7390011737457054    
7110.397   152.798897   35.987033   6.324392   0.7390131018463402    
7110.697   152.780713   35.981388   5.998059   0.7390737890008441    
7110.995   152.76809    35.961195   5.565708   0.7398411533442619    
7111.297   152.757443   35.935109   5.0482     0.7408925822306016    
7111.591   152.722487   35.906808   4.520487   0.7417886101717541    
7111.891   152.686138   35.88195    4.028344   0.7425171164280778    
7112.196   152.669324   35.871518   3.640098   0.7428066713597514    
7112.492   152.629629   35.867996   3.353042   0.7425472416750982    
7112.792   152.618944   35.876978   3.139006   0.7420336844433227    
7113.094   152.602289   35.888888   2.965532   0.7413267370701765    
7113.397   152.586177   35.899916   2.814773   0.7406650309402516    
7113.701   152.56498    35.901073   2.676142   0.7403906876777552    
7114       152.541428   35.9082     2.552366   0.7398250556863393    
7114.3     152.535724   35.913864   2.444352   0.7395123055135382    
7114.598   152.536164   35.934326   2.3561     0.7386039416288178    
7114.899   152.506737   35.936892   2.286074   0.7381802311196631    
7115.201   152.504707   35.945703   2.234379   0.7377659480934542    
7115.5     152.502678   35.939219   2.198639   0.738033782055086     
7115.805   152.502861   35.932702   2.171045   0.7383263894294622    
7116.092   152.489356   35.932181   2.150178   0.7382076793786134    
7116.397   152.476912   35.915277   2.128388   0.7388311113441379    
7116.693   152.467168   35.887385   2.09759    0.7399739695143798    
7116.998   152.47107    35.860241   2.051834   0.7412278178251449    
7117.295   152.456946   35.809969   1.98723    0.743327970333759     
7117.598   152.510382   35.763801   1.900938   0.7459575353827358    
7117.898   152.95423    35.775135   1.798229   0.7501077136424205    
7118.199   152.939822   35.641415   1.67555    0.7559591958534648    
7118.506   152.931902   35.473618   1.546345   0.7634402689593919    
7118.801   152.890313   35.241569   1.422237   0.7735239600431534    
7119.099   152.884492   34.959032   1.304722   0.7863653000714866    
7119.398   152.8748     34.639094   1.194633   0.8010005077707565    
7119.701   152.856231   34.310677   1.09213    0.8160754360545599    
7120       152.856068   33.975314   0.994204   0.8318178905975396    
7120.296   152.836407   33.655111   0.90267    0.8467898665086658    
7120.595   152.82226    33.371781   0.819994   0.8601927194470996    
7120.894   152.820476   33.149157   0.745309   0.8709027254130894    
7121.201   152.801175   32.971858   0.681925   0.8792963494331832    
7121.498   152.779334   32.839407   0.6289     0.8855191287775371    
7121.801   152.762867   32.724614   0.584962   0.8909591981714482    
7122.1     152.737515   32.611209   0.546735   0.8962575091445109    
7122.399   152.718176   32.502563   0.514311   0.90140356109313      
7122.702   152.6853     32.381072   0.485336   0.9070611031195912    
7123.006   152.672926   32.246065   0.459411   0.9136281077771212    
7123.303   152.659631   32.109748   0.43715    0.9202789215648496    
7123.6     152.666692   31.965959   0.417791   0.9275469778207244    
7123.899   152.656534   31.803771   0.399978   0.9355937023471033    
7124.204   152.644855   31.639357   0.383535   0.9437789017639889    
7124.497   152.596456   31.471734   0.368375   0.9517851417495696    
7124.8     152.579349   31.327831   0.354794   0.9589513643618437    
7125.093   152.541234   31.203404   0.342089   0.964929879508568     
7125.394   152.527166   31.112157   0.330464   0.9694761762616654    
7125.702   152.495531   31.038495   0.319581   0.9729432304740137    
7126.002   152.472451   30.993485   0.309792   0.975026704808264     
7126.303   152.460084   30.97411    0.299928   0.9758990174316465    
7126.602   152.449594   30.98926    0.290406   0.975004918349444     
7126.9     152.431953   31.027233   0.280428   0.9728565168043285    
7127.205   152.39338    31.092961   0.270883   0.9690588971023576    
7127.503   152.35643    31.174984   0.26081    0.9644473735317131    
7127.8     152.335235   31.285783   0.250816   0.9585376569560535    
7128.097   152.302897   31.36617    0.240598   0.9540841175762187    
7128.397   152.292795   31.429369   0.229826   0.9507514275152585    
7128.701   152.280499   31.464781   0.218857   0.9488170247548199    
7128.996   152.247283   31.460992   0.208106   0.9486603907826063    
7129.297   152.235126   31.445834   0.19734    0.9493048559418703    
7129.595   152.199978   31.424742   0.187742   0.9500102208577695    
7129.901   152.154076   31.401432   0.179456   0.9507161508477762    
7130.205   152.113491   31.388517   0.172544   0.9509479278100886    
7130.502   152.082406   31.406988   0.167805   0.9496773756718364    
7130.804   152.029637   31.444469   0.164669   0.9472093773392043    
7131.102   152.004046   31.508839   0.163404   0.9436616274653574    
7131.402   151.999374   31.592162   0.164666   0.9393792315984588    
7131.706   151.968472   31.683905   0.167625   0.9344053238329468    
7132.005   151.973532   31.784742   0.172901   0.9293654593527185    
7132.299   151.959612   31.879124   0.179265   0.9244660605318874    
7132.601   151.961493   31.981058   0.186753   0.9193688254560524    
7132.896   151.960599   32.082116   0.195483   0.9143023695503054    
7133.198   151.942735   32.179037   0.205038   0.9092788637725033    
7133.501   151.953134   32.282666   0.214705   0.9042349408453995    
7133.803   151.921935   32.359332   0.224414   0.9001037265378788    
7134.1     151.917005   32.430346   0.233705   0.8965379602570985    
7134.4     151.923546   32.493707   0.242513   0.8934783799380178    
7134.705   151.924088   32.537496   0.250507   0.8913254799144646    
7135.005   151.928275   32.579315   0.257604   0.88931085929252      
7135.303   151.914457   32.590613   0.263622   0.8886093093755281    
7135.603   151.905342   32.614758   0.268713   0.8873260616475822    
7135.901   151.89317    32.644406   0.272888   0.8857411995452524    
7136.205   151.891553   32.661438   0.27632    0.8848880588756497    
7136.499   151.872724   32.679627   0.278229   0.8837969562694065    
7136.797   151.857747   32.685514   0.27926    0.8833501567825603    
7136.996   151.865049   32.6931     0.279462   0.8830552573146733    
7138       151.860982   32.726006   0.275071   0.8813998183382334    
7139.005   151.846098   32.740533   0.263393   0.8805313511843204    
7140.026   151.855925   32.750137   0.250721   0.8801649652468326    
7141.081   151.848314   32.73499    0.242289   0.8808261359861954    
7142.108   151.821759   32.735486   0.240732   0.880521514551058     
7143.186   151.808907   32.780744   0.24443    0.8781713040337804    
7144.287   151.811121   32.872611   0.249326   0.8737089263555424    
7145.42    151.801465   33.000578   0.249317   0.8673793464082742    
7146.561   151.784674   33.126675   0.241387   0.8610889969072071    
7147.705   151.772809   33.255648   0.227477   0.8547352517087233    
7148.897   151.740466   33.348721   0.212926   0.8499138872823103    
7150.089   151.738372   33.394972   0.202974   0.847670281698152     
7151.301   151.744578   33.409816   0.196975   0.847023516020324     
7152.529   151.718291   33.393486   0.192927   0.8475294686916514    
7153.784   151.724258   33.379656   0.190755   0.848256484973658     
7155.056   151.689682   33.361121   0.19204    0.8487814613344706    
7156.337   151.694009   33.373107   0.195867   0.848251401373046     
7157.652   151.682922   33.391521   0.19923    0.8472500785122663    
7158.982   151.654077   33.408601   0.200494   0.8461255566040963    
7160.33    151.626027   33.431072   0.200879   0.8447513022031878    
7161.698   151.587072   33.455722   0.202791   0.8431580107760259    
7163.08    151.548972   33.467507   0.206051   0.8421905619733879    
7164.486   151.492904   33.478717   0.210547   0.8410606391427772    
7165.915   151.446032   33.485395   0.214199   0.8402449327647092    
7167.351   151.405121   33.496309   0.217177   0.8392895288928913    
7168.818   151.376017   33.489087   0.219711   0.8393270117659531    
7170.294   151.352467   33.493563   0.223579   0.8388634066807302    
7171.793   151.349419   33.480225   0.230163   0.8394695643305465    
7173.321   151.321128   33.467408   0.24018    0.839783655818564     
7174.849   151.279691   33.45164    0.252792   0.840100039197542     
7176.422   151.255692   33.441482   0.267882   0.8403325471432079    
7177.985   151.216742   33.442074   0.282214   0.8398913583717468    
7179.587   151.185905   33.44435    0.29188    0.8394553697588155    
7181.202   151.146076   33.449771   0.294709   0.8387732527261498    
7182.839   151.117313   33.451773   0.291947   0.8383722642327296    
7184.485   151.097535   33.466096   0.285991   0.8374763087484022    
7186.154   151.057168   33.487944   0.275428   0.8360019406223107    
7187.846   151.008362   33.54164    0.261685   0.8329158933559501    
7189.566   151.024775   33.628562   0.248532   0.828941650337068     
7191.294   149.464218   33.380965   0.231945   0.8241379002431939    
7193.041   150.635712   33.755234   0.22207    0.8187806384838703    
7194.803   150.824502   33.914163   0.218311   0.8132591389340968    
7196.591   150.812711   34.016212   0.223547   0.8083179232470158    
7198.385   150.767754   34.084662   0.23534    0.804617827212245     
7200.217   150.731529   34.133584   0.251744   0.8019336693306636    
7202.057   150.685821   34.176805   0.271806   0.7994191950189501    
7203.92    150.657905   34.227887   0.294639   0.7967282697628068    
7205.806   150.615663   34.279459   0.316872   0.7938654940378703    
7207.699   150.541323   34.329094   0.327843   0.7907549331833995    
7209.613   150.47518    34.387362   0.31883    0.787332192978988     
7211.564   150.424815   34.43096    0.287221   0.7847646763062153    
7213.514   150.374357   34.468363   0.244044   0.7824866194890858    
7215.495   150.357831   34.500151   0.203661   0.780832894786198     
7217.485   150.285578   34.527422   0.174718   0.7787959412964504    
7219.511   150.236828   34.540057   0.158683   0.7776894545979631    
7221.529   150.157267   34.548081   0.155613   0.7764680655113488    
7223.593   150.098084   34.564751   0.165678   0.7750629479812324    
7225.655   149.963019   34.565682   0.186483   0.7735767769062878    
7227.757   147.343338   34.018355   0.212431   0.7709125893736556    
7229.856   150.149346   34.72043    0.251632   0.7684071186936123    
7231.993   150.099159   34.772101   0.290526   0.7654876250168945    
7234.13    150.022422   34.823028   0.327382   0.762322093866369     
7236.308   149.988579   34.873577   0.35407    0.7596354070579218    
7238.485   149.935466   34.91899    0.366504   0.7569817539527645    
7240.699   149.921537   34.974479   0.365095   0.7542877500097019    
7242.912   149.894857   35.027766   0.353204   0.751562182514197     
7245.162   147.08317    34.435267   0.32973    0.7485550608379938    
7247.421   149.631552   35.07113    0.320904   0.7467609525153712    
7249.703   149.647052   35.136359   0.314552   0.7439485355628761    
7251.998   149.565496   35.166372   0.318072   0.7417061634492409    
7254.321   147.67389    34.773545   0.324085   0.7393104710379205    
7256.664   150.068057   35.390206   0.33699    0.7369130174479026    
7259.004   149.914166   35.410972   0.334723   0.734328201694709     
7261.397   149.427646   35.356234   0.324748   0.7315975043381234    
7263.784   138.917467   32.959583   0.294057   0.7272061840042524    
7266.203   149.639274   35.52725    0.310295   0.7261316241652125    
7268.632   150.268684   35.748621   0.303506   0.7229028884810422    
7271.079   150.20732    35.796129   0.289809   0.7201194622690994    
7273.563   149.045891   35.592278   0.272919   0.7168316766090549    
7276.049   150.243392   35.945657   0.266807   0.7138226987042016    
7278.564   150.204001   36.020869   0.262391   0.710052053512579     
7281.085   150.168259   36.090431   0.255448   0.7065781500436604    
7283.633   149.135621   35.926602   0.244892   0.7028104787869355    
7286.202   149.770037   36.162938   0.237713   0.6991048836072533    
7288.779   149.859065   36.263013   0.235021   0.6956278087347162    
7291.391   149.82194    36.333826   0.243824   0.6921036713694806    
7294.012   149.781028   36.396287   0.265447   0.6889127762186968    
7296.668   149.732115   36.461713   0.293654   0.6855104845303481    
7299.322   149.622418   36.502827   0.322619   0.6825293594145695    
7302.006   147.899939   36.162057   0.343813   0.6790035551413108    
7304.707   149.780434   36.714323   0.368326   0.6749610125290282    
7307.426   149.677446   36.768766   0.382239   0.6714833706079852    
7310.163   149.630662   36.838576   0.388166   0.6679418961424175    
7312.91    149.564388   36.895112   0.388096   0.6647737370468553    
7315.692   149.496644   36.948883   0.38897    0.6617132102865094    
7318.483   149.431561   36.999306   0.39088    0.6588293283277051    
7321.304   149.376815   37.051807   0.3935     0.6559691459627411    
7324.134   149.331842   37.124226   0.395449   0.6523566547642069    
7326.983   149.275203   37.182608   0.396605   0.649229855090065     
7329.861   149.18024    37.235973   0.399306   0.6459110029427354    
7332.76    149.136688   37.302765   0.407437   0.6425703850193963    
7335.665   149.073687   37.372584   0.417842   0.6388958300370611    
7338.582   147.853579   37.142186   0.420374   0.6356350803492179    
7341.532   148.852663   37.460294   0.420273   0.6327601316008011    
7344.497   148.856104   37.538433   0.406077   0.6294571830574979    
7347.488   148.799114   37.60315    0.384865   0.6260823685417366    
7350.498   148.717137   37.664269   0.36457    0.62259589081654      
7353.517   148.65501    37.734212   0.347909   0.6189523230433505    
7356.562   148.577757   37.799362   0.334096   0.6153540432220953    
7359.621   148.477906   37.853573   0.322326   0.6119792929377796    
7362.703   148.408685   37.934541   0.314102   0.6078069692470837    
7365.802   148.358425   38.003487   0.311271   0.6043534453744269    
7368.924   148.268172   38.065854   0.315943   0.6007497244392193    
7372.069   148.21522    38.148611   0.329852   0.5966962044957147    
7375.213   148.198331   38.229317   0.355128   0.5931261137800886    
7378.393   148.075183   38.283128   0.392355   0.5895390029689926    
7381.584   147.992248   38.360472   0.435917   0.585405927466089     
7384.806   147.919455   38.433481   0.469366   0.5815695522228839    
7388.031   147.87334    38.5141     0.483516   0.5777110320234579    
7391.284   147.795646   38.583162   0.481998   0.573996980747637     
7394.563   147.715801   38.658532   0.474225   0.570002713575308     
7397.848   147.611151   38.723924   0.468962   0.5661577025468444    
7401.16    147.51043    38.790349   0.469288   0.5623164648167738    
7404.479   147.440977   38.868838   0.472297   0.5583215657561178    
7407.833   147.377186   38.946344   0.472607   0.554434884742944     
7411.203   147.29417    39.018727   0.472771   0.5505554932489736    
7414.583   147.172109   39.078464   0.472862   0.5467745353696145    
7417.987   147.049337   39.139912   0.475429   0.5429183987194085    
7421.404   146.88361    39.184659   0.481527   0.5392794369742574    
7424.854   146.881781   39.283959   0.493186   0.5352026547049374    
7428.322   146.796704   39.357624   0.501308   0.5312710553287296    
7431.807   146.702811   39.433568   0.503344   0.5271555725263579    
7435.305   146.599411   39.511367   0.501431   0.5228661792666621    
7438.819   146.475371   39.574894   0.494779   0.5189343034821785    
7442.354   146.322595   39.630998   0.481992   0.5149908489174454    
7445.903   142.424623   38.676654   0.456425   0.5107826116369647    
7449.493   146.227217   39.800226   0.459622   0.5071157954901534    
7453.091   144.931473   39.546648   0.453185   0.5030941413042269    
7456.7     146.023244   39.947459   0.45865    0.49895974624857037   
7460.336   145.428975   39.874774   0.461004   0.49534232293629166   
7463.992   145.838858   40.099734   0.470608   0.4908360807760547    
7467.664   141.844891   39.10559    0.471104   0.48656618725733153   
7471.347   145.764156   40.285693   0.502011   0.4825987756912885    
7475.063   145.599429   40.339914   0.51843    0.4786304491014252    
7478.789   145.471559   40.402681   0.531872   0.4747300495484119    
7482.533   145.319413   40.464419   0.544531   0.4706052964853291    
7486.303   145.174983   40.534887   0.560217   0.46622246205325324   
7490.098   145.070269   40.607195   0.577026   0.4622091369165475    
7493.897   144.97999    40.690548   0.589513   0.4579245143606213    
7497.731   144.875511   40.767099   0.594403   0.4537563164217747    
7501.565   144.752782   40.840576   0.593423   0.44951150422749864   
7505.439   144.598217   40.902953   0.590852   0.44535278423754865   
7509.309   144.448812   40.976059   0.591093   0.44083347192592987   
7513.194   144.305651   41.044015   0.594729   0.4365880137102496    
7517.125   144.188819   41.112324   0.60066    0.43262432414191054   
7521.047   144.063539   41.187107   0.605385   0.4283180459098122    
7525.019   143.951401   41.271094   0.608282   0.42380467686330325   
7528.997   143.824973   41.344511   0.608658   0.41954745935618304   
7532.999   143.685092   41.408888   0.609282   0.4154938778294993    
7537.011   143.528097   41.475546   0.612753   0.41116338270557756   
7541.051   143.391924   41.537816   0.618199   0.4072372004143469    
7545.115   143.220341   41.603231   0.623529   0.4027957491612524    
7549.178   143.085444   41.683478   0.628628   0.3981965328898509    
7553.261   142.933034   41.747609   0.628571   0.3940240987201642    
7557.387   142.764514   41.81001    0.624837   0.3897390823066964    
7561.508   142.65656    41.896195   0.62121    0.3852258669730718    
7565.627   142.503999   41.964358   0.621184   0.3809050824518089    
7569.809   142.387285   42.042916   0.626927   0.37659392012418086   
7573.973   142.197649   42.102117   0.638408   0.3722022720073159    
7578.196   142.037758   42.171705   0.65411    0.3677518041379788    
7582.4     141.871214   42.235687   0.670873   0.3634412436549113    
7586.67    141.675369   42.281899   0.684039   0.3594741918822489    
7590.902   141.493283   42.340222   0.693229   0.3552033111076146    
7595.177   141.270463   42.392998   0.697938   0.35068042612885814   
7599.477   141.01531    42.433126   0.700779   0.34626625817537837   
7603.796   140.496186   42.39682    0.703737   0.3417266416449643    
7608.137   140.25552    42.446474   0.711447   0.3371024314492767    
7612.501   140.017577   42.488007   0.721799   0.33281320812817683   
7616.913   139.979567   42.597296   0.730221   0.3282603200286324    
7621.297   140.064008   42.744611   0.734703   0.3236932243879907    
7625.721   140.028259   42.866984   0.737252   0.31870173727665735   
7630.151   139.925572   42.957442   0.741826   0.31414701171705844   
7634.566   139.786865   43.034011   0.749956   0.3097027947313812    
7639.073   139.584082   43.091905   0.760874   0.3052209407348816    
7643.524   139.434183   43.171932   0.772851   0.300524684106577     
7648.03    139.252993   43.23646    0.782494   0.2960464293946085    
7652.601   139.123169   43.302355   0.789757   0.29211034398221997   
7657.116   138.957916   43.379048   0.795619   0.2873689083560282    
7661.676   138.765346   43.450062   0.799232   0.28252419328469675   
7666.272   138.55032    43.495638   0.800515   0.2783580591590805    
7670.883   138.351445   43.554306   0.801719   0.2738950699991535    
7675.508   138.129274   43.621104   0.802762   0.26886259747383795   
7680.156   137.9662     43.693946   0.804048   0.26429473478428456   
7684.813   137.668546   43.720149   0.807455   0.2598719137713579    
7689.483   137.813908   43.887021   0.817108   0.25545719924741156   
7694.189   137.499582   43.91247    0.825989   0.25086795683941665   
7698.914   137.281697   43.969967   0.835666   0.24622859925880927   
7703.662   137.066833   44.027307   0.84513    0.24162898918832657   
7708.394   137.009405   44.141285   0.855689   0.23681308167601614   
7713.19    136.727457   44.167418   0.865689   0.23256247012697162   
7717.967   136.478211   44.220317   0.876505   0.22771922226048089   
7722.776   136.334621   44.316283   0.887717   0.22255714346773198   
7727.608   136.10452    44.367671   0.89485    0.2179919734882312    
7732.465   135.89232    44.435518   0.90182    0.21304171142279343   
7737.341   135.490044   44.432689   0.907283   0.20839177416744217   
7742.241   135.645516   44.617233   0.917054   0.20358645724967384   
7747.191   135.382833   44.655806   0.924536   0.1990942484614181    
7752.088   135.173556   44.728511   0.931446   0.1940069963731217    
7757.018   134.987179   44.799376   0.939119   0.1892579155226867    
7761.985   134.776272   44.859115   0.948749   0.18461558249378068   
7766.987   135.03327    45.082305   0.962422   0.17971398165725594   
7771.97    134.795368   45.133965   0.972989   0.17505182040229722   
7777.003   134.568615   45.199617   0.983012   0.17002330431126697   
7782.079   134.37839    45.270377   0.992457   0.1652485205859733    
7787.103   134.137494   45.312204   1.000562   0.1608922153343827    
7792.203   133.940384   45.386903   1.009018   0.15589485632706865   
7797.287   133.749073   45.445934   1.015904   0.15152038390094638   
7802.393   133.574909   45.522589   1.02272    0.1467304370449924    
7807.556   133.327282   45.578129   1.028918   0.1418017649386305    
7812.697   133.124027   45.657385   1.035757   0.13657148612622289   
7817.892   132.916003   45.721907   1.043018   0.1318012413231773    
7823.076   132.70449    45.782795   1.051339   0.12711534431207147   
7828.29    132.491548   45.82722    1.058325   0.12298664071553993   
7833.517   132.275186   45.888342   1.066435   0.11823052603479674   
7838.778   131.690271   45.836663   1.071711   0.11293309013663033   
7844.056   131.850899   46.034205   1.083967   0.10799389931114198   
7849.334   131.568609   46.077677   1.093185   0.103045518670393     
7854.643   130.486473   45.833408   1.095447   0.0983273513383123    
7859.972   131.120198   46.200463   1.113133   0.09330761971926846   
7865.33    130.943833   46.280358   1.12508    0.08838069000623183   
7870.685   130.681937   46.326155   1.135977   0.08358624533787991   
7876.072   130.448148   46.395262   1.148074   0.07832680487991765   
7881.476   130.160844   46.434787   1.158076   0.07342770709553906   
7886.902   129.976549   46.501196   1.169184   0.06886583018388366   
7892.343   129.763107   46.568383   1.179905   0.0639172258300575    
7897.8     129.457214   46.594401   1.189366   0.059238961910277645  
7903.273   129.250009   46.672105   1.201024   0.054000524536392015  
7908.789   129.011767   46.729121   1.211572   0.04908631829832966   
7914.304   128.659065   46.733866   1.220364   0.044535475392025424  
7919.846   128.461271   46.805686   1.231256   0.03960797965896596   
7925.399   128.226429   46.879057   1.242003   0.03416437616797715   
7930.979   127.849303   46.882044   1.251209   0.029341063912511987  
7936.588   127.506387   46.889319   1.258954   0.024787333942983294  
7942.184   127.534398   47.041509   1.269528   0.019945314822269997  
7947.832   127.182615   47.059373   1.27766    0.014909324850386568  
7953.474   126.84104    47.070648   1.285822   0.010214664116665252  
7959.149   126.613648   47.12874    1.296883   0.005361566853762013  
7964.837   126.275012   47.160176   1.305506   0                     