# XDI/1.0 
# Spectrum.license:CC BY 4.0
# Publication.authors: Bruce Ravel
# Publication.affiliation: Brookhaven National Laboratory, NSLS-II
# Facility.name:NSLS-II
# Sample.temperature:rt
# Sample.prep:Powder in polyethylene glycol pellet
# Sample.smiles:[Mn+2].[Ca+2].[Si+4].[O-2]
# Publication.DOI: https://doi.org/10.18434/mds2-4032
# Sample.name:Bustamite
# Scan.number:scan1
# Sample.id:fx2qly
# Scan.start_time:2020-01-14
# Element.symbol:Fe
# Facility.energy:3.0 GeV
# Beamline.flux:Si(111): 2x10^12 at 10 keV; 6x10^10 at 20 keV; Si(311): 4x10^11 at 10 keV; 1x10^10 at 20 keV
# Beamline.name:Beamline for Materials Measurement (BMM)
# Beamline.energy_range:4.0 - 23
# Beamline.scan_mode:Transmission
# Beamline.energy_resolution:Si(111): 1.3 x 10^-4; Si(311):1.9 x 10^-5 
# Beamline.spot_size:300 µm
# Beamline.detector:Ionization chamber
# Beamline.website:https://www.bnl.gov/nsls2/beamlines/beamline.php?r=6-BM
# Mono.name:Si(111) and Si(311)
# Element.edge:K
# Column.1:Energy
# Column.2:I0
# Column.3:Itrans
# Column.4:Irefer
# Column.5:Mutrans
# Energy   I0           Itrans      Irefer     Mutrans               
6911.995   71.578881    4.605112    1.269977   0.9968529763524989    
6922.01    71.374944    4.646736    1.289583   0.9827491093259847    
6932.014   71.236228    4.696998    1.308548   0.9676304863004043    
6942.01    71.053523    4.743879    1.327622   0.952754962877477     
6952.022   70.871212    4.790384    1.345966   0.9380878239518146    
6962.019   70.732196    4.840635    1.365333   0.9233323243053525    
6972.019   70.567557    4.886978    1.384427   0.9092197433488954    
6982.01    70.407218    4.935747    1.403554   0.8946953073433669    
6992.014   70.248791    4.984718    1.424048   0.8802650557691475    
7002.013   70.10762     5.035411    1.444194   0.8658295246155782    
7012.017   69.955162    5.085599    1.463865   0.851435958921137     
7022.013   69.789094    5.13641     1.484589   0.8367762327240271    
7032.014   69.648128    5.187655    1.504515   0.8225556603640376    
7042.011   69.476526    5.237785    1.524964   0.8081750042361925    
7052.012   69.306965    5.286862    1.544433   0.7941681590469867    
7062.011   68.550627    5.289757    1.549202   0.7804581454787206    
7072.006   69.038852    5.391559    1.583405   0.7662184057175461    
7082.014   68.85378     5.440036    1.598727   0.752371412689724     
7084.01    68.865892    5.454696    1.60253    0.7493779951881251    
7086.01    68.853141    5.465469    1.605391   0.746809547923097     
7088.003   68.834102    5.475949    1.608577   0.7442006503864861    
7090.007   68.818891    5.487179    1.610072   0.7414995463076599    
7092       68.782924    5.49726     1.612013   0.7386930201355636    
7094.002   68.757377    5.507801    1.613253   0.7359711404108038    
7096.006   68.735853    5.518546    1.613648   0.7332791171633225    
7098.004   68.704511    5.527424    1.612001   0.7308233414824471    
7100.001   68.660337    5.535212    1.608416   0.728382322555528     
7101.998   68.62996     5.544131    1.604075   0.7259396378141395    
7102.083   68.631836    5.546336    1.603923   0.7254989478316629    
7102.182   68.635706    5.546341    1.603868   0.7255649788693301    
7102.278   68.607492    5.54507     1.60232    0.725348424374939     
7102.381   68.615503    5.546063    1.602363   0.7252742789704643    
7102.479   68.606536    5.54611     1.601939   0.7251086588379448    
7102.58    68.606909    5.546273    1.601003   0.7250801532513783    
7102.678   68.584296    5.545761    1.600529   0.7247977028435483    
7102.783   68.58613     5.546314    1.601038   0.7247108625817674    
7102.883   68.57413     5.546139    1.599956   0.724540176207314     
7102.984   68.5363      5.543294    1.598524   0.7244941001638191    
7103.084   68.553652    5.545116    1.5982     0.724404268765006     
7103.185   68.572973    5.546918    1.598329   0.7243529527883112    
7103.283   68.555515    5.546246    1.596894   0.7241941171807151    
7103.388   68.566089    5.547861    1.596908   0.7240311750058246    
7103.489   68.540653    5.54669     1.596018   0.7238408286410963    
7103.587   68.53891     5.546606    1.595395   0.7238285872791859    
7103.685   68.534505    5.547427    1.595055   0.7235759584752133    
7103.792   68.527783    5.546989    1.59379    0.7235531945287393    
7103.895   68.517027    5.54679     1.592603   0.7234090828029385    
7103.993   68.515325    5.546737    1.592171   0.7233908916308877    
7104.092   68.520218    5.548052    1.591896   0.7231937721521845    
7104.192   68.502188    5.547896    1.590737   0.7229140445553439    
7104.297   68.506768    5.548147    1.59082    0.7229397687425818    
7104.396   68.493064    5.547602    1.589682   0.7228185918847966    
7104.494   68.483529    5.546869    1.588309   0.7228101626079183    
7104.597   68.500233    5.549438    1.588325   0.7225493527444933    
7104.695   68.467493    5.54747     1.586027   0.7224025266459292    
7104.794   68.471551    5.54786     1.586155   0.7223893970163202    
7104.896   68.47795     5.549692    1.585569   0.7221076913527257    
7104.999   68.46622     5.548523    1.583797   0.7221545253751641    
7105.1     68.463951    5.549492    1.583977   0.7219072671647175    
7105.198   68.428112    5.546641    1.581411   0.721895679520961     
7105.299   68.463387    5.550482    1.582251   0.7216851791256562    
7105.399   68.418938    5.547853    1.580296   0.7214761023475916    
7105.496   68.430013    5.54974     1.579547   0.7212640112808861    
7105.594   68.434221    5.550012    1.577935   0.7212788651988483    
7105.695   68.422867    5.549772    1.576481   0.7211328657370363    
7105.797   68.421281    5.550325    1.57631    0.7209867025238739    
7105.898   68.419596    5.550428    1.574443   0.7209353097693464    
7105.996   68.420362    5.550892    1.573595   0.7208491505512916    
7106.097   68.421015    5.551947    1.572224   0.7206343447694593    
7106.196   68.399652    5.54983     1.570773   0.7207165825711553    
7106.294   68.393878    5.55025     1.569075   0.7205260582119286    
7106.392   68.397662    5.551097    1.567081   0.7204103007011455    
7106.497   68.393336    5.550948    1.565849   0.7203669725766526    
7106.594   68.395506    5.551829    1.565386   0.7202158671237454    
7106.694   68.353512    5.548455    1.561995   0.7202084126288538    
7106.793   68.394676    5.552458    1.561661   0.7200666019426547    
7106.898   68.407471    5.553979    1.559625   0.7199632596384512    
7106.996   68.470732    5.559601    1.55982    0.719859252740608     
7107.097   68.445309    5.558158    1.556985   0.719726224194764     
7107.195   68.442685    5.559336    1.555704   0.7194284004172634    
7107.296   68.443002    5.559919    1.552959   0.7193091173047048    
7107.397   68.456297    5.56141     1.551338   0.7192211670689111    
7107.495   68.43105     5.55969     1.548525   0.7191502971797868    
7107.6     68.421432    5.559221    1.545771   0.7190834157248676    
7107.699   68.416855    5.559138    1.543257   0.7190215719910381    
7107.797   68.409316    5.559844    1.541358   0.7187393000216948    
7107.9     68.422435    5.561988    1.53835    0.7185086701979314    
7108.003   68.398816    5.560472    1.534516   0.7184222090349124    
7108.101   68.465541    5.566135    1.533006   0.7183711935839535    
7108.198   68.46235     5.565939    1.529255   0.7183576327795396    
7108.303   68.464069    5.566616    1.526042   0.7182427703758153    
7108.403   68.453826    5.566256    1.521545   0.7181416744283613    
7108.5     68.532216    5.572747    1.51922    0.7181167325437025    
7108.603   68.514282    5.571953    1.514587   0.7179748372825704    
7108.703   68.522672    5.573186    1.509892   0.7178572415534689    
7108.802   68.554547    5.575743    1.505518   0.717864819441179     
7108.903   68.557669    5.577275    1.499767   0.7175920725432915    
7109.003   68.552495    5.577242    1.493981   0.7175092965075847    
7109.102   68.57779     5.578865    1.488103   0.717602071859639     
7109.2     68.561422    5.57873     1.481001   0.7173467916114408    
7109.301   68.552203    5.578118    1.472895   0.7173173205688914    
7109.402   68.537109    5.576724    1.464746   0.7173527009186436    
7109.5     68.548239    5.57879     1.456393   0.7171051423390423    
7109.599   68.536744    5.576845    1.445749   0.7173205418770039    
7109.704   68.522946    5.576072    1.433547   0.7172458949899274    
7109.8     68.520938    5.576973    1.421593   0.717018739649909     
7109.897   68.501467    5.576029    1.407364   0.7168819762514538    
7109.995   68.504589    5.576303    1.391827   0.71687773591999      
7110.098   68.482432    5.574732    1.372625   0.7168280824718384    
7110.197   68.493708    5.575373    1.352324   0.7168871879560481    
7110.293   68.489408    5.574357    1.329275   0.7170293604686241    
7110.4     68.483715    5.574082    1.301135   0.7169891459850115    
7110.497   68.470571    5.572274    1.272971   0.7171467878041746    
7110.593   68.452298    5.571436    1.241845   0.7170081313176738    
7110.696   68.45667     5.570859    1.206434   0.7172073935159015    
7110.797   68.446534    5.569234    1.169168   0.717378364083421     
7110.891   68.430008    5.567602    1.13189    0.7174397819453117    
7111.001   68.429       5.568083    1.087604   0.7173194421796761    
7111.097   68.418587    5.566835    1.050022   0.7174050988351954    
7111.198   68.41394     5.565668    1.011115   0.7175737729075858    
7111.303   68.410656    5.564656    0.97125    0.7177330556005781    
7111.399   68.391377    5.563616    0.936878   0.717620068369204     
7111.502   68.391157    5.562329    0.902475   0.7178915655023194    
7111.603   68.391907    5.562298    0.871108   0.7179112487470198    
7111.695   68.383561    5.561847    0.843947   0.7178625097399979    
7111.8     68.347709    5.559733    0.816397   0.7176908369074355    
7111.903   68.370903    5.561786    0.791958   0.717655255139535     
7111.998   68.340836    5.55981     0.771244   0.7175546757372777    
7112.105   68.332496    5.560044    0.749231   0.717359348965414     
7112.201   68.310166    5.557803    0.731744   0.71745014901703      
7112.302   68.309488    5.559953    0.715738   0.7169780530717377    
7112.405   68.299899    5.559404    0.6993     0.7169284995709039    
7112.502   68.305339    5.560583    0.685917   0.7167709275425036    
7112.605   68.271987    5.558211    0.671483   0.71669746138253      
7112.699   68.272601    5.559981    0.660004   0.7163292475822683    
7112.802   68.264063    5.559998    0.647775   0.7161767716778924    
7112.903   68.266722    5.560081    0.635653   0.7162053608302285    
7112.999   68.243406    5.55896     0.625375   0.7160387919697817    
7113.102   68.236208    5.55852     0.614167   0.7160074616501728    
7113.197   68.226207    5.558275    0.604689   0.7158854816275102    
7113.295   68.224813    5.558605    0.595296   0.7157905119068548    
7113.403   68.198759    5.556497    0.585027   0.7157873538141296    
7113.495   68.188431    5.557292    0.576387   0.7154368566714664    
7113.6     68.189762    5.55729     0.567602   0.7154605143484332    
7113.696   68.167548    5.55682     0.559461   0.7151734165986066    
7113.795   68.170301    5.557305    0.552225   0.7151176123382688    
7113.9     68.176374    5.558352    0.544177   0.7149994364225476    
7113.997   68.152251    5.557561    0.537304   0.714747644536844     
7114.102   68.154676    5.558414    0.53016    0.7146073449088226    
7114.201   68.153757    5.558675    0.524289   0.7145354180900311    
7114.297   68.137842    5.557519    0.518173   0.7145050015180741    
7114.4     68.149508    5.559523    0.512636   0.7142796839566734    
7114.497   68.130978    5.559172    0.507376   0.7140311934865788    
7114.604   68.124621    5.558131    0.502295   0.7141430197893328    
7114.701   68.115395    5.557685    0.49831    0.7140773378166829    
7114.802   68.10281     5.556549    0.494224   0.7141007174251034    
7114.902   68.116261    5.5584      0.490863   0.7139393738056337    
7115.001   68.110708    5.557058    0.487947   0.7141297142982013    
7115.106   68.135438    5.560141    0.485024   0.7139016759592083    
7115.201   68.111676    5.557545    0.482696   0.714042338462954     
7115.302   68.094354    5.555125    0.480649   0.7142579669907083    
7115.403   68.135278    5.55913     0.478958   0.7141152923792813    
7115.497   68.135063    5.558751    0.47714    0.7141926746286813    
7115.604   68.114069    5.555119    0.475252   0.7146037588409742    
7115.699   68.124843    5.557044    0.474174   0.7143796629889917    
7115.802   68.109528    5.553922    0.472307   0.7147808782152645    
7115.898   68.102878    5.552431    0.470833   0.7149842066356182    
7115.993   68.111152    5.55178     0.469609   0.7152683230307304    
7116.102   68.086342    5.549863    0.467293   0.7152457477745017    
7116.195   68.090171    5.548246    0.465433   0.715659461899594     
7116.296   68.083474    5.546604    0.46354    0.7158946606892802    
7116.397   68.084449    5.543656    0.46103    0.7165443922868981    
7116.493   68.065769    5.541327    0.458379   0.7167179116749143    
7116.601   68.056627    5.538623    0.454605   0.7171389230228254    
7116.697   68.070163    5.537449    0.451227   0.7176278797958022    
7116.798   68.050589    5.532145    0.446509   0.7184260673491097    
7116.899   68.043408    5.52851     0.441601   0.7190826972746801    
7116.998   68.037464    5.524404    0.436134   0.7198629247981156    
7117.105   68.015361    5.517683    0.429457   0.7209249775401463    
7117.2     68.028037    5.513691    0.423014   0.722008072799345     
7117.305   68.010164    5.508016    0.415736   0.722920886640557     
7117.402   68.016092    5.502127    0.408139   0.7242976858847731    
7117.503   67.990104    5.493191    0.399994   0.7257772598034071    
7117.601   68.005414    5.488158    0.391345   0.7271360877708322    
7117.7     67.985742    5.479065    0.383103   0.7287651837387027    
7117.805   67.978837    5.469638    0.373768   0.730693654074611     
7117.9     67.965583    5.460127    0.36539    0.7325327899111792    
7118.003   67.959493    5.449879    0.356557   0.7346618766145453    
7118.1     67.962401    5.440264    0.347964   0.7368142554734683    
7118.199   67.944284    5.427753    0.338861   0.739236944280286     
7118.302   67.94929     5.416754    0.329918   0.7417386836740576    
7118.398   67.945404    5.405516    0.321541   0.7441422056773431    
7118.501   67.938653    5.392358    0.312347   0.7469243448782097    
7118.594   67.923235    5.378598    0.304179   0.7496949062544214    
7118.697   67.89422     5.36376     0.295539   0.7524740411624558    
7118.796   67.911059    5.352626    0.287394   0.7552420708154433    
7118.895   67.899173    5.336941    0.27906    0.7585262045674613    
7118.998   67.892055    5.322636    0.27112    0.7615955710423844    
7119.097   67.839875    5.303244    0.262962   0.7650242885337787    
7119.2     67.842447    5.289677    0.254894   0.7681178133607216    
7119.296   67.841771    5.275981    0.247908   0.7711912877771326    
7119.402   67.827395    5.258373    0.239446   0.7749174658017481    
7119.498   67.821065    5.243974    0.232575   0.7780696500781669    
7119.602   67.798608    5.227379    0.225363   0.7814475922652668    
7119.701   67.795359    5.21288     0.218432   0.7846960186826611    
7119.799   67.770904    5.195834    0.211485   0.7881645566329042    
7119.905   67.830536    5.185776    0.205087   0.7915172096540426    
7120.001   67.819829    5.170303    0.198984   0.7948855248823572    
7120.1     67.806725    5.154108    0.192984   0.7983890969086064    
7120.203   67.792794    5.138529    0.18724    0.8017471835181864    
7120.302   67.776556    5.123362    0.181515   0.8049799464952111    
7120.406   67.760588    5.10631     0.175393   0.8086670493970304    
7120.498   67.727347    5.090055    0.17021    0.811877526075916     
7120.601   67.716736    5.07505     0.16557    0.8152044709736779    
7120.7     67.690149    5.058454    0.160479   0.8186351926636082    
7120.799   67.687415    5.044891    0.155604   0.8217823051510156    
7120.902   67.666588    5.029856    0.150834   0.8249680797654796    
7120.997   67.643171    5.016782    0.146789   0.8276535316659972    
7121.098   67.694501    5.007636    0.142955   0.8307278445331612    
7121.197   67.682337    4.994919    0.139446   0.8335400479139099    
7121.296   67.655264    4.98278     0.135877   0.8359596460968554    
7121.399   67.625809    4.968752    0.131915   0.8387965514339644    
7121.496   67.607995    4.958363    0.128671   0.8409739151992995    
7121.599   67.651826    4.95021     0.125904   0.8437036474486622    
7121.698   67.637631    4.941374    0.12296    0.8455800675373427    
7121.795   67.614145    4.931026    0.120205   0.8476615778374292    
7121.902   67.657992    4.923965    0.117936   0.8501384324315249    
7121.995   67.644157    4.91602     0.11597    0.8518168377081871    
7122.1     67.609149    4.903436    0.113496   0.8542510308544812    
7122.199   67.563852    4.891597    0.111179   0.8563302607943007    
7122.298   67.540806    4.880624    0.109071   0.8585968749862488    
7122.401   67.509597    4.86865     0.107126   0.8609701312799529    
7122.5     67.480914    4.857693    0.10554    0.8631457016648926    
7122.597   67.458194    4.844965    0.103597   0.8658672475523496    
7122.702   67.43732     4.831382    0.101448   0.8688400354261213    
7122.803   67.385704    4.815476    0.099343   0.8718532732882238    
7122.898   67.345613    4.800518    0.098225   0.8748474371164746    
7123.006   67.317564    4.783382    0.096275   0.8786073870188376    
7123.1     67.274542    4.765187    0.09432    0.8823820121645083    
7123.199   67.247784    4.747192    0.092925   0.8864112191606943    
7123.307   67.205064    4.72596     0.09094    0.890989566294927     
7123.401   67.165294    4.706156    0.089849   0.8952825617733666    
7123.503   67.12547     4.683357    0.088266   0.9003560652552416    
7123.604   67.089607    4.660916    0.085877   0.9054362056631603    
7123.7     67.058515    4.638219    0.085165   0.9106939499412419    
7123.799   67.013176    4.612975    0.083432   0.9163838581610383    
7123.901   66.976705    4.587897    0.081884   0.9222233826433941    
7124       66.940356    4.562939    0.080599   0.9280689833465816    
7124.099   66.917595    4.538624    0.079788   0.934022900965528     
7124.202   66.891242    4.51278     0.077994   0.9403500815437993    
7124.294   66.858561    4.489974    0.07701    0.9457979763893699    
7124.396   66.796403    4.464118    0.07554    0.951564043142888     
7124.499   66.805739    4.442514    0.074438   0.9575036918987087    
7124.596   66.782392    4.421143    0.073038   0.9628264663663055    
7124.697   66.760827    4.399545    0.07261    0.9682700709018586    
7124.8     66.693175    4.376294    0.07116    0.9733695645941713    
7124.895   66.669729    4.358988    0.070376   0.9776665887388442    
7124.996   66.645339    4.342411    0.069256   0.9817655619551902    
7125.099   66.628093    4.326509    0.068339   0.9858236440485849    
7125.196   66.586       4.312231    0.067456   0.9890054510794454    
7125.297   66.564581    4.300361    0.066773   0.9919029341421504    
7125.403   66.518279    4.288371    0.065941   0.9943975646534328    
7125.5     66.506695    4.281338    0.065229   0.9961436438691404    
7125.599   66.475137    4.273448    0.064468   0.9977740008311845    
7125.7     66.429246    4.267013    0.063156   0.998745528559579     
7125.799   66.381462    4.261422    0.062677   0.9994495331271208    
7125.9     66.338294    4.25681     0.062109   0.9999640508368224    
7126.004   66.313477    4.255089    0.061258   1                     
7126.103   66.274337    4.252844    0.060307   0.9999254317454248    
7126.202   66.250387    4.253896    0.059683   0.9992009431076565    
7126.305   66.202009    4.25399     0.059415   0.9983052998101134    
7126.402   66.168819    4.255707    0.059043   0.9972282698668709    
7126.501   66.144812    4.259734    0.058559   0.9956708279226746    
7126.604   66.08998     4.261541    0.057632   0.9941791540959211    
7126.704   66.06487     4.267002    0.057033   0.992202855320943     
7126.8     66.028726    4.272066    0.056437   0.9901400657954581    
7126.902   65.982985    4.27793     0.056001   0.9876829395166146    
7127.005   65.947357    4.284602    0.055406   0.9851855407227154    
7127.102   65.927286    4.292371    0.054651   0.9826673520115642    
7127.203   65.878934    4.29829     0.054108   0.9801542794855976    
7127.296   65.844104    4.306557    0.053388   0.9772382220733525    
7127.382   65.813515    4.313577    0.053101   0.974746893549749     
7127.509   65.778426    4.324921    0.052227   0.9709866304040219    
7127.617   65.745409    4.334382    0.051534   0.9677886188056036    
7127.712   65.699907    4.341255    0.051215   0.9650790892683849    
7127.815   65.681303    4.350483    0.050129   0.9622150496573848    
7127.914   65.644871    4.358594    0.04912    0.9593380570812574    
7128.011   65.612617    4.36621     0.048634   0.9566755137998831    
7128.108   65.58946     4.374404    0.048252   0.954024116312064     
7128.211   65.568674    4.384841    0.047672   0.9508108595669482    
7128.311   65.535657    4.39272     0.04699    0.9480749527697145    
7128.407   65.516065    4.40122     0.046286   0.9454185296272238    
7128.507   65.487588    4.410116    0.045549   0.9424981209126213    
7128.612   65.464509    4.421467    0.044495   0.9390194958464847    
7128.709   65.420057    4.429241    0.044474   0.9361205297476999    
7128.802   65.41237     4.440292    0.043841   0.9330151325808496    
7128.903   65.378926    4.450374    0.043596   0.9297074271489787    
7129.007   65.371529    4.46332     0.042802   0.9261159062455443    
7129.101   65.342655    4.474634    0.041906   0.9225772576596041    
7129.201   65.322318    4.486321    0.041588   0.9191025777911185    
7129.302   65.303013    4.499396    0.041143   0.9152874877477389    
7129.405   65.267601    4.510446    0.040493   0.9117228618226673    
7129.5     65.239299    4.52059     0.040161   0.9085332204748305    
7129.599   65.213307    4.532077    0.039801   0.9050387935623749    
7129.696   65.168814    4.54082     0.038863   0.9019329570693635    
7129.8     65.149329    4.55258     0.039128   0.8984989579265436    
7129.899   65.103662    4.560921    0.03856    0.8954860717025735    
7129.998   65.073046    4.568525    0.037801   0.8929438381982876    
7130.102   65.037036    4.577626    0.037743   0.8899166919169533    
7130.203   65.000205    4.585226    0.037561   0.8872683677586332    
7130.302   64.96641     4.591822    0.037436   0.8849387278348223    
7130.401   64.924972    4.598061    0.037318   0.8825635290543289    
7130.503   64.895703    4.603589    0.036818   0.8805970027257988    
7130.604   64.834475    4.606331    0.036451   0.8787650319387648    
7130.703   64.821412    4.613001    0.037072   0.8768032370386701    
7130.807   64.775152    4.61679     0.036976   0.8749765365041647    
7130.908   64.767268    4.622234    0.037061   0.873429199753143     
7131.005   64.727614    4.625133    0.036909   0.8719541836915721    
7131.1     64.667398    4.625615    0.036878   0.8707225277009139    
7131.201   64.628365    4.628316    0.037585   0.8693092766519782    
7131.307   64.617856    4.632063    0.037296   0.8681526730552439    
7131.404   64.58934     4.634854    0.0381     0.8669105227796158    
7131.499   64.55671     4.636302    0.038206   0.8659374145496325    
7131.607   64.525846    4.638525    0.038172   0.8647978366166523    
7131.706   64.516479    4.64227     0.038685   0.8636646226152137    
7131.803   64.494593    4.643884    0.039639   0.8628471560607771    
7131.904   64.487757    4.647475    0.03988    0.8618011089631797    
7132.008   64.48435     4.650436    0.040063   0.8609802538023273    
7132.103   64.479462    4.654784    0.04054    0.8597778805169795    
7132.202   64.465833    4.656607    0.041173   0.8590603180021017    
7132.301   64.452905    4.658158    0.041067   0.858425317292308     
7132.407   64.458735    4.662101    0.042573   0.8575260195883389    
7132.502   64.457238    4.665456    0.042705   0.8566422715043759    
7132.599   64.469301    4.668936    0.043509   0.8559776143503557    
7132.7     64.542315    4.677445    0.044619   0.8551577545595391    
7132.802   64.534322    4.679917    0.044323   0.8543815837119954    
7132.899   64.530874    4.681807    0.045702   0.8538374785710318    
7132.998   64.555188    4.687395    0.045561   0.8528662166623103    
7133.099   64.551269    4.68963     0.046756   0.852226662121646     
7133.199   64.557418    4.693315    0.047643   0.8514052544971614    
7133.296   64.56611     4.696841    0.047652   0.8506717293573516    
7133.397   64.572139    4.6998      0.048841   0.8500333409611882    
7133.501   64.578484    4.703698    0.048964   0.8491636385993465    
7133.598   64.592606    4.706783    0.050217   0.8486435800538589    
7133.695   64.585156    4.709873    0.051041   0.8477252833175087    
7133.796   64.596467    4.713372    0.051259   0.8470498988528893    
7133.9     64.588091    4.715598    0.052065   0.8463336675280498    
7133.997   64.675919    4.725288    0.052433   0.8455078970987634    
7134.096   64.670643    4.727649    0.052985   0.8448163363087254    
7134.198   64.717088    4.734255    0.053902   0.8440089690003699    
7134.299   64.718617    4.736824    0.054545   0.8433914768207821    
7134.399   64.819198    4.747089    0.05524    0.8426633911894756    
7134.496   64.837212    4.751029    0.055674   0.8420067488594818    
7134.599   64.833172    4.754051    0.055992   0.8411758590383965    
7134.701   64.861939    4.758685    0.056548   0.8405443296348715    
7134.8     64.884456    4.763072    0.057256   0.8398607785634244    
7134.899   64.952373    4.77114     0.057781   0.8390917020920103    
7135.001   64.97821     4.775062    0.057757   0.8385871297681355    
7135.1     65.004999    4.779071    0.058217   0.8380789361691583    
7135.197   65.023574    4.782498    0.059162   0.8375658689105023    
7135.303   65.030989    4.784846    0.05894    0.8371174397525142    
7135.405   65.054419    4.7885      0.059617   0.8366376671609357    
7135.502   65.050407    4.788537    0.059885   0.8365550757186876    
7135.603   65.076721    4.79198     0.060058   0.8361810169609516    
7135.703   65.103033    4.794409    0.060234   0.8360590114581375    
7135.804   65.118701    4.79686     0.060644   0.8357371505973336    
7135.901   65.148772    4.800163    0.060582   0.835467410900173     
7135.998   65.142811    4.800307    0.060802   0.8353228155335671    
7136.104   65.167967    4.802884    0.061428   0.8351435851200103    
7136.204   65.190988    4.804728    0.061317   0.8351070875201299    
7136.303   65.219046    4.807391    0.061642   0.8349597705819126    
7136.4     65.220492    4.80693     0.061087   0.8351002825741569    
7136.502   65.238321    4.808097    0.061542   0.8351366782008557    
7136.603   65.229953    4.806656    0.06159    0.8353407420126376    
7136.698   65.263033    4.808967    0.061521   0.8353720699783928    
7136.8     65.280526    4.80914     0.061485   0.8356482016644333    
7136.901   65.295698    4.809927    0.061366   0.8357300217511638    
7137.005   65.276607    4.807841    0.061378   0.8358982509933885    
7137.098   65.304237    4.809067    0.061561   0.8360984437493981    
7137.197   65.311216    4.809012    0.060882   0.8362392298260247    
7137.299   65.330055    4.809726    0.061483   0.8364057783788976    
7137.398   65.334553    4.80845     0.060671   0.8368034766638371    
7137.497   65.359441    4.80898     0.060845   0.8371255617970113    
7137.595   65.363626    4.809081    0.060303   0.8371767663857616    
7137.701   65.378304    4.808032    0.060624   0.8377035970706868    
7137.798   65.366936    4.806013    0.06032    0.8379964926430256    
7137.895   65.372515    4.805894    0.059775   0.8381275274364587    
7137.997   65.395113    4.805866    0.059809   0.8385457758379632    
7138.098   65.40219     4.805382    0.059836   0.838794416638345     
7138.198   65.417119    4.805       0.059353   0.8391606455639742    
7138.293   65.417218    4.803707    0.058906   0.8394827327160428    
7138.398   65.427731    4.803431    0.05843    0.8397423492541386    
7138.502   65.419813    4.80164     0.058595   0.8400421312922292    
7138.595   65.423978    4.799684    0.058066   0.8406027848671347    
7138.695   65.431361    4.798688    0.057922   0.840984058161091     
7138.798   65.434622    4.797059    0.057414   0.8414474291828762    
7138.9     65.468978    4.79884     0.057357   0.8416303499007776    
7139.001   65.446096    4.795484    0.056986   0.8420468884942238    
7139.099   65.462236    4.795972    0.056916   0.8422192442135141    
7139.205   65.465796    4.794896    0.056453   0.8425509910430149    
7139.302   65.455894    4.792796    0.05612    0.8428922995485871    
7139.401   65.462442    4.7922      0.055693   0.8431593440214767    
7139.501   65.497288    4.794746    0.055368   0.8431605634737439    
7139.605   65.481806    4.792175    0.055403   0.8435175285670053    
7139.704   65.478019    4.791034    0.055236   0.8437320876598297    
7139.801   65.502041    4.791802    0.05486    0.8439778589257216    
7139.903   65.495678    4.791485    0.054716   0.8439409786147729    
7140.007   65.502212    4.790694    0.054106   0.8442561766689326    
7140.102   65.486452    4.789034    0.05424    0.8443822457320384    
7140.199   65.495364    4.789714    0.054348   0.8443752230728025    
7140.301   65.484354    4.78925     0.053992   0.8442904436559051    
7140.405   65.51329     4.792158    0.053752   0.8440938074806865    
7140.502   65.511379    4.791965    0.05368    0.844107023107378     
7140.599   65.511105    4.793002    0.053566   0.8438445364613224    
7140.701   65.510112    4.79409     0.05341    0.8435563838033202    
7140.805   65.52        4.795772    0.053299   0.8433185353144907    
7140.902   65.5152      4.79769     0.053303   0.8427554886159226    
7140.999   65.532503    4.80014     0.053577   0.8424621822179313    
7141.103   65.535585    4.802119    0.053115   0.8420276074305018    
7141.203   65.537714    4.804842    0.053801   0.8413916369663236    
7141.298   65.549948    4.80802     0.053366   0.8408268939883855    
7141.397   65.555369    4.811126    0.053312   0.840156764154454     
7141.503   65.554727    4.813988    0.053115   0.8394373782250912    
7141.6     65.558123    4.815898    0.053085   0.8390269460703829    
7141.698   65.536822    4.817891    0.052924   0.838147810250755     
7141.797   65.537957    4.820871    0.053233   0.8374325529761061    
7141.899   66.043771    4.8619      0.053564   0.8364966266938052    
7141.996   90.959555    6.700076    0.074061   0.8357917167958864    
7143.091   93.124106    6.913579    0.07823    0.8264490760747869    
7144.206   95.763056    7.158667    0.08182    0.818246545721926     
7145.284   97.059691    7.301436    0.0827     0.8107513729898954    
7146.425   98.410911    7.448654    0.080933   0.8034481381057139    
7147.584   99.79139     7.593644    0.077666   0.7970835996967996    
7148.781   102.467444   7.826272    0.074789   0.7926666625660637    
7149.949   103.844707   7.943687    0.073077   0.7908341919901194    
7151.159   105.207132   8.049463    0.071688   0.7906040973290857    
7152.398   106.597362   8.150836    0.071588   0.7913330834906104    
7153.646   109.279443   8.345073    0.072347   0.7928786679882103    
7154.914   110.639359   8.430868    0.074893   0.7954244390935458    
7156.206   111.973233   8.500705    0.075251   0.7998688824403759    
7157.518   113.300797   8.562918    0.077291   0.805217596578154     
7158.833   115.907405   8.719596    0.078917   0.8107080706376901    
7160.182   117.159484   8.781238    0.080075   0.8151113323080035    
7161.545   118.405715   8.850885    0.081321   0.8183017086376431    
7162.942   119.631607   8.934114    0.083292   0.8194210464679064    
7164.323   122.241889   9.134762    0.087044   0.8186767095745412    
7165.749   123.481867   9.246864    0.089086   0.8161718499232686    
7167.194   124.674275   9.364752    0.091191   0.812532396270169     
7168.656   125.853671   9.482711    0.093737   0.8088407371568419    
7170.139   128.378544   9.698822    0.097537   0.8056622768344338    
7171.634   129.590814   9.807607    0.101425   0.8035734002153146    
7173.146   130.798587   9.920524    0.106808   0.8009901042328877    
7174.685   132.141691   10.045635   0.113969   0.7982334820769637    
7176.245   134.651221   10.255293   0.122562   0.7960406164202578    
7177.814   135.877281   10.364169   0.129771   0.7942598338273521    
7179.402   137.102065   10.466868   0.13541    0.7932045282412155    
7181.016   138.360685   10.576856   0.137276   0.791639469740921     
7182.657   140.870819   10.79259    0.13928    0.7890067707112429    
7184.306   142.126919   10.918732   0.137887   0.7857425148969144    
7185.984   143.374905   11.05269    0.133975   0.7816349304863293    
7187.667   144.629668   11.191005   0.129235   0.777204344751175     
7189.373   146.802256   11.399978   0.124668   0.7729306967203052    
7191.104   148.013921   11.536875   0.118791   0.7685070006757638    
7192.849   149.823032   11.716276   0.114505   0.764601079302456     
7194.617   151.051426   11.845669   0.114306   0.7612476938201226    
7196.399   153.758916   12.088472   0.119055   0.7582434564348327    
7198.191   155.089209   12.221619   0.125695   0.7554591989668835    
7200.016   156.384228   12.352774   0.135483   0.7526521261421463    
7201.854   157.673593   12.491996   0.146894   0.7490861645475866    
7203.712   160.291311   12.738894   0.161701   0.7453899210767787    
7205.591   161.562123   12.878302   0.175528   0.7418349642703682    
7207.496   162.826691   13.017409   0.18224    0.7383277194545104    
7209.41    164.061486   13.14919    0.178168   0.7353315113686659    
7211.345   166.5999     13.383252   0.162564   0.7326061698100405    
7213.301   167.835872   13.507      0.140047   0.7304490683618259    
7215.274   169.0348     13.622433   0.118946   0.728792735179498     
7217.27    170.272827   13.738881   0.103675   0.727347365885765     
7219.287   172.76633    13.955219   0.097011   0.7260552469437698    
7221.312   173.900425   14.056878   0.096815   0.7252038956869148    
7223.367   175.036926   14.162384   0.102775   0.7240572218384008    
7225.432   175.928433   14.250835   0.115553   0.7226937027525305    
7227.522   177.301445   14.389984   0.134695   0.7203815927282085    
7229.621   180.178971   14.640397   0.157707   0.71900950756378      
7231.752   181.296069   14.760064   0.18147    0.7166772751886104    
7233.906   182.444541   14.883634   0.204528   0.7142706350480532    
7236.062   184.902296   15.118318   0.223747   0.7115767950314095    
7238.243   186.053965   15.251392   0.231856   0.7085368108421679    
7240.448   187.184525   15.38957    0.232584   0.7050128770643987    
7242.673   188.385983   15.53435    0.226661   0.7014835535339565    
7244.912   190.908171   15.787077   0.218697   0.698105619236305     
7247.175   188.682539   15.646352   0.208373   0.6948058796585621    
7249.455   192.87235    16.043132   0.208785   0.6911399726833428    
7251.741   194.193264   16.200306   0.212787   0.6876602064138975    
7254.048   196.463897   16.437979   0.221578   0.6841619737608633    
7256.388   197.783424   16.598771   0.228792   0.6805438146790059    
7258.751   198.817323   16.730269   0.228852   0.677357835938589     
7261.116   199.351877   16.820273   0.223562   0.6741681592830285    
7263.5     188.355183   15.890401   0.204715   0.6743200500144472    
7265.936   203.894649   17.300852   0.218708   0.6674574189637764    
7268.347   205.655181   17.495644   0.215275   0.6643647299575709    
7270.798   206.672767   17.627139   0.206948   0.6613277183970562    
7273.276   208.181002   17.81622    0.19842    0.6572833906336852    
7275.757   210.467224   18.059061   0.195084   0.6541698640100537    
7278.276   211.61305    18.209664   0.192965   0.650747857001189     
7280.793   212.072321   18.296862   0.188671   0.6476427767127542    
7283.336   214.543091   18.570867   0.184348   0.643737856015206     
7285.917   215.969337   18.752196   0.17968    0.6400593650170108    
7288.484   217.113762   18.909957   0.179409   0.636378797339436     
7291.089   218.243205   19.062895   0.187059   0.632967360396223     
7293.708   220.691991   19.333331   0.205512   0.6294817925879229    
7296.348   221.824513   19.490976   0.227218   0.6259086806088975    
7299.005   222.852995   19.639925   0.250513   0.6223537540046484    
7301.688   220.55336    19.492519   0.266021   0.6189751953002272    
7304.387   226.855137   20.110816   0.288359   0.6153394676255931    
7307.108   227.843601   20.257593   0.300196   0.6118595386876755    
7309.841   229.098213   20.428106   0.306505   0.608419440352771     
7312.598   230.627867   20.624425   0.309115   0.6049566790477898    
7315.367   233.007354   20.895069   0.313022   0.6016571039774119    
7318.165   234.126901   21.052419   0.315844   0.5984331804509783    
7320.986   235.221748   21.205777   0.319894   0.5953475799981833    
7323.809   236.335731   21.361318   0.322924   0.592273178579859     
7326.657   238.64329    21.63418    0.327396   0.5887312616339814    
7329.531   239.724416   21.797437   0.332028   0.5851635906178405    
7332.42    240.755283   21.960617   0.339564   0.5813942387478189    
7335.323   241.886003   22.132887   0.350261   0.5776712890249583    
7338.252   244.218837   22.418116   0.358502   0.573855148514434     
7341.196   245.505688   22.608567   0.358146   0.5700420229582912    
7344.169   247.004308   22.816746   0.348501   0.5663763840575247    
7347.143   248.086      22.991182   0.333261   0.5625130074926843    
7350.153   250.37433    23.279201   0.319871   0.5586239687070728    
7353.167   251.461789   23.459745   0.306899   0.5545875355655544    
7356.207   252.528777   23.651226   0.297307   0.5499524118674538    
7359.275   253.598228   23.840384   0.288877   0.5455015624042484    
7362.355   255.931723   24.148131   0.285495   0.541138067209725     
7365.444   256.92513    24.32047    0.282655   0.5372853411503562    
7368.562   258.013481   24.504538   0.288022   0.5333428272520051    
7371.698   259.011341   24.67757    0.30239    0.5295626756133234    
7374.853   261.349833   24.982947   0.328445   0.5256226678747328    
7378.025   262.414236   25.168675   0.362553   0.5216451362261636    
7381.216   263.473117   25.353901   0.403379   0.5177114522216324    
7384.429   264.503798   25.536131   0.435578   0.513834808069872     
7387.66    266.747081   25.839224   0.452748   0.5098433428037584    
7390.923   267.89178    26.043314   0.454125   0.5055765862922255    
7394.174   268.878056   26.229156   0.449223   0.5014878659536145    
7397.468   269.93561    26.426282   0.44707    0.49724889614133794   
7400.786   272.202665   26.740218   0.451616   0.4931476011989998    
7404.108   273.320304   26.937922   0.456428   0.48925747241109513   
7407.45    274.318972   27.121806   0.457922   0.48550178220055346   
7410.817   275.384151   27.317836   0.46039    0.48154324133945686   
7414.209   277.630452   27.631957   0.46493    0.4776049732530919    
7417.613   278.698465   27.839157   0.469269   0.4732837099958937    
7421.036   279.654369   28.031642   0.477977   0.46915846603989875   
7424.475   280.672086   28.230336   0.490833   0.46507577953249923   
7427.931   282.952162   28.567943   0.503958   0.46055675253767625   
7431.399   283.835616   28.75803    0.507758   0.4563743407800761    
7434.907   284.804575   28.958265   0.508129   0.45217262012944165   
7438.422   285.819627   29.165391   0.504511   0.44792474347131345   
7441.969   287.826201   29.476789   0.496327   0.4436113365733765    
7445.513   281.215691   28.901038   0.471686   0.4394350731051251    
7449.091   290.50631    29.964538   0.47972    0.4351106171041557    
7452.681   291.046294   30.127322   0.477809   0.43087298544998737   
7456.292   293.581534   30.498029   0.484024   0.4266404437659136    
7459.919   294.591626   30.712917   0.490706   0.42237214497199327   
7463.573   295.417535   30.910203   0.499715   0.4180838759183644    
7467.245   290.779889   30.521066   0.505578   0.4143304334071228    
7470.932   299.126426   31.53138    0.539862   0.4092531196547864    
7474.635   299.988732   31.74425    0.559827   0.4046716073521517    
7478.363   301.385057   32.009123   0.577369   0.40030931730845815   
7482.117   302.31576    32.22799    0.594418   0.3958690903942095    
7485.875   304.456816   32.576817   0.615149   0.3914558767879197    
7489.662   305.367435   32.792816   0.635646   0.3871453420791237    
7493.461   306.237694   33.008758   0.652584   0.38272107946816386   
7497.281   307.151272   33.233575   0.661036   0.3781881418315299    
7501.121   309.30282    33.588535   0.665507   0.37385186286716127   
7504.983   310.263508   33.816969   0.665096   0.3694762353411872    
7508.86    311.747801   34.107222   0.66968    0.36498505148737503   
7512.766   312.573607   34.323795   0.675751   0.36060052522509745   
7516.685   314.68706    34.684101   0.68791    0.3561926621100112    
7520.611   315.513621   34.903634   0.69694    0.3518055872047273    
7524.568   316.419729   35.134314   0.702316   0.3473790114591091    
7528.544   317.230848   35.360663   0.70554    0.34278343867897415   
7532.541   319.207542   35.718918   0.711964   0.33817936965415407   
7536.552   320.048674   35.947643   0.718427   0.3337148520949295    
7540.589   320.864926   36.174167   0.727989   0.3292704268591141    
7544.631   321.639484   36.402493   0.737603   0.3246517957846816    
7548.699   323.668438   36.772699   0.748412   0.32009370537908993   
7552.791   324.490649   37.003693   0.752412   0.3156607249729044    
7556.903   325.265281   37.230209   0.750882   0.31123554340493564   
7561.021   325.967622   37.460011   0.748967   0.30647937013274196   
7565.173   328.007469   37.840626   0.754916   0.3018726174754609    
7569.338   328.675524   38.064333   0.763647   0.29727918832255146   
7573.529   329.401798   38.300682   0.780273   0.29253942695690116   
7577.73    330.155416   38.53834    0.801957   0.2878973440454825    
7581.948   331.96291    38.896518   0.828449   0.2833852906905315    
7586.188   332.587123   39.128842   0.848498   0.278533943723984     
7590.447   333.115171   39.343319   0.862199   0.27391657505415073   
7594.722   333.671588   39.558763   0.871357   0.2694036772015598    
7599.026   335.376501   39.91459    0.881065   0.26481219951936413   
7603.342   335.16656    40.048842   0.888652   0.260070914315333     
7607.681   334.996835   40.187327   0.898131   0.255360052020184     
7612.037   335.293451   40.390533   0.913246   0.2504108949860298    
7616.408   337.743338   40.847268   0.932449   0.2456929782347439    
7620.805   338.958225   41.160854   0.941021   0.24086472104746123   
7625.216   339.724061   41.419465   0.946486   0.23609674576063705   
7629.65    340.177468   41.637453   0.953487   0.231437133158179     
7634.095   341.75283    41.997529   0.970597   0.2266882575278146    
7638.567   342.200132   42.22267    0.986644   0.22188212914590508   
7643.047   342.567608   42.436069   1.005381   0.21715976937211742   
7647.563   343.529442   42.725221   1.02213    0.21241501980551217   
7652.081   345.26625    43.112886   1.039116   0.2076672235249466    
7656.63    345.594011   43.330062   1.04838    0.20281661075475985   
7661.195   345.744601   43.521551   1.054814   0.19808733767021136   
7665.78    345.991257   43.7277     1.059946   0.19331230553598874   
7670.382   347.429653   44.086544   1.068174   0.18852327282123754   
7675.004   347.653242   44.29861    1.071118   0.18357809970874395   
7679.644   347.800337   44.503088   1.075765   0.17860089213053437   
7684.302   348.014769   44.713108   1.082904   0.17373137062847982   
7688.987   350.946047   45.282045   1.104291   0.16866603627459031   
7693.683   350.596561   45.420973   1.117634   0.16383468824401404   
7698.407   350.651737   45.619074   1.132812   0.15884280325613812   
7703.143   350.708535   45.816196   1.147849   0.15390426394650633   
7707.894   350.007903   45.935094   1.161389   0.14844002369172274   
7712.667   352.128378   46.386803   1.183523   0.1439825769689372    
7717.466   352.03297    46.565851   1.200226   0.13907536670404347   
7722.28    352.311645   46.795363   1.217401   0.13416588525146256   
7727.109   353.321395   47.134159   1.234379   0.1289868017589394    
7731.953   353.325934   47.339647   1.245299   0.12382506472000247   
7736.825   353.078367   47.503556   1.255493   0.11887750898053091   
7741.712   354.316527   47.870051   1.273208   0.11389719139833696   
7746.626   354.740842   48.129463   1.287445   0.10888981184972898   
7751.546   354.551186   48.306746   1.298486   0.10387784496816976   
7756.491   354.434313   48.497316   1.310147   0.09879987865219746   
7761.452   354.278827   48.684729   1.325021   0.09368762808022603   
7766.438   355.224135   49.019895   1.345754   0.0886939259324662    
7771.444   355.082039   49.211312   1.362865   0.08357972160216319   
7776.463   354.948853   49.405891   1.379384   0.07843703841699416   
7781.503   354.66923    49.586113   1.392477   0.07316590662649215   
7786.565   355.521883   49.920708   1.41101    0.06802014129943913   
7791.649   355.302728   50.105008   1.424434   0.06290081861836876   
7796.745   355.143925   50.2952     1.435695   0.05785997583418806   
7801.864   354.729368   50.464261   1.446683   0.05247641588542549   
7806.99    355.383648   50.775525   1.460133   0.04735157540104163   
7812.151   354.91788    50.939721   1.470912   0.04194861877103595   
7817.32    354.550542   51.119645   1.481927   0.036520203681786476  
7822.519   354.237417   51.299113   1.494523   0.03129797731671273   
7827.733   355.043661   51.639633   1.51356    0.02612997310199234   
7832.962   355.339475   51.911389   1.527209   0.020874695753395938  
7838.211   354.97211    52.088541   1.540108   0.015589389000694941  
7843.484   354.312712   52.224157   1.552517   0.01028222758937633   
7848.772   354.67303    52.501145   1.571464   0.005196581097760313  
7854.083   351.930353   52.323131   1.573442   0                     