# XDI/1.0 
# Spectrum.license:CC BY 4.0
# Publication.authors: Bruce Ravel
# Publication.affiliation: Brookhaven National Laboratory, NSLS-II
# Facility.name:NSLS-II
# Sample.temperature:rt
# Sample.prep:Powder in polyethylene glycol pellet
# Sample.smiles:[Mn+2].[Al+3].[Si+4].[O-2].[OH-]
# Publication.DOI: https://doi.org/10.18434/mds2-4032
# Sample.name:Carpholite
# Scan.number:scan1
# Sample.id:n2wd2b
# Scan.start_time:2020-01-15
# Element.symbol:Fe
# Facility.energy:3.0 GeV
# Beamline.flux:Si(111): 2x10^12 at 10 keV; 6x10^10 at 20 keV; Si(311): 4x10^11 at 10 keV; 1x10^10 at 20 keV
# Beamline.name:Beamline for Materials Measurement (BMM)
# Beamline.energy_range:4.0 - 23
# Beamline.scan_mode:Transmission
# Beamline.energy_resolution:Si(111): 1.3 x 10^-4; Si(311):1.9 x 10^-5 
# Beamline.spot_size:300 µm
# Beamline.detector:Ionization chamber
# Beamline.website:https://www.bnl.gov/nsls2/beamlines/beamline.php?r=6-BM
# Mono.name:Si(111) and Si(311)
# Element.edge:K
# Column.1:Energy
# Column.2:I0
# Column.3:Itrans
# Column.4:Irefer
# Column.5:Mutrans
# Energy   I0           Itrans      Irefer     Mutrans               
6911.999   71.301402    2.797989    0.783005   1                     
6922.006   71.075429    2.833372    0.795784   0.9848467593543243    
6932.022   70.947772    2.869572    0.808504   0.9708947492596194    
6942.018   70.793158    2.908393    0.823574   0.9558584014012027    
6952.018   70.628882    2.951101    0.839907   0.9395885086363058    
6962.017   70.515062    2.995149    0.85541    0.9237733308845436    
6972.015   70.351425    3.033488    0.870522   0.90929246431703      
6982.014   70.238294    3.07433     0.88539    0.8948685575901201    
6992.014   70.090564    3.114052    0.901296   0.8804831506658243    
7002.009   69.947126    3.153598    0.915364   0.8663629103846426    
7012.017   69.79867     3.192235    0.931106   0.8525948919771889    
7022.013   69.692732    3.232538    0.946914   0.839054762947356     
7032.016   69.569459    3.275215    0.96433    0.8247241919485945    
7042.013   69.396201    3.315477    0.977982   0.8105618711077601    
7052.016   69.235735    3.355984    0.994539   0.7966431211840428    
7062.009   68.462086    3.367487    0.999316   0.7825315822055908    
7072.01    68.992118    3.44155     1.024889   0.7690128126873517    
7082.007   68.827119    3.482362    1.037764   0.7553590231126841    
7084       68.856186    3.49318     1.041166   0.7527795850593735    
7086.008   68.86703     3.504275    1.043102   0.749878410522737     
7088.007   68.821171    3.51136     1.046465   0.7472927764860512    
7090.001   68.827527    3.52197     1.048692   0.7444772467358208    
7092.008   68.86548     3.53371     1.051345   0.7418043514484648    
7094.004   68.886416    3.544292    1.052852   0.7392184849844483    
7095.999   68.809649    3.550078    1.052179   0.7365748302791691    
7098.004   68.755784    3.556524    1.052092   0.7340745818227892    
7099.999   68.752726    3.567146    1.051074   0.7311609216399236    
7101.998   68.722019    3.574428    1.048843   0.7287676739556339    
7102.083   68.750129    3.575538    1.048943   0.7288624626874515    
7102.182   68.788528    3.579697    1.050663   0.7282808842635355    
7102.28    68.760571    3.577728    1.04938    0.7284192156193845    
7102.381   68.728155    3.576738    1.048471   0.7282316936960489    
7102.481   68.795611    3.580874    1.048594   0.7280635308131252    
7102.582   68.820362    3.582635    1.049428   0.7279365092882879    
7102.682   68.772799    3.581302    1.048882   0.7276292108204235    
7102.783   68.788618    3.58175     1.048952   0.7277301999915772    
7102.883   68.757018    3.581072    1.047697   0.7274701129996822    
7102.984   68.777474    3.581552    1.046902   0.7276274496850925    
7103.084   68.798249    3.58348     1.048065   0.7274001119254839    
7103.187   68.81032     3.584864    1.048216   0.7271972752768513    
7103.285   68.813613    3.585685    1.048154   0.7270229002533141    
7103.384   68.786934    3.584307    1.04699    0.7270196321541383    
7103.489   68.74637     3.583894    1.046875   0.7265627037454798    
7103.589   68.75907     3.583572    1.045671   0.7268270239754389    
7103.687   68.7526      3.584148    1.044596   0.7265817152317378    
7103.788   68.768946    3.58543     1.045084   0.7264662918627414    
7103.893   68.750678    3.585245    1.044705   0.726260204409607     
7103.991   68.73936     3.584989    1.04432    0.7261704538170697    
7104.09    68.755326    3.586233    1.043794   0.7260600352194061    
7104.19    68.751992    3.586663    1.043662   0.7258979336693323    
7104.297   68.745786    3.58628     1.042912   0.7259138366107822    
7104.393   68.746135    3.58796     1.042499   0.7254678654644384    
7104.492   68.73996     3.587267    1.042325   0.725567345060962     
7104.595   68.719274    3.586851    1.0411     0.7253892475121926    
7104.697   68.730851    3.58746     1.041646   0.725387978166278     
7104.798   68.74895     3.589477    1.041552   0.7251003508052637    
7104.894   68.772468    3.591478    1.041994   0.7248931068249014    
7104.997   68.745103    3.590288    1.040507   0.7248290020736905    
7105.1     68.699782    3.587491    1.038894   0.7249443979315114    
7105.198   68.713128    3.588892    1.038679   0.7247555217131361    
7105.294   68.731829    3.590951    1.038131   0.7244653478021145    
7105.397   68.72175     3.590793    1.037523   0.7243665273078718    
7105.5     68.714264    3.590587    1.036639   0.724316885027068     
7105.594   68.701173    3.590277    1.037007   0.7242165835204147    
7105.695   68.6812      3.589827    1.035844   0.7240573401498448    
7105.797   68.675926    3.589787    1.035133   0.7239941411095947    
7105.9     68.685007    3.59076     1.033737   0.7238605333430708    
7105.992   68.706319    3.592222    1.032853   0.7237673130195285    
7106.095   68.68009     3.590873    1.032487   0.7237613213213465    
7106.196   68.659315    3.590212    1.031345   0.7236473024765564    
7106.296   68.662103    3.591093    1.03035    0.7234501924436094    
7106.39    68.710938    3.59501     1.030395   0.7230851716859853    
7106.493   68.707777    3.594229    1.029279   0.7232500419118861    
7106.594   68.639948    3.591618    1.026674   0.7229987939033647    
7106.692   68.642091    3.591489    1.025826   0.7230634255316489    
7106.791   68.639251    3.592103    1.02539    0.7228590317896484    
7106.896   68.64981     3.593346    1.024368   0.7226740497238714    
7106.996   68.624335    3.592491    1.0231     0.7225458348134085    
7107.095   68.67264     3.595114    1.022734   0.7225206028552817    
7107.195   68.672772    3.596471    1.021322   0.7221591561816979    
7107.3     68.6442      3.594223    1.018905   0.722360455835138     
7107.395   68.606063    3.592681    1.017039   0.7222385670890374    
7107.493   68.616139    3.594112    1.016351   0.7219965775187931    
7107.598   68.650943    3.596332    1.014405   0.721890311243785     
7107.699   68.614933    3.59499     1.012936   0.721744517458592     
7107.797   68.596789    3.594743    1.011142   0.7215560673271284    
7107.9     68.603786    3.595073    1.008943   0.7215658866876417    
7108.003   68.604532    3.595767    1.008312   0.7213905372617783    
7108.103   68.729716    3.603125    1.006221   0.7211776452293971    
7108.2     68.756034    3.605472    1.00616    0.7209193420681477    
7108.301   68.744768    3.603535    1.003338   0.7212789132946574    
7108.401   68.774082    3.605691    1.000686   0.7211135312467544    
7108.498   68.781798    3.60685     0.998558   0.7209121434218333    
7108.598   68.7529      3.605829    0.995066   0.7207801462448972    
7108.705   68.889082    3.612536    0.993647   0.7208961192367414    
7108.802   68.88102     3.612993    0.991027   0.7206616791984831    
7108.9     68.887831    3.613487    0.987662   0.7206252483279537    
7109.005   68.918353    3.615597    0.983523   0.7204897208795297    
7109.104   68.931952    3.615858    0.979995   0.7206101664099445    
7109.2     68.904028    3.616291    0.975322   0.720104842236369     
7109.303   68.862068    3.614675    0.970136   0.7199487148873274    
7109.402   68.862407    3.614918    0.963735   0.7198887398538893    
7109.498   68.874625    3.615322    0.958874   0.7199519464129621    
7109.597   68.859189    3.614746    0.953358   0.7198895579119357    
7109.7     68.888768    3.61624     0.944991   0.7199051953810092    
7109.8     68.882899    3.616125    0.937826   0.7198537913504571    
7109.899   68.853498    3.616125    0.928546   0.71944281194523      
7110       68.838353    3.6147      0.918229   0.7196104721156912    
7110.098   68.796161    3.612614    0.907076   0.7195759628939009    
7110.197   68.848664    3.615119    0.894723   0.7196430734756507    
7110.298   68.841968    3.615202    0.878949   0.7195273411176264    
7110.394   68.816663    3.61282     0.862318   0.7198079136075666    
7110.497   68.805926    3.613586    0.844355   0.7194536173051295    
7110.598   68.828805    3.614223    0.821599   0.7196039822841137    
7110.694   68.811704    3.61278     0.801293   0.7197491986509296    
7110.797   68.76966     3.610282    0.775824   0.7198266799731423    
7110.902   68.813991    3.612338    0.750335   0.7198989763771313    
7110.996   68.821229    3.612319    0.725764   0.7200052899344341    
7111.097   68.798598    3.611186    0.69811    0.7199906636962738    
7111.196   68.773513    3.609204    0.671944   0.720168102095458     
7111.299   68.742009    3.606971    0.646268   0.7203228020885332    
7111.402   68.77818     3.609131    0.622916   0.7202528981518316    
7111.498   68.767275    3.608594    0.600672   0.7202434972975053    
7111.603   68.718375    3.605434    0.578117   0.7204020718324967    
7111.704   68.699468    3.60419     0.558705   0.7204693805928123    
7111.798   68.717479    3.60542     0.541217   0.7203932578582162    
7111.903   68.723641    3.60523     0.525141   0.7205303103592154    
7112       68.712187    3.60501     0.511144   0.7204285976112318    
7112.105   68.685789    3.605143    0.496204   0.7200231713468057    
7112.204   68.695536    3.605258    0.484199   0.720129063561803     
7112.302   68.681751    3.605528    0.473408   0.7198637752701337    
7112.401   68.658386    3.605873    0.463724   0.7194441173881928    
7112.499   68.63128     3.604469    0.453164   0.7194388876758485    
7112.605   68.621123    3.604726    0.44468    0.7192277720804915    
7112.697   68.597596    3.604265    0.437184   0.7190207824573235    
7112.798   68.600272    3.605368    0.427891   0.7187637787424623    
7112.898   68.638898    3.607735    0.420484   0.7186738606085901    
7112.995   68.646129    3.608863    0.413756   0.7184743285438634    
7113.096   68.595829    3.607125    0.407176   0.7182324062541533    
7113.197   68.543529    3.604221    0.40121    0.7182734830286492    
7113.297   68.541486    3.60566     0.394713   0.7178605168694248    
7113.398   68.566465    3.607281    0.387607   0.7177785937029444    
7113.499   68.568298    3.607717    0.382506   0.7176879810790122    
7113.6     68.484655    3.603204    0.375076   0.7177179379755689    
7113.699   68.47066     3.603279    0.369761   0.7175011567971246    
7113.797   68.473609    3.603029    0.36464    0.717609411034891     
7113.896   68.527007    3.607583    0.360684   0.7171438559196497    
7114.001   68.517281    3.606934    0.355315   0.7171804137372658    
7114.1     68.497229    3.606536    0.350739   0.7170048713473113    
7114.201   68.468039    3.606714    0.346507   0.7165470329700814    
7114.304   68.465744    3.606491    0.342691   0.7165742872588597    
7114.398   68.46828     3.60773     0.339727   0.7162792790029829    
7114.503   68.461616    3.606751    0.335382   0.7164468450116535    
7114.602   68.459632    3.607577    0.332342   0.7161985065085602    
7114.705   68.450738    3.608067    0.32959    0.7159426866188572    
7114.804   68.432751    3.608042    0.327242   0.7156963604926398    
7114.902   68.431447    3.607747    0.324768   0.715756729186415     
7115.001   68.433353    3.608452    0.323595   0.7155954423703613    
7115.098   68.443951    3.609644    0.321759   0.7154265643642256    
7115.201   68.418493    3.607422    0.319299   0.7156612046947146    
7115.297   68.450858    3.610377    0.318033   0.715328240403514     
7115.403   68.424576    3.60848     0.31677    0.7154644964451825    
7115.495   68.443704    3.609625    0.315541   0.7154281574763619    
7115.6     68.404421    3.60866     0.314231   0.7151328740087404    
7115.694   68.367986    3.60622     0.313511   0.7152711103244318    
7115.798   68.410988    3.608394    0.312725   0.7152962506101869    
7115.896   68.44118     3.610094    0.312081   0.7152675847338003    
7115.997   68.443002    3.610053    0.310542   0.7153041450996207    
7116.1     68.434572    3.60917     0.309642   0.7154210601054849    
7116.197   68.41958     3.608948    0.307983   0.7152693602536665    
7116.304   68.437564    3.609014    0.307279   0.7155047581504395    
7116.399   68.394383    3.606131    0.305814   0.715666485062851     
7116.502   68.382894    3.605743    0.303995   0.7156083443116784    
7116.601   68.40185     3.606856    0.302133   0.7155780576105553    
7116.704   68.392874    3.605233    0.299452   0.715884999120651     
7116.8     68.37176     3.60306     0.297437   0.7161681705544408    
7116.901   68.336325    3.600698    0.293459   0.716300407467328     
7117.004   68.34137     3.59974     0.289854   0.7166276359797119    
7117.103   68.356252    3.600288    0.286232   0.7166907046338351    
7117.204   68.369722    3.598846    0.281995   0.7172660339036897    
7117.301   68.322568    3.594386    0.27724    0.7177956222750399    
7117.402   68.316159    3.591795    0.272456   0.7183995010746916    
7117.498   68.337534    3.591427    0.268088   0.7187992929499455    
7117.601   68.333121    3.589573    0.261979   0.7192342111179908    
7117.698   68.273819    3.584093    0.255975   0.7198691841030566    
7117.799   68.25701     3.580033    0.250443   0.7207232586924198    
7117.896   68.28706     3.579769    0.246349   0.7212179700812972    
7117.997   68.282725    3.576609    0.23961    0.7220070157071987    
7118.098   68.30525     3.574478    0.23503    0.722898270760406     
7118.199   68.261944    3.569388    0.229713   0.7236595401957671    
7118.297   68.269492    3.564649    0.222387   0.7250449437542221    
7118.394   68.272871    3.561096    0.217303   0.7260525907537361    
7118.499   68.269578    3.556203    0.212017   0.7273297877565655    
7118.596   68.264095    3.551224    0.204939   0.7286012344804764    
7118.699   68.204848    3.544083    0.20082    0.7297030997494169    
7118.8     68.265084    3.542476    0.195286   0.7309895210271812    
7118.903   68.234876    3.534271    0.189126   0.7327957321372826    
7118.998   68.182153    3.525546    0.184134   0.7344310828862675    
7119.103   68.149142    3.516916    0.177948   0.7363242398753739    
7119.202   68.15739     3.511013    0.173871   0.738057900304091     
7119.305   68.179682    3.503686    0.168149   0.7403837605315111    
7119.402   68.175897    3.495971    0.163547   0.7424524172811868    
7119.501   68.139352    3.485664    0.158783   0.7447786301979311    
7119.604   68.140359    3.477431    0.154588   0.7470693307744227    
7119.696   68.135341    3.468568    0.149551   0.7494551398269766    
7119.806   68.147459    3.458286    0.144743   0.7524842470278759    
7119.9     68.110785    3.44751     0.140711   0.7549703936509207    
7119.999   68.098773    3.436079    0.135909   0.757997851020073     
7120.098   68.114545    3.426236    0.132111   0.7609824030228844    
7120.199   68.112725    3.415429    0.12779    0.7639979182492801    
7120.296   68.102351    3.403885    0.123806   0.7671105744129717    
7120.397   68.089652    3.391911    0.120701   0.7703234416215313    
7120.498   68.064634    3.37783     0.116262   0.7739743544604715    
7120.597   68.024582    3.364794    0.113041   0.7771301109299266    
7120.698   68.038018    3.353798    0.109336   0.7804713450251287    
7120.795   68.060486    3.343515    0.106571   0.7837453402670311    
7120.9     68.011649    3.328911    0.102985   0.7872683355011907    
7120.999   67.982686    3.317063    0.100296   0.7902906580683668    
7121.102   67.987219    3.305956    0.096782   0.7935836952698928    
7121.201   68.138127    3.303007    0.095254   0.7965772251738522    
7121.302   68.162337    3.294654    0.091986   0.7993567907156587    
7121.401   68.159622    3.285025    0.089939   0.8021360722776736    
7121.5     68.141259    3.273827    0.087707   0.8051638347422906    
7121.603   68.123304    3.264767    0.086042   0.8075779260230134    
7121.7     68.186396    3.260602    0.083797   0.8096979833653641    
7121.803   68.220096    3.253473    0.081872   0.8122807368786169    
7121.9     68.227135    3.247528    0.080432   0.8141407324138572    
7122.005   68.195347    3.238937    0.078731   0.8162421209237101    
7122.098   68.226406    3.234159    0.077391   0.818101613363788     
7122.199   68.184643    3.225186    0.075731   0.8201867441907933    
7122.302   68.158975    3.21759     0.07426    0.8220942440972644    
7122.399   68.178474    3.212784    0.073244   0.8238085844236154    
7122.502   68.130365    3.203444    0.071374   0.8259317374003399    
7122.595   68.097786    3.197335    0.0712     0.8273088634605128    
7122.698   68.081146    3.190668    0.069558   0.8290830290974802    
7122.799   68.069458    3.184437    0.068096   0.8307995626926712    
7122.896   68.020648    3.176223    0.06654    0.8325953562912304    
7122.997   67.989891    3.168449    0.065616   0.834519044365006     
7123.096   67.985408    3.16305     0.06472    0.8360973422128228    
7123.197   67.952881    3.154985    0.063262   0.8380943542523409    
7123.294   67.939437    3.148674    0.063025   0.8398314576770349    
7123.399   67.868553    3.139519    0.061508   0.8416296476574504    
7123.498   67.841196    3.13209     0.060933   0.843522177352028     
7123.597   67.841758    3.126097    0.059941   0.8453739042780307    
7123.698   67.811974    3.118248    0.059113   0.8473712849713853    
7123.799   67.782184    3.110186    0.058012   0.8494404198632759    
7123.903   67.739768    3.10134     0.057133   0.851579748287124     
7124.002   67.688751    3.094077    0.057077   0.853111566791881     
7124.101   67.639777    3.084284    0.055629   0.8554665611678134    
7124.204   67.662171    3.077651    0.054946   0.8578577508459733    
7124.301   67.648237    3.07054     0.054237   0.8598863294960395    
7124.406   67.615866    3.061329    0.053647   0.8623177143358999    
7124.503   67.566397    3.052778    0.052824   0.8643058685812293    
7124.602   67.53941     3.043707    0.052125   0.8667860111519765    
7124.703   67.50725     3.035291    0.051445   0.868993023836424     
7124.8     67.449895    3.025592    0.051181   0.8712558266214184    
7124.906   67.469547    3.019528    0.050589   0.87346761636298      
7125       67.422826    3.011145    0.049631   0.8754770973385918    
7125.102   67.381359    3.0023      0.049163   0.877716769403672     
7125.203   67.307943    2.992512    0.047923   0.8798108999126738    
7125.297   67.268003    2.984635    0.047441   0.8817768023572851    
7125.399   67.261958    2.978045    0.047354   0.8838181866034278    
7125.498   67.240182    2.971553    0.046288   0.8856073361092862    
7125.597   67.189449    2.96547     0.046367   0.8868534013347419    
7125.696   67.128492    2.957202    0.045409   0.8886673884508901    
7125.797   67.094129    2.951671    0.045168   0.8899766851233936    
7125.898   67.085852    2.94708     0.044535   0.8913564096567804    
7125.999   67.054528    2.942343    0.043509   0.8924554050508454    
7126.094   66.971592    2.935554    0.043596   0.8934877717153785    
7126.202   66.915866    2.929912    0.043022   0.8945384018022413    
7126.299   66.859823    2.925294    0.042184   0.8952503284223126    
7126.396   66.843677    2.92191     0.041785   0.8961320911348218    
7126.501   66.821179    2.919863    0.040956   0.8964826772850555    
7126.6     66.75934     2.915944    0.040615   0.8968843209787503    
7126.699   66.687875    2.911229    0.040162   0.8974111127923521    
7126.803   66.631017    2.907       0.039328   0.897989430752551     
7126.9     66.610346    2.905307    0.03945    0.8982515441227257    
7127.001   66.542015    2.903056    0.038345   0.8980096555923495    
7127.106   66.471931    2.899743    0.038507   0.898094446003829     
7127.199   66.400209    2.896265    0.038037   0.8982105170877986    
7127.3     66.338348    2.894729    0.037717   0.8978239152838323    
7127.404   66.293745    2.892443    0.037032   0.8979369718940813    
7127.5     66.301905    2.89473     0.036778   0.8972945951645812    
7127.604   66.253586    2.894575    0.036483   0.8966443212995308    
7127.703   66.202652    2.893789    0.03538    0.8961654036264718    
7127.798   66.086139    2.891104    0.034436   0.8953632938212023    
7127.899   66.085153    2.894134    0.034228   0.8943405417615297    
7128.002   66.031347    2.894467    0.033713   0.8934456671607897    
7128.099   66.030222    2.897621    0.033133   0.8923808506358036    
7128.203   66.02353     2.90047     0.033015   0.8913372315573733    
7128.298   65.979269    2.901958    0.03163    0.8901979176897784    
7128.395   65.895084    2.901343    0.03262    0.8891728709477366    
7128.5     65.839631    2.902991    0.03175    0.8878157584040925    
7128.597   65.816888    2.905866    0.031054   0.886530251854692     
7128.694   65.81146     2.909439    0.030719   0.8852679038120552    
7128.8     65.723719    2.90944     0.029942   0.8839832702422286    
7128.899   65.763082    2.915808    0.028773   0.8824549297293761    
7128.994   65.720471    2.916884    0.029379   0.881475788255511     
7129.097   65.694139    2.920841    0.029476   0.8797849458777304    
7129.198   65.634226    2.9218      0.027439   0.8785905714985057    
7129.293   65.624976    2.925001    0.027942   0.877400809406137     
7129.401   65.586509    2.927987    0.027782   0.875854119583385     
7129.498   65.569144    2.931412    0.027166   0.8744737861943084    
7129.597   65.511964    2.932419    0.027802   0.8733032792846757    
7129.698   65.451453    2.933323    0.026488   0.8721169633115997    
7129.802   65.396499    2.934792    0.026286   0.8708263724420073    
7129.901   65.448288    2.941732    0.026      0.8693146637222559    
7130.002   65.382919    2.942136    0.025097   0.8682204830936678    
7130.102   65.329546    2.943489    0.025656   0.866991721957865     
7130.199   65.335404    2.947531    0.025503   0.8657570094750666    
7130.302   65.241493    2.946636    0.024365   0.8646646585449154    
7130.406   65.204175    2.94923     0.023892   0.863266767665001     
7130.5     65.191804    2.952084    0.024253   0.8621529725645081    
7130.602   65.146414    2.954188    0.025158   0.8607966127307459    
7130.703   65.070304    2.954257    0.024757   0.8596487936058153    
7130.802   65.00413     2.955979    0.025126   0.85810833475621      
7130.904   64.976526    2.958928    0.024816   0.8567395341736028    
7131.005   64.992838    2.964086    0.024739   0.8553045150685814    
7131.104   64.954083    2.966254    0.024482   0.8540264479968417    
7131.203   64.932714    2.970141    0.024744   0.8524490297829057    
7131.303   64.876895    2.971473    0.024903   0.851189497237511     
7131.404   64.818942    2.973165    0.024917   0.8497811826951263    
7131.501   64.830434    2.979199    0.02551    0.8480000996881222    
7131.6     64.83858     2.984446    0.025887   0.8464270808386786    
7131.702   64.81573     2.98749     0.025642   0.8451063858482162    
7131.801   64.750379    2.988999    0.026739   0.8436491508036228    
7131.9     64.734309    2.992116    0.02682    0.8424068318320553    
7132.006   64.737959    2.996675    0.02783    0.8409954363612085    
7132.096   64.751787    3.00039     0.027269   0.840008352110112     
7132.204   64.733253    3.003544    0.02677    0.8387213444763791    
7132.29    64.721268    3.005615    0.027951   0.8378795461803752    
7132.407   64.676809    3.008173    0.028407   0.8363990796514206    
7132.491   64.743267    3.01399     0.029078   0.8355280070183386    
7132.605   64.721523    3.016463    0.028637   0.8344150887092153    
7132.715   64.734669    3.02052     0.029853   0.8333167291199555    
7132.812   64.722875    3.023118    0.030352   0.8323136734461278    
7132.914   64.742534    3.027625    0.031429   0.8311719106628159    
7133.011   64.753146    3.030513    0.030647   0.8304118542155281    
7133.11    64.758511    3.034427    0.032056   0.8292490976943068    
7133.207   64.738563    3.036296    0.031868   0.8283597593502371    
7133.311   64.74615     3.03922     0.032186   0.827545953756662     
7133.408   64.743063    3.041641    0.032745   0.8267335112779206    
7133.505   64.776159    3.046518    0.033586   0.8256831752626964    
7133.604   64.780066    3.04956     0.032715   0.8247804761614782    
7133.706   64.803658    3.053606    0.033807   0.8238546302882378    
7133.801   64.803399    3.056713    0.035245   0.8228717796763351    
7133.902   64.825094    3.059783    0.035989   0.8222276419366176    
7134.004   64.850663    3.064069    0.035451   0.8212597560000161    
7134.103   64.865562    3.066806    0.0369     0.8206213710820507    
7134.202   64.942842    3.073227    0.036973   0.8197541586473341    
7134.299   64.995207    3.078468    0.0373     0.8188897580648506    
7134.405   65.008333    3.08073     0.035904   0.8183770618314663    
7134.502   65.133579    3.089463    0.037873   0.817504935845349     
7134.599   65.154085    3.092922    0.038414   0.8167307528238801    
7134.703   65.108593    3.092788    0.03771    0.8161000703427014    
7134.807   65.199386    3.099435    0.038889   0.8153748219842362    
7134.902   65.215353    3.102333    0.038882   0.8147108626158819    
7135.003   65.246652    3.104913    0.039313   0.8143725148277268    
7135.102   65.257799    3.106867    0.038859   0.813931326026177     
7135.206   65.250112    3.108232    0.039384   0.8133950676486899    
7135.301   65.277275    3.111903    0.040417   0.8126594383850378    
7135.4     65.292889    3.113679    0.040177   0.8123404268101801    
7135.504   65.333891    3.117359    0.039597   0.8118076760914991    
7135.605   65.350159    3.119562    0.039963   0.8113672828063472    
7135.7     65.319389    3.118834    0.040638   0.8111385858531296    
7135.802   65.316567    3.120458    0.041028   0.8105958566353012    
7135.906   65.374906    3.126017    0.041641   0.8097418640750721    
7136.007   65.427893    3.129686    0.040272   0.80939258076797      
7136.104   65.448083    3.131899    0.041581   0.8090091370543259    
7136.204   65.432332    3.133265    0.041466   0.8083576464473738    
7136.307   65.425541    3.13472     0.04146    0.8078107969027717    
7136.407   65.402895    3.136299    0.042447   0.8069927403580864    
7136.502   65.463442    3.139728    0.041739   0.8068315860720896    
7136.601   65.503756    3.143442    0.041988   0.8062861662757874    
7136.703   65.513227    3.145971    0.042363   0.8056511594925778    
7136.802   65.511574    3.14866     0.041061   0.8048043860253912    
7136.899   65.496142    3.149445    0.040833   0.8043376165526448    
7136.998   65.534269    3.153266    0.042091   0.8037306178524842    
7137.106   65.554737    3.155811    0.041631   0.8032545805166911    
7137.199   65.561756    3.157591    0.041024   0.8028148194445762    
7137.299   65.533678    3.157504    0.041334   0.8024289755661421    
7137.398   65.52368     3.158976    0.041911   0.8018334142724771    
7137.5     65.566285    3.161984    0.041055   0.8015429362383235    
7137.599   65.61471     3.166209    0.041031   0.8009682217807179    
7137.694   65.616162    3.16754     0.041494   0.8005849264691307    
7137.8     65.604575    3.168189    0.04108    0.8002176944459428    
7137.899   65.628098    3.169938    0.040324   0.8000315095535047    
7137.997   65.638065    3.171876    0.041805   0.7995893346104871    
7138.096   65.643136    3.173032    0.041336   0.7993129210858119    
7138.198   65.661457    3.1745      0.040437   0.7991362898243671    
7138.297   65.644998    3.175567    0.040195   0.7985714389715559    
7138.396   65.665653    3.177081    0.039799   0.7984154345758632    
7138.498   65.649836    3.177084    0.040014   0.798182618044935     
7138.604   65.646878    3.177581    0.039813   0.79798866082042      
7138.699   65.627782    3.17707     0.038757   0.7978634129368152    
7138.794   65.618745    3.176961    0.039398   0.7977638717040966    
7138.896   65.71661     3.182467    0.039371   0.797531584246671     
7138.999   65.716564    3.184338    0.038959   0.7969651156435189    
7139.101   65.706355    3.183513    0.038611   0.7970649954399789    
7139.2     65.67781     3.18283     0.038617   0.7968532455961507    
7139.3     65.675924    3.182914    0.038314   0.7968001952459337    
7139.404   65.652181    3.182841    0.038911   0.7964741898338517    
7139.501   65.661504    3.184002    0.037667   0.7962597977474546    
7139.598   65.708957    3.185926    0.038716   0.7963737216865153    
7139.704   65.716977    3.187702    0.039092   0.7959547198290068    
7139.803   65.712921    3.187046    0.037421   0.7960934316116399    
7139.903   65.685777    3.186021    0.038055   0.7960053584167502    
7140       65.700581    3.188051    0.037551   0.7956091194780235    
7140.106   65.698966    3.18788     0.038083   0.7956370924143673    
7140.203   65.682097    3.187404    0.038088   0.79553363606932      
7140.301   65.68027     3.187731    0.037237   0.7954081019576081    
7140.4     65.703358    3.189362    0.037613   0.795254018204664     
7140.506   65.716816    3.190731    0.036875   0.795038054528374     
7140.603   65.7126      3.190438    0.037083   0.7950646979081606    
7140.701   65.679085    3.189139    0.036622   0.7949656229529914    
7140.802   65.659203    3.188545    0.036847   0.7948534859217801    
7140.906   65.667405    3.189345    0.036467   0.7947322313821797    
7140.999   65.675797    3.190757    0.036168   0.7944291460412553    
7141.099   65.71872     3.192355    0.035709   0.7945760965645342    
7141.2     65.700115    3.19235     0.03698    0.7943050339109516    
7141.3     65.676184    3.190672    0.037022   0.7944604639184577    
7141.397   65.681209    3.192423    0.037584   0.7940059613923268    
7141.499   65.678928    3.193306    0.036711   0.7937062989919814    
7141.598   65.693771    3.194267    0.036453   0.7936341672604914    
7141.702   65.707668    3.195578    0.036832   0.7934427706616477    
7141.795   65.681048    3.194689    0.036801   0.7933205366201879    
7141.897   65.686554    3.194989    0.036476   0.7933108371572051    
7141.999   91.934797    4.473059    0.05111    0.7930186488802359    
7143.095   93.255581    4.546254    0.052758   0.791125298397048     
7144.208   95.896625    4.684863    0.055933   0.7890977321185898    
7145.282   97.121882    4.756774    0.056369   0.7866553294816665    
7146.427   98.463987    4.838429    0.054408   0.7834821706871633    
7147.587   99.816475    4.921647    0.051665   0.780198733805961     
7148.774   102.465731   5.070501    0.050305   0.7767319365207567    
7149.96    103.824387   5.151903    0.049067   0.7740806928176338    
7151.164   105.16171    5.229106    0.048769   0.772082395340017     
7152.396   106.518676   5.304617    0.049323   0.7706228205267706    
7153.646   109.208243   5.43989     0.048482   0.7703869166131663    
7154.918   110.552857   5.504486    0.05115    0.7708034137007743    
7156.211   111.867781   5.567388    0.053166   0.7712474825904619    
7157.518   113.129546   5.631486    0.052172   0.7710247138486519    
7158.838   115.665985   5.764116    0.055023   0.7699605405270353    
7160.188   117.010042   5.835235    0.054834   0.769277456125396     
7161.554   118.267104   5.900889    0.05678    0.7687936393013709    
7162.936   119.449475   5.962881    0.058098   0.7683094970284619    
7164.336   121.941961   6.093312    0.059534   0.7673600179518894    
7165.762   123.102266   6.161116    0.060845   0.7658236812411073    
7167.2     124.293681   6.230841    0.063266   0.7642625548049791    
7168.661   125.503355   6.298099    0.064424   0.7632506022872846    
7170.141   127.981498   6.428102    0.06724    0.7624051304918645    
7171.636   129.095607   6.48464     0.069853   0.7623190439867622    
7173.146   130.300099   6.547362    0.072596   0.7619927548834847    
7174.685   131.572927   6.618224    0.077774   0.760987918191176     
7176.247   133.955416   6.745415    0.083519   0.7599384109612387    
7177.821   135.132863   6.814231    0.088943   0.7585918613683672    
7179.404   136.436683   6.892496    0.091709   0.7568418432667382    
7181.014   137.628659   6.960533    0.092379   0.755759579720211     
7182.666   140.203341   7.099066    0.093584   0.7546308019464311    
7184.306   141.493447   7.174985    0.094066   0.7532081279299635    
7185.98    142.973465   7.270439    0.091691   0.7505026879850616    
7187.661   144.171291   7.359895    0.089279   0.7467618248194072    
7189.373   146.698888   7.517356    0.08572    0.743114445463788     
7191.1     147.779594   7.603741    0.080049   0.7391809311445521    
7192.845   149.528361   7.72409     0.076969   0.7353884926464492    
7194.619   150.872664   7.823177    0.077395   0.7317336205881806    
7196.403   153.532129   7.991815    0.082155   0.7280239815461593    
7198.195   154.607943   8.078173    0.085493   0.7243993600164919    
7200.018   156.017902   8.183827    0.091803   0.7206296356293651    
7201.854   157.341807   8.285698    0.100684   0.7168548111314335    
7203.716   159.869172   8.450883    0.109929   0.7131920654539537    
7205.596   161.098583   8.544844    0.120044   0.709922421713068     
7207.498   162.478742   8.642063    0.124209   0.7072437134355017    
7209.417   163.717547   8.724761    0.121561   0.7053874445827988    
7211.345   166.182528   8.871054    0.111076   0.703765868637917     
7213.308   167.379891   8.952521    0.096116   0.7018768467837302    
7215.276   168.699887   9.038913    0.082644   0.7001936589139918    
7217.272   169.785694   9.114331    0.072818   0.6983709547014029    
7219.276   172.347013   9.272109    0.067271   0.6962627993679146    
7221.303   173.435216   9.347712    0.066751   0.6945044157851356    
7223.354   174.488989   9.426196    0.071984   0.6922868998702796    
7225.425   175.52905    9.506027    0.080314   0.6898893939457389    
7227.527   176.721529   9.597225    0.092925   0.6872157552568018    
7229.623   179.498803   9.767927    0.107781   0.6852548567098289    
7231.747   180.791118   9.860468    0.125681   0.683083474278153     
7233.89    182.04269    9.952709    0.140763   0.6807612833750611    
7236.062   184.414799   10.111793   0.153898   0.6779587169334836    
7238.232   185.488755   10.206906   0.160446   0.6745359631909119    
7240.444   186.745544   10.313325   0.160925   0.6710515893432386    
7242.666   187.805325   10.403042   0.155618   0.6681611230173403    
7244.901   190.329831   10.579517   0.151354   0.6648217122747345    
7247.157   188.242876   10.494237   0.144535   0.6619991945790027    
7249.437   192.240017   10.756646   0.144923   0.6584509055126624    
7251.747   193.629439   10.8696     0.14716    0.6553274690421098    
7254.044   195.957903   11.033852   0.153745   0.6523966557809402    
7256.393   197.041525   11.126806   0.158218   0.6496294537013959    
7258.742   198.292517   11.225527   0.158397   0.647218524467072     
7261.119   198.787458   11.282213   0.154043   0.6447693722808637    
7263.509   188.425284   10.706796   0.142728   0.6436277323770588    
7265.914   203.308306   11.603445   0.152167   0.6393907037633872    
7268.367   205.001646   11.736951   0.149545   0.6363625335732437    
7270.8     206.150709   11.841526   0.143319   0.633204070856408     
7273.264   207.474916   11.964847   0.136955   0.629394329841003     
7275.759   209.767698   12.143825   0.135623   0.6256807373650747    
7278.265   211.111718   12.269843   0.13422    0.6218907999101636    
7280.782   211.441819   12.330358   0.132142   0.6186586624454722    
7283.338   213.888062   12.51627    0.127475   0.6153257930080842    
7285.899   215.330478   12.642328   0.124679   0.6121489881283517    
7288.491   216.529264   12.757324   0.125366   0.6087765327653041    
7291.089   217.65527    12.863186   0.12982    0.6058142858848355    
7293.712   220.183008   13.055852   0.141837   0.6026177890076779    
7296.344   221.147749   13.156858   0.157752   0.5994075687437113    
7299.012   222.235253   13.267082   0.173724   0.5960985959711854    
7301.683   219.927967   13.175474   0.185719   0.5927219499429353    
7304.387   226.15865    13.599864   0.200041   0.5890964953317711    
7307.115   227.367724   13.72499    0.209525   0.5854127739013791    
7309.836   228.305644   13.828992   0.21381    0.5821085493059       
7312.594   229.417347   13.946665   0.21559    0.5786279182331614    
7315.369   231.896052   14.147331   0.217715   0.5752208674928766    
7318.169   233.04296    14.267659   0.220746   0.5718170760003125    
7320.981   234.448805   14.403554   0.222706   0.5684812571631718    
7323.804   235.721157   14.534732   0.226846   0.5649638654238496    
7326.657   238.090431   14.735343   0.228881   0.5613954437843796    
7329.537   239.036693   14.848159   0.232572   0.5578716089541278    
7332.422   240.333137   14.981692   0.239838   0.5544598417639016    
7335.319   241.809886   15.127252   0.245678   0.55104894199053      
7338.258   244.033098   15.317816   0.251909   0.5478079566953646    
7341.199   244.928372   15.429306   0.254402   0.5443518353311947    
7344.164   246.250097   15.563513   0.243095   0.5411955240897522    
7347.141   247.40867    15.695839   0.233512   0.5375638087580726    
7350.148   249.850127   15.908962   0.224812   0.5340335013783982    
7353.172   250.585344   16.018371   0.216327   0.5302643259019965    
7356.214   251.688912   16.151231   0.209702   0.5265429130611783    
7359.268   252.912794   16.294173   0.2038     0.5227303646560779    
7362.346   255.095828   16.499011   0.199725   0.5189775453246254    
7365.451   256.188006   16.636308   0.199612   0.5151126310416564    
7368.562   257.333299   16.779216   0.204018   0.5111725381384158    
7371.703   258.178797   16.904569   0.213566   0.5071652058924258    
7374.851   260.556729   17.129238   0.230573   0.5032811887948654    
7378.025   261.600572   17.26637    0.255521   0.4994539545926379    
7381.216   262.528336   17.391716   0.284422   0.49589871930058876   
7384.438   263.662602   17.535975   0.307478   0.492096907227549     
7387.66    265.773289   17.746864   0.318462   0.4882645691776447    
7390.914   267.022153   17.901141   0.319666   0.4844450354309248    
7394.181   267.900359   18.033285   0.316559   0.4805257513776049    
7397.468   268.939328   18.173282   0.315074   0.47680736278681507   
7400.779   271.283299   18.405759   0.318224   0.47292467087974915   
7404.108   272.260214   18.546737   0.323997   0.46903968204517454   
7407.446   273.229674   18.685563   0.324656   0.465282519643241     
7410.815   274.226652   18.829882   0.324874   0.46138211583054034   
7414.195   276.547606   19.069718   0.327877   0.4573114366944462    
7417.603   277.578207   19.222727   0.332701   0.4531990098363522    
7421.034   278.496549   19.367177   0.338744   0.4491716854155778    
7424.47    279.505071   19.519367   0.347323   0.445116292517909     
7427.928   281.687948   19.755585   0.358221   0.44102530968110554   
7431.399   282.56684    19.897427   0.359037   0.43713713359911754   
7434.907   283.598233   20.057103   0.360615   0.43295001858460064   
7438.424   284.519211   20.208406   0.358605   0.4288364518506099    
7441.969   286.576651   20.440029   0.352201   0.4248016574374196    
7445.51    280.099041   20.058579   0.336439   0.42092735739040354   
7449.093   288.955749   20.781451   0.340225   0.4168133297044502    
7452.677   289.727175   20.927004   0.340485   0.412660930400689     
7456.295   291.965064   21.179925   0.344663   0.40850319513455846   
7459.928   293.143245   21.355672   0.350358   0.4044250013370426    
7463.573   293.878025   21.498919   0.356903   0.40039925437614254   
7467.242   289.521161   21.264644   0.361048   0.396568273877228     
7470.932   297.617599   21.965029   0.384823   0.3919236284549334    
7474.64    298.394684   22.115839   0.399101   0.3878468866198787    
7478.359   299.191125   22.274168   0.412028   0.38354564357908844   
7482.119   300.810901   22.497242   0.424259   0.3791502403291388    
7485.875   302.863759   22.749769   0.438621   0.3749520102561274    
7489.665   303.559029   22.901613   0.454913   0.37075541992702266   
7493.464   304.707118   23.086825   0.465137   0.3666353890764287    
7497.283   306.20538    23.3024     0.472321   0.3624100028247997    
7501.119   308.321197   23.569326   0.477969   0.3580744070070841    
7504.985   308.950102   23.718609   0.477001   0.35395792722719205   
7508.865   309.962143   23.900542   0.48085    0.3497502796763305    
7512.766   310.529403   24.055482   0.487607   0.3452898966500101    
7516.68    312.475629   24.317466   0.493753   0.3408769685046634    
7520.614   313.672664   24.519138   0.500703   0.336606951196093     
7524.573   314.01417    24.656332   0.5031     0.33228298515103766   
7528.542   314.985119   24.842272   0.507784   0.3280225133433008    
7532.543   316.948583   25.112295   0.512092   0.3235974322756621    
7536.552   317.620232   25.283683   0.515805   0.31908751226433935   
7540.589   318.245191   25.448628   0.521311   0.31471999349171587   
7544.636   319.039076   25.627822   0.529887   0.3103636669159262    
7548.711   321.254013   25.92993    0.539593   0.30574208471405895   
7552.794   321.674423   26.081066   0.541001   0.30140631031388604   
7556.9     322.640766   26.279848   0.540399   0.2969845823666527    
7561.024   323.225094   26.442613   0.539674   0.2927825480519772    
7565.171   325.169207   26.721988   0.543984   0.2884378414920938    
7569.335   325.723053   26.893334   0.550439   0.28392302702816086   
7573.526   326.771591   27.105933   0.564551   0.27943675602730833   
7577.732   327.171505   27.265357   0.580476   0.2749688169805279    
7581.945   329.01971    27.550433   0.599343   0.27037863535647916   
7586.19    329.604081   27.725889   0.612049   0.26597556049531734   
7590.445   330.062231   27.893514   0.623087   0.2615101704233364    
7594.722   330.660046   28.073501   0.629989   0.25706039305253564   
7599.026   332.264586   28.343027   0.63823    0.2525222484078847    
7603.342   332.340679   28.484426   0.645505   0.24795202298913518   
7607.676   332.018841   28.58858    0.6511     0.24350572507080462   
7612.032   332.120818   28.734829   0.663586   0.23888924095882477   
7616.411   334.98848    29.118559   0.67743    0.23439505730094165   
7620.81    336.001134   29.346261   0.684555   0.2298021517674644    
7625.219   336.955759   29.56973    0.689407   0.22523048766991932   
7629.645   337.540691   29.759431   0.695833   0.22074400953779522   
7634.095   339.193649   30.047164   0.708095   0.21618377370351827   
7638.57    339.692526   30.235934   0.720305   0.21156959744228643   
7643.057   340.355874   30.438836   0.734136   0.20700912653551085   
7647.57    340.443583   30.593106   0.745939   0.20239050235515876   
7652.086   343.076017   30.976689   0.759936   0.1978104720950472    
7656.635   343.271005   31.145144   0.767504   0.19313652721928318   
7661.193   343.837129   31.346868   0.774369   0.18850785460041655   
7665.786   344.225799   31.534243   0.780414   0.1838582383750481    
7670.382   345.842534   31.837335   0.785833   0.17916052290811862   
7675.006   346.808709   32.075042   0.790148   0.17468529688940354   
7679.639   347.113219   32.258274   0.794194   0.1700464877802363    
7684.302   346.975465   32.404859   0.799995   0.16529981384079712   
7688.985   349.66725    32.817606   0.816927   0.16055497348568623   
7693.685   349.422336   32.951294   0.829017   0.15596684077906336   
7698.4     349.517693   33.122072   0.838919   0.1512531408222448    
7703.13    349.867156   33.323797   0.850981   0.14636997269806187   
7707.894   348.93088    33.412191   0.862773   0.14124015961501135   
7712.67    351.260532   33.788291   0.879036   0.13687047779719982   
7717.464   351.596988   33.984646   0.892954   0.13221393823833522   
7722.275   351.695627   34.159789   0.906216   0.1275355133167039    
7727.104   353.082595   34.458152   0.921181   0.12295272511687703   
7731.953   353.289691   34.653599   0.930393   0.11807236245147579   
7736.823   353.092736   34.80641    0.938203   0.11329981702018364   
7741.715   354.502677   35.117627   0.952771   0.10856689088769686   
7746.623   355.054082   35.348497   0.965514   0.1037550400539928    
7751.543   355.176084   35.538656   0.97465    0.09892092850653529   
7756.496   354.910077   35.690945   0.98366    0.0940832947248923    
7761.455   354.938031   35.866984   0.995345   0.0894226026129772    
7766.443   355.840237   36.143748   1.013326   0.08446665428609171   
7771.444   355.808698   36.323369   1.026503   0.07960907136431078   
7776.463   355.564596   36.481251   1.038997   0.07477317162229614   
7781.506   355.398047   36.643674   1.048496   0.07004563540741558   
7786.562   356.168148   36.913983   1.063766   0.06505411365010821   
7791.644   355.944051   37.080078   1.074721   0.060126398760772304  
7796.745   355.812874   37.259804   1.084385   0.05511680658454235   
7801.864   355.432841   37.417768   1.094223   0.05001542736117182   
7806.99    355.955952   37.662096   1.105904   0.04516566803683684   
7812.154   355.581286   37.820208   1.113637   0.04011887699069176   
7817.325   355.228321   37.975539   1.12414    0.03521714884425643   
7822.524   354.715405   38.12348    1.134564   0.030083169529724015  
7827.736   355.500061   38.407397   1.148355   0.02506759349473572   
7832.967   355.524006   38.607257   1.160056   0.020135998592241793  
7838.214   355.622495   38.816351   1.172632   0.015202973453887875  
7843.484   354.728353   38.926024   1.181449   0.010063368076361838  
7848.772   355.214557   39.183749   1.196766   0.005029218305936522  
7854.083   353.170093   39.162284   1.202581   0                     