# XDI/1.0 
# Spectrum.license:CC BY 4.0
# Publication.authors: Bruce Ravel
# Publication.affiliation: Brookhaven National Laboratory, NSLS-II
# Facility.name:NSLS-II
# Sample.temperature:rt
# Sample.prep:PEG pellet
# Sample.smiles:[Ca+2].[Fe+2].[Fe+3].[Si+4].[O-2].[OH-]
# Publication.DOI: https://doi.org/10.18434/mds2-4032
# Sample.name:Ilvaite
# Scan.number:scan1
# Sample.id:68fh1u
# Scan.start_time:2023-05-05
# Element.symbol:Fe
# Facility.energy:3.0 GeV
# Beamline.flux:Si(111): 2x10^12 at 10 keV; 6x10^10 at 20 keV; Si(311): 4x10^11 at 10 keV; 1x10^10 at 20 keV
# Beamline.name:Beamline for Materials Measurement (BMM)
# Beamline.energy_range:4.0 - 23
# Beamline.scan_mode:Transmission
# Beamline.energy_resolution:Si(111): 1.3 x 10^-4; Si(311):1.9 x 10^-5 
# Beamline.spot_size:300 µm
# Beamline.detector:Ionization chamber
# Beamline.website:https://www.bnl.gov/nsls2/beamlines/beamline.php?r=6-BM
# Mono.name:Si(111) and Si(311)
# Element.edge:K
# Column.1:Energy
# Column.2:I0
# Column.3:Itrans
# Column.4:Irefer
# Column.5:Mutrans
# Energy   I0           Itrans      Irefer     Mutrans                 
6911.999   154.476718   27.554773   5.176612   0.13942328697970358     
6921.803   154.331845   27.776074   5.2535     0.13160897008967695     
6932.015   154.289982   28.034811   5.341095   0.12326501002438522     
6942.013   154.314192   28.292318   5.428331   0.11540791489946725     
6952.01    154.290747   28.551935   5.516251   0.10728860736112508     
6962.014   154.274528   28.810517   5.604866   0.09931393367550041     
6972.026   154.266912   29.070256   5.695326   0.09142364598054945     
6982.01    154.230634   29.33087    5.784962   0.08341460597417559     
6992.004   154.222737   29.598095   5.877702   0.0754401506184959      
7002.011   154.146817   29.842921   5.965257   0.06780721300351579     
7012.006   154.085185   30.100468   6.057769   0.05994440322359105     
7022.012   154.022483   30.352075   6.146768   0.05231048320905446     
7032.006   153.958432   30.613467   6.240222   0.04444933442500461     
7042.008   153.871336   30.843437   6.325991   0.03741111931174291     
7052.009   153.770536   31.087884   6.413307   0.029936062992605105    
7062.004   153.06162    31.204727   6.473725   0.022615913041605474    
7072.009   153.551251   31.552285   6.57736    0.015723918029833382    
7081.978   153.554878   31.799108   6.652794   0.008931601060123018    
7083.978   153.327632   31.80092    6.656664   0.007586902547817092    
7085.978   153.43049    31.861939   6.671472   0.006497200922796356    
7087.988   153.451226   31.907676   6.681423   0.005361181063854236    
7089.992   153.407792   31.932246   6.686778   0.0044406654671873234   
7091.989   153.412742   31.970276   6.69178    0.0034282066766941088   
7093.987   153.371968   31.993112   6.692712   0.00257149688409132     
7096.15    153.328891   32.021462   6.690131   0.0015514686680069129   
7098.003   153.325158   32.048362   6.68402    0.00079600002182399     
7099.992   153.294057   32.061353   6.669112   0.0002642874817112528   
7101.999   153.274928   32.063438   6.641033   0.00009831929223834864  
7102.294   153.263338   32.064619   6.636161   0                       
7102.587   153.272552   32.056728   6.628945   0.0002677579580932445   
7102.884   153.243656   32.047083   6.621401   0.0003660093145645522   
7103.192   153.233523   32.04202    6.614073   0.00044633664128862163  
7103.485   153.21824    32.043327   6.60653    0.0003234663539888986   
7103.785   153.19066    32.044764   6.600292   0.00012686006188844642  
7104.089   153.20753    32.043662   6.592395   0.00025320767535182734  
7104.382   153.177635   32.039043   6.581391   0.00020862646994077068  
7104.688   153.19492    32.041319   6.572485   0.0002451740018661643   
7104.987   153.195939   32.038569   6.562196   0.0003260336716008741   
7105.291   153.19937    32.035743   6.548959   0.0004227396623471356   
7105.584   153.203504   32.033474   6.53519    0.0005082610178289117   
7105.884   153.19022    32.021191   6.519793   0.0007677654831479681   
7106.186   153.164025   32.010373   6.502399   0.0009136775586438478   
7106.49    153.161116   32.004002   6.484074   0.0010711058305778532   
7106.794   153.121061   31.989116   6.46319    0.0012491902862502154   
7107.094   153.129881   31.969887   6.438575   0.0018252778702510606   
7107.385   153.137591   31.958344   6.413374   0.0021850395544594286   
7107.685   153.11484    31.944702   6.383477   0.0024284374070088688   
7107.989   153.110016   31.930219   6.34881    0.002797381202524013    
7108.289   153.088548   31.922435   6.310269   0.0028879516848757895   
7108.586   153.110496   31.91858    6.267128   0.003118885069550313    
7108.886   153.09547    31.893182   6.2117     0.0037290666495220144   
7109.188   153.075093   31.865688   6.143067   0.004366739189958108    
7109.493   153.06191    31.840366   6.057614   0.004986497424982501    
7109.797   153.04851    31.807567   5.941857   0.005811066671682056    
7110.093   153.026182   31.761469   5.790145   0.006951567310490921    
7110.395   153.021214   31.702878   5.568628   0.008537562518945697    
7110.695   153.005582   31.617622   5.265545   0.010802669456201064    
7110.993   152.975219   31.494589   4.872279   0.014038041425921832    
7111.299   152.935205   31.339746   4.395183   0.018118546931987216    
7111.593   152.918321   31.188276   3.912763   0.02225803152009991     
7111.889   152.877309   31.060182   3.486743   0.025621876960712636    
7112.194   152.853196   30.955275   3.140143   0.028442038637758942    
7112.49    152.823454   30.879257   2.887583   0.0304216579905991      
7112.798   152.793807   30.819458   2.694018   0.03194684260914444     
7113.094   152.773534   30.760734   2.541405   0.03349837953142853     
7113.397   152.747839   30.7068     2.407904   0.03488565407224298     
7113.695   152.734815   30.662824   2.288027   0.03606414774371881     
7114       152.721043   30.62093    2.178124   0.03718070114532763     
7114.302   152.705944   30.5828     2.082906   0.03818367097438157     
7114.598   152.703774   30.546817   2.00483    0.0392005666185207      
7114.899   152.69117    30.496148   1.942753   0.0405798792442101      
7115.201   152.69725    30.444926   1.896262   0.04208446986497418     
7115.5     152.667429   30.364187   1.861176   0.04423547397845602     
7115.802   152.648154   30.2618     1.832376   0.04707826728984697     
7116.094   152.657717   30.1272     1.806907   0.05103059897398815     
7116.393   152.657755   29.950465   1.779407   0.05617498922767604     
7116.693   152.619414   29.714111   1.741107   0.0628824996973224      
7116.998   152.614061   29.42886    1.687767   0.07128580503114415     
7117.299   152.603528   29.056888   1.615261   0.0823471500227349      
7117.595   152.588827   28.593599   1.523307   0.09631572603906854     
7117.898   152.567949   28.019873   1.411406   0.11391774640694538     
7118.201   152.542766   27.309852   1.287244   0.13621436937573678     
7118.504   152.540214   26.481989   1.15819    0.16311391979538564     
7118.805   152.517234   25.535295   1.033094   0.19481058320444986     
7119.104   152.509339   24.526607   0.918438   0.23000346870849386     
7119.402   152.496454   23.454364   0.812615   0.26901379938423275     
7119.699   152.456392   22.352656   0.7158     0.3108492788935915      
7120       152.45773    21.270877   0.625915   0.3542291588052863      
7120.301   152.44004    20.275552   0.546447   0.39602819040084014     
7120.595   152.43243    19.426816   0.478859   0.433372103515768       
7120.896   152.41858    18.724793   0.422747   0.46547311985133083     
7121.197   152.395628   18.113822   0.376331   0.4943457154420803      
7121.502   152.384031   17.56387    0.337864   0.5212359074032783      
7121.803   152.367284   17.039205   0.306074   0.5476556567861355      
7122.105   152.349335   16.513384   0.278385   0.5749590676644727      
7122.401   152.332762   15.971299   0.254138   0.6040472125626553      
7122.7     152.309479   15.39588    0.231864   0.6359956253664673      
7123.004   152.287074   14.791004   0.212269   0.6709107819673911      
7123.305   152.268964   14.158372   0.194055   0.7090263758130056      
7123.602   152.261206   13.575224   0.178483   0.7457558715061383      
7123.897   152.231461   13.033627   0.164918   0.7811821711910396      
7124.202   152.23461    12.544265   0.15318    0.8146600502190364      
7124.499   152.190716   12.128594   0.143087   0.8438708590798002      
7124.803   152.692715   11.831744   0.134712   0.8684156933556376      
7125.095   152.662981   11.598074   0.12805    0.8856856878807036      
7125.397   152.633562   11.446935   0.122341   0.8969857901114368      
7125.7     152.536296   11.356065   0.117777   0.9033968855699386      
7126.002   152.560178   11.310805   0.113756   0.9070253959693073      
7126.303   152.52297    11.283175   0.110165   0.9089505499213715      
7126.605   152.508853   11.267512   0.106301   0.9100841841950557      
7126.904   152.477758   11.239712   0.102452   0.912065770454421       
7127.203   152.456549   11.197021   0.098163   0.9152713702667863      
7127.507   152.434095   11.132422   0.093842   0.9202014626731749      
7127.804   152.428199   11.049675   0.089179   0.9266907798383713      
7128.099   152.393163   10.952191   0.084631   0.9342376441037478      
7128.395   152.364497   10.835576   0.079963   0.943432618439726       
7128.703   152.289673   10.702953   0.075049   0.9537705975861932      
7128.998   152.350496   10.572767   0.070481   0.9648198843872489      
7129.302   152.294245   10.433287   0.066066   0.9761082443256123      
7129.597   152.279281   10.309206   0.06206    0.9864828751225329      
7129.903   152.235023   10.211352   0.058888   0.99456740896901        
7130.205   152.209473   10.155161   0.056325   0.999245196155992       
7130.505   152.178107   10.144307   0.054713   1                       
7130.804   152.135521   10.174482   0.053731   0.997158394961911       
7131.104   152.122233   10.245859   0.053742   0.9909697648310433      
7131.404   152.071325   10.341598   0.05447    0.9825451817750658      
7131.704   152.056226   10.459934   0.0561     0.9725104754827335      
7132.003   152.039175   10.58131    0.058283   0.9623252178844048      
7132.299   152.023405   10.706362   0.060918   0.9519621177009838      
7132.594   152.014225   10.830095   0.064219   0.9418626797663886      
7132.901   152.019435   10.958596   0.067666   0.9315796417557473      
7133.201   152.011052   11.090361   0.071423   0.9210812901076124      
7133.501   152.000775   11.224708   0.075433   0.9104943260126857      
7133.796   151.982457   11.351829   0.079565   0.9005427368560607      
7134.103   152.000135   11.483969   0.083844   0.8905256595676625      
7134.407   151.998551   11.609864   0.08757    0.8809837252144221      
7134.703   152.007299   11.731726   0.09129    0.8719045530193348      
7135.003   151.997144   11.841064   0.094555   0.8637352599584672      
7135.301   151.985164   11.938744   0.097459   0.8564833674605742      
7135.603   151.971302   12.023188   0.100086   0.8502411679150466      
7135.903   151.963654   12.096995   0.102105   0.8448463123319513      
7136.201   151.946982   12.161573   0.103665   0.8400953247832734      
7136.497   151.948054   12.213864   0.104873   0.8363502090664374      
7136.799   151.946081   12.272872   0.105836   0.8321249427795372      
7136.996   151.956129   12.315907   0.106166   0.8291222755718086      
7137.998   151.960738   12.501341   0.10587    0.8160826159722425      
7139.003   151.95483    12.641419   0.102527   0.8063062164692182      
7140.021   151.938119   12.738101   0.098401   0.7995486034450227      
7141.085   151.932592   12.788199   0.095565   0.7960848723231853      
7142.104   151.900427   12.823982   0.095058   0.7934566861522476      
7143.184   151.881074   12.881811   0.096867   0.7894114129713358      
7144.287   151.906906   12.98456    0.099453   0.7826138767524419      
7145.42    151.898582   13.160813   0.100211   0.7707776152597904      
7146.554   151.885068   13.405105   0.098478   0.7546192558708112      
7147.703   151.874458   13.685063   0.094375   0.7364863773388586      
7148.895   151.868069   13.986942   0.08995    0.7173724117540651      
7150.08    151.854352   14.276147   0.087523   0.6993994925487186      
7151.304   151.875114   14.503695   0.086261   0.685692965621353       
7152.529   151.855972   14.626309   0.08527    0.6782222682849021      
7153.786   151.840595   14.660913   0.084532   0.6760676205793655      
7155.052   151.813885   14.656512   0.085283   0.6761763060904115      
7156.346   151.806534   14.641396   0.086733   0.6770361737498306      
7157.652   151.797589   14.616438   0.087942   0.6784763225984566      
7158.98    151.769455   14.568133   0.088326   0.681208563007166       
7160.334   151.752808   14.475319   0.08782    0.6867008502980075      
7161.701   151.70738    14.3394     0.087601   0.6946875531323674      
7163.082   151.689107   14.170415   0.088113   0.704947098674684       
7164.495   151.622692   13.955138   0.088525   0.7179489378073064      
7165.911   151.562737   13.724      0.088561   0.7322058565489583      
7167.351   151.530142   13.483145   0.088257   0.7474984397448404      
7168.818   151.499395   13.26447    0.087767   0.7616174714292039      
7170.294   151.483631   13.089106   0.088078   0.7731627136184798      
7171.795   151.448329   12.950707   0.089815   0.782252962073203       
7173.316   151.428586   12.876484   0.093045   0.7871643372593925      
7174.849   151.388857   12.860025   0.098085   0.7880532179165977      
7176.418   151.380479   12.889109   0.104159   0.7860296969160228      
7177.985   151.350694   12.950156   0.110247   0.7817263220624701      
7179.587   151.339298   13.018475   0.1145     0.7770600590293073      
7181.197   151.307137   13.084172   0.116043   0.7724730813174939      
7182.83    151.270305   13.154826   0.115668   0.7675515834212194      
7184.49    151.243217   13.233717   0.1139     0.7621672135573953      
7186.159   151.206025   13.320571   0.110333   0.7562326373127967      
7187.842   151.188155   13.419878   0.105615   0.7496352159659512      
7189.552   151.150593   13.522467   0.100531   0.7427595295148532      
7191.29    149.585927   13.488557   0.09437    0.7358568558955195      
7193.039   150.792848   13.680116   0.090705   0.7305534764862801      
7194.796   150.954916   13.749884   0.089266   0.7270449694025775      
7196.589   150.945165   13.783528   0.091325   0.724851745555331       
7198.387   150.897657   13.798697   0.095916   0.723614834642328       
7200.219   150.861242   13.807013   0.102777   0.7228770448251324      
7202.057   150.821879   13.809564   0.110673   0.7224873564556001      
7203.92    150.790178   13.808598   0.119896   0.722364726196095       
7205.799   150.711237   13.816388   0.128717   0.7214137757961587      
7207.703   150.663173   13.841242   0.133192   0.7195634971493904      
7209.62    150.595126   13.892611   0.129697   0.7159296277808435      
7211.56    150.587267   13.96162    0.117215   0.7115516817839115      
7213.518   150.524336   14.027005   0.099967   0.707101125474803       
7215.491   150.477058   14.076599   0.083746   0.7037406331327665      
7217.494   150.445293   14.109046   0.072028   0.7015430110381964      
7219.504   150.380614   14.130954   0.065412   0.6998104692308396      
7221.533   150.316106   14.154372   0.06451    0.6979875827790919      
7223.595   150.244985   14.179028   0.068562   0.6960521032737823      
7225.66    150.139065   14.202305   0.077449   0.6940013350659695      
7227.755   147.498726   13.989301   0.088038   0.691700998877487       
7229.862   150.298851   14.296034   0.10454    0.6891801172221026      
7231.989   150.233754   14.327678   0.120875   0.686868177073421       
7234.128   150.182179   14.353839   0.135889   0.6849729830781438      
7236.299   150.131392   14.365867   0.147032   0.6839449127343511      
7238.491   150.096602   14.360486   0.151876   0.6840698380322232      
7240.694   150.042553   14.334402   0.15064    0.6853444913871106      
7242.91    150.018454   14.29915    0.145079   0.6873568990214551      
7245.162   147.218805   13.997884   0.134768   0.6895038621738383      
7247.416   149.760126   14.212518   0.130962   0.6911632982501792      
7249.701   149.776779   14.19358    0.12817    0.6924263251728648      
7252       149.684125   14.16941    0.129273   0.6933754342118478      
7254.324   147.341114   13.935293   0.130814   0.6941482448882774      
7256.662   149.767254   14.167727   0.135746   0.693964725442507       
7259.008   149.586645   14.181924   0.134873   0.6920340122700966      
7261.394   149.167317   14.203106   0.131307   0.6882746972013919      
7263.789   138.326875   13.222497   0.118845   0.684857742517567       
7266.207   149.329289   14.368592   0.126367   0.6790953046056238      
7268.639   149.96238    14.505168   0.123984   0.6745228410442562      
7271.085   149.887509   14.571877   0.118784   0.6700744063073143      
7273.563   148.743221   14.52527    0.112149   0.6661748515804533      
7276.053   149.914954   14.694788   0.109871   0.6628906172801026      
7278.562   149.84634    14.72965    0.108171   0.6604185515033337      
7281.08    149.804196   14.756433   0.105254   0.6585842606403871      
7283.633   148.751158   14.678834   0.100883   0.6570264506880555      
7286.2     149.430288   14.772722   0.097826   0.6554346250086351      
7288.786   149.525857   14.814235   0.096785   0.6535401124264444      
7291.398   149.48856    14.849235   0.100484   0.6512587507241943      
7294.014   149.470416   14.892717   0.109507   0.6485961276712247      
7296.668   149.385363   14.939105   0.121421   0.6453793313366176      
7299.318   149.249019   14.987901   0.133244   0.6417297776127856      
7302.001   147.530197   14.878232   0.142353   0.6380232980738608      
7304.705   149.376088   15.116559   0.152797   0.6350005387292961      
7307.426   149.302163   15.151591   0.158572   0.6325438569881671      
7310.161   149.534765   15.20752    0.161256   0.6306834743645999      
7312.916   149.617743   15.243072   0.161505   0.6291268993942938      
7315.696   149.554241   15.255614   0.161467   0.6280366288488398      
7318.481   149.476857   15.2649     0.162297   0.6270520702380864      
7321.302   149.420984   15.28796    0.16339    0.6254053809095544      
7324.141   149.376417   15.325144   0.164137   0.6230205645395428      
7326.987   149.300057   15.369464   0.16498    0.6200486090500552      
7329.859   149.247553   15.424872   0.16641    0.6165947330816545      
7332.755   149.175355   15.481808   0.16995    0.6129503128014654      
7335.663   149.104643   15.527926   0.174511   0.6099351421845802      
7338.585   147.879572   15.450672   0.175826   0.6070826105811505      
7341.532   148.870433   15.606134   0.176022   0.6041680934306638      
7344.5     148.867166   15.641693   0.170085   0.6021589902082307      
7347.481   148.80784    15.667906   0.161284   0.6003464763135274      
7350.496   148.740137   15.689619   0.152821   0.5987377638434651      
7353.517   148.684529   15.705528   0.145746   0.5975247211590383      
7356.566   148.59712    15.726836   0.139924   0.5958251524852123      
7359.621   148.524306   15.756087   0.135038   0.5937719279035949      
7362.698   148.473473   15.792596   0.131557   0.5914490391094279      
7365.802   148.396056   15.831609   0.130545   0.5888358065730533      
7368.928   148.327996   15.877939   0.132504   0.5858797945338495      
7372.063   148.272281   15.923401   0.138427   0.5830515004913492      
7375.216   148.179643   15.963071   0.14921    0.5803295558764593      
7378.397   148.110159   16.005088   0.16498    0.5776211416210564      
7381.586   148.027004   16.044469   0.183198   0.5749814505950094      
7384.806   147.950715   16.08589    0.197788   0.5722764385854008      
7388.033   147.878785   16.123274   0.203523   0.5698216542560495      
7391.284   147.783306   16.162966   0.20298    0.5671071927458519      
7394.563   147.719339   16.209066   0.199807   0.5642384532899681      
7397.851   147.593943   16.256168   0.19798    0.5609589062509542      
7401.16    147.542996   16.318261   0.198463   0.5573237754569091      
7404.479   147.468373   16.380578   0.20001    0.5535488816532415      
7407.824   147.365563   16.436053   0.20077    0.5499830887605799      
7411.198   147.285854   16.48652    0.200693   0.5468295239448844      
7414.578   147.20688    16.529911   0.20113    0.5440624573879034      
7417.989   147.075833   16.560652   0.202206   0.541659266585004       
7421.404   146.976994   16.593432   0.205031   0.5393425684748809      
7424.863   146.881855   16.62572    0.209729   0.5370767853249363      
7428.322   146.770067   16.658677   0.213436   0.534679645174144       
7431.802   146.671501   16.698694   0.214364   0.5319945080975907      
7435.301   146.543821   16.734901   0.213448   0.5293393447567454      
7438.816   146.423159   16.769276   0.210798   0.5268250305873162      
7442.364   146.318281   16.811691   0.205586   0.5239898816164579      
7445.907   142.411126   16.421754   0.19491    0.5208436009403667      
7449.488   146.242777   16.924164   0.196528   0.5177086645527186      
7453.095   144.941123   16.827351   0.194123   0.5149076122162912      
7456.702   146.012279   17.01327    0.196545   0.5117382401786819      
7460.336   145.350403   16.995421   0.197389   0.508683642955767       
7463.988   145.764832   17.099597   0.201724   0.5058300459727315      
7467.662   141.787983   16.686381   0.202083   0.503032455609448       
7471.35    145.753108   17.202216   0.215725   0.5005283341488808      
7475.06    145.592482   17.237982   0.222717   0.4977482819892465      
7478.796   145.465322   17.277691   0.228652   0.4949725459911867      
7482.538   145.332709   17.313404   0.234043   0.4923697304148136      
7486.308   145.187951   17.356475   0.241026   0.48932603603708175     
7490.096   145.029125   17.390705   0.248431   0.48664642384875795     
7493.895   144.915132   17.423604   0.25387    0.4843064749394017      
7497.731   144.831853   17.474481   0.256065   0.4812545526483452      
7501.57    144.744098   17.519966   0.255598   0.47845176071712986     
7505.431   144.598455   17.557776   0.254926   0.47568669540277464     
7509.312   144.445888   17.601579   0.255268   0.4725851449771793      
7513.184   144.33522    17.654974   0.256927   0.4692667247230327      
7517.104   144.21917    17.703318   0.259796   0.4661725824301053      
7521.04    144.087989   17.749515   0.262077   0.4630983370168276      
7525.031   143.917118   17.787139   0.263492   0.4602095025735446      
7529.009   143.76816    17.825542   0.2638     0.4574184118896371      
7532.997   143.637511   17.868872   0.264081   0.4545007829099168      
7537.008   143.521533   17.918499   0.265846   0.4513696369888667      
7541.051   143.387659   17.963605   0.268508   0.4483555294489403      
7545.098   143.245729   18.009125   0.271328   0.44527690275244        
7549.183   143.092304   18.056458   0.27353    0.4420449758321595      
7553.275   142.968842   18.103983   0.273941   0.4389920377440991      
7557.38    142.817192   18.146474   0.27264    0.43601443582664634     
7561.513   142.653435   18.192869   0.27089    0.4327787988251144      
7565.622   142.486103   18.237329   0.271373   0.42961852130346917     
7569.799   142.332768   18.283449   0.273856   0.4264688338213487      
7573.978   142.19789    18.332951   0.279294   0.4232758804181639      
7578.169   142.054728   18.38168    0.286653   0.42007429671317426     
7582.395   141.890683   18.428971   0.294018   0.41681751869100614     
7586.643   141.730468   18.466304   0.300347   0.4140603137335511      
7590.893   141.557798   18.508959   0.304432   0.41097720289450806     
7595.177   141.312123   18.538368   0.306808   0.4080703542651689      
7599.484   141.053026   18.572122   0.308343   0.4048752943412656      
7603.833   140.481527   18.55587    0.309639   0.4020910531708825      
7608.135   140.258722   18.591508   0.313298   0.3990256525407442      
7612.496   140.060046   18.630631   0.317788   0.39594833217601766     
7616.888   139.980864   18.680809   0.321834   0.3931022266528712      
7621.297   140.059102   18.753019   0.323753   0.3902175979590829      
7625.721   140.093802   18.831012   0.325136   0.3868054332694595      
7630.153   139.974842   18.885023   0.327366   0.383558530451289       
7634.566   139.787187   18.93225    0.331547   0.38020182821392606     
7639.071   139.644521   18.980528   0.336819   0.3770823020076292      
7643.559   139.471039   19.02407    0.342159   0.373991994166612       
7648.055   139.292993   19.069685   0.346803   0.37078121602883185     
7652.559   139.162984   19.118983   0.350274   0.3677074263030152      
7657.118   138.970233   19.159367   0.352877   0.3646507270791298      
7661.691   138.792127   19.203964   0.354965   0.36149665934405784     
7666.277   138.611687   19.246561   0.355961   0.35842199574897765     
7670.883   138.418369   19.291274   0.356587   0.35517288469470565     
7675.496   138.220392   19.332997   0.357097   0.35203250605554043     
7680.154   137.997062   19.373731   0.358238   0.3487784198382002      
7684.825   137.717436   19.403583   0.359974   0.34565878187058674     
7689.488   137.853174   19.497584   0.364471   0.3422946451917889      
7694.209   137.566002   19.5279     0.369089   0.33911296499791416     
7698.904   137.354007   19.568967   0.373881   0.3359277733954543      
7703.647   137.104583   19.611078   0.378079   0.33245914760508916     
7708.399   137.06843    19.681246   0.383132   0.3291058205454884      
7713.175   136.796678   19.714557   0.387889   0.3258920825285118      
7717.975   136.537768   19.748335   0.393259   0.32273895277882425     
7722.786   136.383218   19.800275   0.398384   0.31945217186012204     
7727.611   136.135129   19.838657   0.401907   0.3161670597652526      
7732.475   135.930235   19.889922   0.405358   0.3125936998736842      
7737.338   135.615715   19.918389   0.408597   0.30931783555174325     
7742.259   135.690481   20.004583   0.413041   0.30602435623414964     
7747.134   135.417807   20.040832   0.416574   0.30268271878829794     
7752.07    135.218662   20.084939   0.420096   0.2994738293857436      
7757.051   135.003337   20.122018   0.423607   0.29646780170276155     
7762.005   134.818288   20.173735   0.428136   0.29302424726524134     
7766.987   134.580946   20.212127   0.433563   0.289821345030109       
7771.995   134.352443   20.252313   0.438357   0.2865989480488906      
7777.011   134.167618   20.304547   0.443351   0.28314319705438107     
7782.046   133.968026   20.351194   0.44799    0.27983519902978654     
7787.108   133.765537   20.393703   0.452196   0.276688306761313       
7792.221   133.554596   20.437061   0.456259   0.2734515573793018      
7797.284   133.366681   20.488306   0.459985   0.2700308908646656      
7802.427   133.216425   20.541103   0.463594   0.2667950944121048      
7807.569   132.964389   20.579779   0.466552   0.2634946699517717      
7812.728   132.709076   20.613536   0.46962    0.2603812182500256      
7817.881   132.47509    20.65508    0.473024   0.2570779580830331      
7823.105   132.277809   20.706467   0.477587   0.25360243474502897     
7828.335   132.030054   20.748437   0.481049   0.2501929042842294      
7833.525   131.811429   20.795386   0.485177   0.2467677544973123      
7838.775   131.399179   20.804213   0.488568   0.24365789457578216     
7844.054   131.498002   20.900061   0.494069   0.24029630709016805     
7849.339   131.236863   20.936996   0.498789   0.23701450308410113     
7854.651   130.164087   20.843038   0.500146   0.23377057834074103     
7859.97    130.824032   21.026856   0.508423   0.2305152745105468      
7865.33    130.593987   21.072997   0.51449    0.2270599634177404      
7870.693   130.315978   21.111587   0.519678   0.2235970515177341      
7876.077   130.275907   21.187152   0.526262   0.220204252060248       
7881.484   130.332393   21.271316   0.532689   0.21711695806705533     
7886.902   130.085402   21.309634   0.53778    0.21388486568379614     
7892.343   129.879149   21.361593   0.543413   0.21036823037399313     
7897.811   129.556918   21.389369   0.548117   0.207060188157001       
7903.281   129.402775   21.442187   0.554357   0.20386294925427664     
7908.786   129.196286   21.488596   0.559142   0.2005763287516443      
7914.296   128.949697   21.529914   0.564592   0.1972264225928552      
7919.852   128.695314   21.569717   0.569555   0.19388499844653376     
7925.397   128.404866   21.604823   0.574888   0.19048766069827364     
7930.974   128.02022    21.612479   0.57899    0.18755483845343926     
7936.58    127.681469   21.639769   0.583228   0.18413491800136658     
7942.182   127.725371   21.728314   0.588701   0.18086524100750662     
7947.826   127.424625   21.758166   0.593016   0.1776036981071744      
7953.477   127.071053   21.778976   0.597389   0.17433845063266523     
7959.146   126.827274   21.823007   0.602686   0.170893622928603       
7964.832   126.519911   21.852195   0.607146   0.167603512936538       