# XDI/1.0 
# Spectrum.license:CC BY 4.0
# Publication.authors: Mehrnaz Mikhchian
# Publication.affiliation: Canadian Light Source
# Facility.name:CLS
# Sample.temperature:r.t
# Sample.prep:powder, 500 um
# Publication.DOI: https://doi.org/10.20383/103.01329
# Sample.name:Iron (III) Phospahte-x2H2O
# Scan.number:scan1
# Sample.id:3q20lp
# Scan.start_time:2024-05-10
# Element.symbol:Fe
# Facility.energy:2.90 GeV
# Facility.xray_source:Bending magnet
# Beamline.name:SXRMB
# Beamline.scan_type:XAFS
# Beamline.scan_mode:TEY
# Beamline.website:https://sxrmb.lightsource.ca/
# Beamline.detector:Sample Current
# Beamline.energy_range:1.7 - 10.0
# Beamline.flux:1E11 ph/s
# Mono.name:InSb(111), Si(111)
# Element.edge:K
# Beamline_scan_mode:TEY
# Column.1:Energy
# Column.2:I0
# Column.6:TEY
# Column.7:Ifluor
# Column.5:Mufluor
# Energy  I0       TEY      Ifluor    Mufluor                  
7032      60573    0.002046353769311518      23944    431.509  
7034      60590    0.0015016167513164538     23925    84.0957  
7036      60599    0.0013628307702889268     23922    78.0922  
7038      60531    0.0010415124578231807     23880    78.0806  
7040      60482    0.0016850546861187613     23891    85.0953  
7042      60440    0.001421573207166871      23862    73.0805  
7044      60348    0.001704859388331999      23839    100.116  
7046      60354    0.0008677568936391874     23802    83.0877  
7048      60329    0.0011838322896299115     23807    92.0983  
7050      60241    0.0013697266956621235     23781    72.0792  
7052      60244    0.001408403406863474      23784    71.0829  
7054      60188    0.0005791973604791272     23723    83.0902  
7056      60106    0.0007568336217683771     23699    86.0931  
7058      60130    0                         23673    75.0745  
7060      60079    0.00015119554120481698    23660    94.1023  
7062      60044    0.000039708174622121965   23641    71.08    
7064      60021    0.000019519638578755023   23631    90.1046  
7066      60000    0.00019635312464690534    23631    95.1166  
7068      59827    0.0005424658730581944     23579    85.0955  
7070      59773    0.0013214153959634897     23594    74.0834  
7072      59833    0.0028080792860000997     23687    77.0835  
7074      59805    0.002445120266455051      23659    77.0836  
7076      59681    0.002424794182299703      23609    74.0837  
7078      59431    0.0023361919154835952     23506    88.0975  
7080      59615    0.0015445709232876548     23542    91.1064  
7082      59631    0.0012794767719595177     23536    62.065   
7084      59554    0.0015464873438828697     23518    80.0878  
7086      59507    0.0012135322921689505     23484    71.0835  
7088      59493    0.0013327069113657811     23484    88.0992  
7090      59483    0.0010942604167483284     23469    74.0803  
7092      59434    0.002029883097250134      23493    68.0743  
7094      59410    0.0016947923173839976     23468    69.0783  
7096      59351    0.001982491391844515      23458    78.0849  
7098      59287    0.003027848309766191      23481    81.094   
7100      59271    0.0029701899565705275     23472    90.0995  
7102      59149    0.0041485479110274295     23478    113.13   
7104      59199    0.004108521188264457      23496    80.0911  
7106      59134    0.005254301005411599      23523    97.1116  
7106.35   59144    0.005406661722038411      23534    83.0959  
7106.7    59183    0.00550383442528916       23554    70.0814  
7107.05   59133    0.00589227412872719       23552    64.0764  
7107.4    59141    0.006040120739312399      23562    73.0872  
7107.75   59160    0.005442093408466997      23542    80.096   
7108.1    59155    0.005528643030038655      23544    81.0972  
7108.45   59155    0.006418069374568489      23585    87.1058  
7108.8    59103    0.006672806193574532      23576    82.0993  
7109.15   59146    0.006626102812899912      23591    100.124  
7109.5    59100    0.006677077035977001      23575    78.0985  
7109.85   59108    0.006759768244742337      23582    97.1242  
7110.2    59076    0.00710226142256424       23585    80.1043  
7110.55   59085    0.008327364725475312      23645    85.1152  
7110.9    59073    0.008866154526087704      23665    83.1164  
7111.25   59111    0.009686272661559674      23718    85.1214  
7111.6    59131    0.011204881351657696      23796    86.1284  
7111.95   59130    0.013774509743042219      23914    80.1276  
7112.3    59173    0.01732266358979247       24095    65.1104  
7112.65   59200    0.0219182765601768        24318    74.1379  
7113      59212    0.02820481661557995       24613    79.1633  
7113.35   59217    0.03591785618527941       24971    104.234  
7113.7    59198    0.04333184543815725       25305    93.2225  
7114.05   59240    0.04885671394766337       25578    102.261  
7114.4    59256    0.05113261645986447       25690    83.2227  
7114.75   59300    0.05013552159135703       25663    95.2612  
7115.1    59236    0.04783260931778696       25529    89.2478  
7115.45   59284    0.042103170802345935      25285    113.302  
7115.8    59296    0.03534839227699601       24978    88.2259  
7116.15   59279    0.03026461265997613       24736    72.174   
7116.5    59266    0.02683102891006437       24572    73.1708  
7116.85   59255    0.024287678524213433      24450    73.1655  
7117.2    59260    0.023073637998489598      24396    99.2221  
7117.55   59275    0.024044069248535006      24447    87.198   
7117.9    59249    0.02473116071255423       24468    89.2057  
7118.25   59282    0.026752371060318057      24575    91.2125  
7118.6    59438    0.028098102497296964      24702    98.2401  
7118.95   59468    0.03108750949798652       24853    101.254  
7119.3    59456    0.03348360336781271       24959    82.2134  
7119.65   59456    0.038642060239854455      25198    91.2467  
7120      59480    0.04381631211283365       25448    103.299  
7120.35   59488    0.051378926859923874      25802    114.346  
7120.7    59508    0.06154288804377207       26282    88.2874  
7121.05   59509    0.07319963891821166       26823    106.385  
7121.4    59533    0.08799069957968705       27520    100.402  
7121.75   59523    0.10786015283605085       28437    99.432   
7122.1    59544    0.13035932175640205       29491    113.566  
7122.45   59532    0.1566779129728322        30706    135.76   
7122.8    59545    0.18511035221166902       32032    122.77   
7123.15   59509    0.2200739419902341        33634    116.832  
7123.5    59529    0.2547095455891338        35252    134.088  
7123.85   59567    0.29181778574621386       36997    150.345  
7124.2    59564    0.3290219621555674        38722    148.491  
7124.55   59603    0.3667569133274105        40500    156.723  
7124.9    59629    0.40145574368986686       42130    163.938  
7125.25   59634    0.43589632407321005       43734    174.226  
7125.6    59630    0.4681326333274552        45229    158.194  
7125.95   59682    0.5010423468771289        46799    188.742  
7126.3    59685    0.5334148084353262        48307    208.215  
7126.65   59697    0.5651066371417482        49791    203.301  
7127      59743    0.5970177643200724        51315    205.501  
7127.35   59710    0.6327013731074815        52947    217.96   
7127.7    59716    0.6672281594192995        54559    213.051  
7128.05   59736    0.7026466663003996        56226    243.795  
7128.4    59724    0.7376547550730509        57844    241.007  
7128.75   59699    0.7735355705631893        59489    233.057  
7129.1    59716    0.8075332893171676        61088    243.481  
7129.45   59710    0.8397522917616009        62581    265.114  
7129.8    59666    0.8698008069726031        63932    284.918  
7130.15   59664    0.895785857487362         65138    248.126  
7130.5    59678    0.9191107253990788        66238    257.513  
7130.85   59637    0.9393915831706733        67135    296.735  
7131.2    59653    0.9548155970821918        67870    282.477  
7131.55   59599    0.9688421811412492        68460    252.757  
7131.9    59598    0.9792884393507976        68944    284.701  
7132.25   59540    0.9882134588362743        69291    250.842  
7132.6    59538    0.9931994407308665        69520    268.34   
7132.95   59519    0.996868751598781         69668    281.754  
7133.3    59512    0.997519822392121         69690    298.245  
7133.65   59350    1                         69615    286.912  
7134      59337    0.9994430765246833        69574    305.405  
7134.35   59237    0.999838481603675         69475    314.65   
7134.7    59245    0.997902420274737         69395    265.264  
7135.05   59210    0.9967319883648668        69300    281.733  
7135.4    59213    0.9955722888659613        69250    289.929  
7135.75   59255    0.9941620191278366        69234    294.093  
7136.1    59278    0.9934936625977612        69230    259.158  
7136.45   59309    0.9918015521762185        69188    262.234  
7136.8    59305    0.9903661927088785        69117    310.545  
7137.15   59335    0.9883556232487474        69059    258.095  
7137.5    59334    0.9856124268530971        68931    284.781  
7137.85   59307    0.9820934211227342        68737    243.597  
7138.2    59275    0.9778087456398079        68502    250.792  
7138.55   59310    0.9714378770960673        68248    282.648  
7138.9    59307    0.9661031409524257        67998    285.711  
7139.25   59269    0.9594251080934443        67646    274.323  
7139.6    59274    0.9509880464926639        67262    279.434  
7139.95   59244    0.9433643969364717        66876    294.81   
7140.3    59244    0.9433643969364717        66876    246.485  
7140.65   59185    0.9261616490471579        66016    265.947  
7141      59195    0.9163812280525886        65576    284.394  
7141.35   59156    0.908120637307695         65152    271.975  
7141.7    59172    0.8996491871664313        64779    249.297  
7142.05   59179    0.8918934273295374        64429    245.18   
7142.4    59145    0.8852761974418316        64087    269.746  
7142.75   59158    0.8779423544056633        63763    237.927  
7143.1    59146    0.8704121954045082        63403    243.989  
7143.45   59135    0.8633549602980399        63066    255.281  
7143.8    59138    0.8565586701095282        62756    265.434  
7144.15   59163    0.8498665448524546        62474    246.934  
7144.5    59163    0.8429690001606743        62156    279.728  
7144.85   59171    0.8377335452271774        61923    235.637  
7145.2    59123    0.8309883146637522        61562    247.852  
7145.55   59062    0.8257632117496201        61258    249.861  
7145.9    58972    0.8204611507517536        60921    267.276  
7146.25   58905    0.8154116082964267        60620    251.888  
7146.6    58884    0.8107829888851189        60386    280.504  
7146.95   58835    0.8071895722845205        60171    258.943  
7147.3    58826    0.8013913332984668        59896    238.428  
7147.65   58808    0.7955721831093353        59611    245.59   
7148      58808    0.7955721831093353        59611    263.924  
7148.35   58872    0.7858096043530208        59228    203.56   
7148.7    58876    0.7812754831007258        59024    251.609  
7149.05   58937    0.7761118091800054        58848    211.709  
7149.4    58920    0.770775187197639         58586    266.907  
7149.75   58923    0.7657446687408803        58358    231.072  
7150.1    58991    0.7584931389121881        58092    211.623  
7150.45   58909    0.754893354565307         57846    221.801  
7150.8    58902    0.750337223265155         57630    211.572  
7151.15   58941    0.7435408962880387        57356    235.053  
7151.5    58926    0.7386757002032635        57118    212.537  
7152      58939    0.7288648396850231        56680    252.325  
7153.24   59358    0.7079387988551095        56115    235.888  
7154.51   59740    0.6858966169279507        55450    248      
7155.79   60239    0.6630350059011294        54840    214.175  
7157.09   60752    0.6420804634635845        54315    227.36   
7158.41   61159    0.6254649223878948        53887    210.939  
7159.75   61620    0.6110706207929032        53602    241.425  
7161.11   62083    0.6027042622517049        53600    216.925  
7162.49   62624    0.5983994199621048        53857    221.993  
7163.88   63104    0.5995625701092471        54327    217.91   
7165.3    63641    0.6043553979781114        55027    208.753  
7166.73   64122    0.6153846158954932        55994    234.246  
7168.19   64606    0.6282429466922826        57064    233.292  
7169.66   65071    0.6432759773423039        58237    225.232  
7171.15   65607    0.6571301371722207        59425    262.021  
7172.66   66128    0.6731223384747484        60721    240.708  
7174.19   66588    0.6913845036502437        62091    234.659  
7175.74   67159    0.7090318565587921        63547    286.875  
7177.31   67670    0.7225810463194013        64745    301.253  
7178.9    68159    0.7303405821080082        65625    280.909  
7180.5    68695    0.7362983577220672        66460    239.072  
7182.13   69244    0.7397984502266727        67180    271.765  
7183.77   69787    0.7432404859549003        67894    273.875  
7185.44   70359    0.745493273257084         68574    276.903  
7187.12   70908    0.7471750535816357        69202    311.628  
7188.82   71444    0.7497596930584437        69869    307.573  
7190.54   72036    0.7511679249219854        70527    272.823  
7192.28   72603    0.7532691010356225        71201    284.091  
7194.04   73188    0.7535197764331201        71789    305.529  
7195.82   73773    0.7535751331426265        72366    308.621  
7197.61   74361    0.7545452399171313        72999    309.591  
7199.43   75007    0.7534987407950767        73572    296.318  
7201.27   75630    0.7514103360650999        74060    305.5    
7203.12   76215    0.7497458498128501        74534    288.105  
7204.99   76848    0.7470733997991578        74993    331.04   
7206.88   77461    0.742431375918446         75311    304.377  
7208.8    78015    0.7393122635737235        75660    303.327  
7210.73   78583    0.735509732136676         75978    311.47   
7212.67   79219    0.7314775283904665        76344    306.347  
7214.64   79813    0.7262609958057766        76592    284.826  
7216.63   80724    0.7213768851072502        77159    325.673  
7218.64   81312    0.7183777897364743        77531    297.047  
7220.66   81965    0.7144850766334999        77905    319.516  
7222.71   82562    0.7125510716343927        78348    301.091  
7224.77   83169    0.7101283315673812        78767    335.716  
7226.85   83814    0.7082319038225416        79254    307.135  
7228.95   84456    0.7051007497084621        79655    318.344  
7231.07   85056    0.7033824180348572        80107    326.495  
7233.21   85510    0.7018729314881119        80434    307.08   
7235.37   85580    0.7007056533849835        80422    345.791  
7237.55   86907    0.6997603302689184        81605    345.822  
7239.75   87699    0.69755545542869          82198    362.18   
7241.96   88399    0.7001235916487261        83031    351.998  
7244.2    89161    0.7009766793682405        83806    361.139  
7246.45   89906    0.7011157686905816        84516    339.696  
7248.73   90116    0.7019358584253581        84771    348.87   
7251.02   91042    0.7035275519278742        85755    349.906  
7253.33   92227    0.705848662053072         87038    361.183  
7255.66   92902    0.7091220699058579        87912    346.886  
7258.01   93683    0.7105048746476752        88752    329.534  
7260.38   94385    0.7128019335146242        89586    356.092  
7262.77   94923    0.7142938224613765        90207    369.366  
7265.17   90427    0.7218382684190479        86466    318.093  
7267.6    96904    0.7191727010203038        92458    327.539  
7270.04   97786    0.7203730382555846        93391    376.577  
7272.51   98580    0.7212020781993812        94213    391.887  
7274.99   99335    0.7233135680929749        95098    384.743  
7277.49   100078   0.7244123652495799        95895    390.894  
7280.01   100033   0.7252733997084165        95919    392.917  
7282.55   101749   0.724284269841357         97486    390.84   
7285.11   102520   0.7244633010268059        98239    374.519  
7287.69   103315   0.725161324857149         99057    394.928  
7290.29   104119   0.723622372015344         99703    394.913  
7292.9    104908   0.7219155207537847        100319   390.842  
7295.54   104763   0.7227687701750208        100250   367.251  
7298.19   106107   0.7223200437743078        101499   469.258  
7300.86   107058   0.7210530517465236        102303   450.913  
7303.56   107927   0.7169818247771014        102791   412.129  
7306.27   108732   0.7160176869369556        103476   443.706  
7309      109533   0.7145850716706651        104116   444.674  
7311.75   110396   0.7138141529045329        104870   422.204  
7314.52   111176   0.7113214402900881        105395   416.078  
7317.3    111923   0.7103909232143591        106022   455.818  
7320.11   112584   0.7091468009099031        106539   431.342  
7322.94   113406   0.7083788702578473        107249   439.452  
7325.78   114163   0.7071884696110483        107859   478.181  
7328.64   114978   0.706608139517641         108577   436.364  
7331.53   115705   0.7057150275000156        109183   443.47   
7334.43   116464   0.7050735575860395        109841   447.496  
7337.35   117200   0.7046449368240763        110496   469.913  
7340.29   117943   0.7047591878553031        111207   444.432  
7343.25   118783   0.7045644483858008        111981   440.319  
7346.23   119688   0.7041765771754217        112798   459.695  
7349.23   120497   0.7048003482672429        113619   448.487  
7352.24   121285   0.7051598692268574        114396   481.04   
7355.28   122200   0.7053801051245           115280   441.349  
7358.33   123039   0.7049369576142901        116029   473.906  
7361.4    123952   0.7057136056193354        116965   451.476  
7364.5    125006   0.704691274526427         117860   465.709  
7367.61   126024   0.7051311098188313        118863   499.34   
7370.74   127032   0.7054874765958238        119849   492.229  
7373.89   127982   0.7054445368714675        120741   480.994  
7377.06   128903   0.7054953943985881        121615   495.237  
7380.25   129821   0.705346156693428         122466   518.726  
7383.45   130843   0.7060121125608207        123498   460.617  
7386.68   131756   0.7059269108057987        124351   511.523  
7389.92   132682   0.7054437424663353        125175   503.411  
7393.19   133530   0.7074424903291869        126183   477.878  
7396.47   134403   0.7072327572825119        126986   562.478  
7399.77   135020   0.7096187988166182        127820   515.559  
7403.09   135814   0.7095558740540417        128565   511.431  
7406.43   136548   0.7084391823905523        129141   478.811  
7409.79   137316   0.7087444012008237        129900   561.311  
7413.17   138118   0.7095277663683984        130743   539.909  
7416.57   138980   0.7077551942446138        131367   531.751  
7419.98   139907   0.7080008182557672        132270   526.612  
7423.42   140732   0.7067336498547909        132911   500.121  
7426.87   141715   0.7052542797447425        133676   569.338  
7430.35   142575   0.7054143547602979        134505   539.781  
7433.84   143488   0.7052862625046796        135352   554.059  
7437.35   144486   0.7040658241616976        136156   537.732  
7440.88   145504   0.7031017709746555        137006   563.106  
7444.43   146681   0.7016734696284623        137951   553.979  
7448      148171   0.7005448053157879        139222   514.283  
7451.59   148517   0.7010105065122535        139601   574.298  
7455.2    150584   0.7002357705471192        141453   522.326  
7458.82   151434   0.6990200885519917        142108   594.646  
7462.47   150808   0.6999769413673166        141633   539.579  
7466.13   153660   0.6991627904794753        144214   575.264  
7469.82   154640   0.6985258357534984        145057   598.698  
7473.52   155612   0.6979999883826726        145905   565.07   
7477.24   156536   0.6983987239795078        146820   565.035  
7480.98   157368   0.69969237531554          147759   605.708  
7484.74   158369   0.7001552346116106        148756   627.085  
7488.52   159260   0.7017191021462111        149787   593.47   
7492.31   160351   0.701038010881368         150728   586.338  
7496.13   161270   0.7015882648885962        151661   592.448  
7499.97   162224   0.7006931352777377        152445   566.949  
7503.82   162988   0.7004967300626201        153138   579.125  
7507.7    163910   0.7009094809151137        154057   660.55   
7511.59   164798   0.7022284267854024        155061   587.22   
7515.5    165698   0.7027641689518805        155977   608.638  
7519.43   166517   0.7025487578860284        156720   641.189  
7523.38   166131   0.7031148800744815        156430   643.101  
7527.35   168532   0.7034971470516193        158741   621.783  
7531.34   169484   0.7025303054778681        159510   609.547  
7535.35   168991   0.7033275488902312        159151   605.385  
7539.37   171612   0.703332151170976         161620   666.458  
7543.42   172692   0.7038142895628287        162702   689.887  
7547.48   173789   0.7025402434024048        163563   661.387  
7551.56   174753   0.7018699677066843        164379   681.68   
7555.67   175660   0.7024386425663132        165310   635.908  
7559.79   176760   0.7037368137793522        166524   703.04   
7563.93   177822   0.702737311498031         167386   734.504  
7568.09   178866   0.7034136499542788        168463   670.397  
7572.27   179804   0.7029679765542592        169284   678.539  
7576.46   180784   0.7025302778356538        170145   665.303  
7580.68   180784   0.7025302778356538        170145   727.311  
7584.92   182524   0.7029900682098383        171848   681.473  
7589.17   183515   0.7036191647384956        172871   679.432  
7593.45   184447   0.7040370020055499        173809   701.768  
7597.74   185376   0.7036948923647522        174635   689.53   
7602.05   185594   0.7040449766778297        174891   744.386  
7606.38   187158   0.7028052621594562        176184   681.36   
7610.73   187818   0.70289886119467          176819   735.25   
7615.1    188410   0.7048309410701045        177660   659.929  
7619.49   189146   0.704355979314257         178284   684.322  
7623.9    189888   0.7052454068716772        179115   722.933  
7628.32   190610   0.7050768372066869        179771   736.109  
7632.77   191561   0.7030944562273593        180372   722.826  
7637.23   192575   0.7049684804650022        181608   684.196  
7641.72   193809   0.7055066295017604        182853   733.032  
7646.22   194784   0.7071807912215705        184027   714.666  
7650.74   196010   0.7061051670075528        185021   733.932  
7655.28   197566   0.7061131872147767        186491   732.942  
7659.84   198661   0.7055278362718219        187434   735.977  
7664.42   199554   0.7050613958060452        188204   773.536  
7669.02   200569   0.7058146488251381        189279   766.442  
7673.63   201533   0.7047402125510628        190020   738.899  
7678.27   202382   0.7062525049732908        191059   789.74   
7682.92   203227   0.7061090190501542        191834   761.257  
7687.6    203957   0.7054353128397383        192416   762.236  
7692.29   204644   0.7076669063488199        193420   776.402  
7697      205475   0.7086697726941934        194366   749.95   
7701.74   205985   0.7084116869240911        194807   766.207  
7706.49   207365   0.7083119736131184        196096   731.615  
7711.25   208336   0.7077192208413207        196918   761.091  
7716.04   209243   0.709735162419917         198104   776.235  
7720.85   209734   0.7114002549136978        198841   800.647  
7725.68   207299   0.713266871236558         196834   800.427  
7730.52   210601   0.7128262823760114        199897   730.411  
7735.39   211161   0.7117959685073237        200259   759.862  
7740.27   211756   0.7126669251930492        200967   781.144  
7745.17   212512   0.7147594004171951        202031   795.355  
7750.1    213772   0.7135476551664229        203027   829.855  
7755.04   215248   0.713423586327484         204408   760.797  
7760      216516   0.7140806254584806        205723   858.231  
7764.97   217492   0.7143145851275529        206690   836.906  
7769.97   218602   0.7148143243310155        207830   840.953  
7774.99   219769   0.7137195148215989        208752   831.729  
7780.03   220786   0.7144459451008238        209843   831.726  
7785.08   217408   0.7170228555110666        207069   785.865  
7790.16   222671   0.7153532127329036        211792   776.751  
7795.25   220537   0.7167074858487905        209995   805.098  
7800.36   224171   0.7163623590480535        213395   847.82   
7805.49   224774   0.7163565727042054        213968   841.707  
7810.64   225487   0.7155841622997957        214511   869.094  
7815.81   226205   0.7167355044947133        215397   896.414  
7821      226880   0.7161939347797743        215944   852.764  
7826.21   227612   0.7171088843837282        216803   848.67   
7831.43   228472   0.7186413583638336        217895   840.481  
7836.68   229853   0.7198580761564094        219430   815.068  
7841.95   231236   0.7207388764984419        220909   833.33   
7847.23   232973   0.7190455059687576        222261   924.689  
7852.53   234505   0.7192722796722176        223764   875.916  
7857.85   236011   0.7186631856070972        225089   896.243  
7863.19   237411   0.719229594939804         226529   855.611  
7868.55   238579   0.7200177859296104        227790   846.472  
7873.93   239375   0.7203662273308266        228615   847.459  
7879.33   240216   0.7204613350281379        229436   873.785  
7884.75   241192   0.7214764876704316        230559   867.696  
7890.19   241838   0.722954185278938         231455   930.545  
7895.64   242463   0.7220906045368477        231890   942.7    
7901.11   243151   0.7222331086671688        232575   955.835  
7906.61   244027   0.7233905633489772        233633   968.964  
7912.12   244038   0.7260643343750067        234152   843.117  
7917.65   245120   0.7241996993031711        234834   886.725  
7923.2    244663   0.7252897397150497        234604   940.425  
7928.77   245926   0.7250545417861426        235770   936.349  
7934.36   246657   0.7265955030997906        236767   908.922  
7939.97   245150   0.7297759316591087        235928   944.265  
7945.6    248214   0.7298910206828753        238899   924      
7951.24   249063   0.7285609908028291        239458   927.049  
7956.91   248645   0.729948693383809         239325   924.96   
7962.59   250302   0.7296057542053473        240853   951.3    
7969.46   251123   0.732262981232589         242163   968.488  