# XDI/1.0 
# Spectrum.license:CC0-4.0
# Contact.author.name:Industrial Science Group
# Contact.author.affiliation:Canadian Light Source
# Sample.reference:
# ScanParameters.E0:
# Sample.temperature:r.t
# Sample.prep:powder, 500 um
# Facility.name:CLS
# Facility.energy:2.90 GeV
# Facility.xray_source:Bending magnet
# Beamline.name:IDEAS
# Beamline.scan_mode:Transmission
# Beamline.detector:Ionization chamber
# Beamline.energy_range:1800 - 13000
# Beamline.flux:5E10-7E11 ph/s
# Mono.name:InSb(111), Ge(220)
# Scan.start_time:2022-03-20
# Sample.name:olivine
# Sample.id:aw4rkf
# Element.symbol:Fe
# Element.edge:"K:7112"
# Column 1:Energy
# Column 2:I0
# Column 3:Itrans
# Column 4:Irefer
# Column 5:Mutrans


# Energy  I0        Itrans    Irefer    Mutrans               
6912      1014080   907515    864933    0.8891060998273792    
6922      1071540   963358    911135    0.8847589299135181    
6932      1075900   978650    926333    0.8737128788387918    
6942      1075130   988184    936116    0.8638741659925764    
6952      1078930   1003060   951103    0.8530878639894143    
6962      1081640   1016860   964939    0.8425453332215073    
6972      1070010   1014440   963417    0.834580729589667     
6982      1062790   1016760   966646    0.8260234550902901    
6992      1060730   1025380   975489    0.8162116104110165    
7002      1061890   1038210   988953    0.8054930258421307    
7012      1062910   1051300   1002820   0.7945594282301005    
7022      1057360   1056180   1008680   0.7852352522881648    
7032      1057010   1067940   1021170   0.7744578951228526    
7042      1057140   1075460   1027340   0.7679427767800565    
7052      1057350   1093550   1048610   0.7523662864874693    
7062      1056650   1104880   1060570   0.7419993676930199    
7072      1046760   1107160   1064830   0.7311640869845377    
7082      1059380   1133530   1089160   0.7202446647350871    
7082.5    1058860   1133400   1089110   0.719889060115827     
7083      1059050   1134330   1089950   0.7192834894103746    
7083.5    1059620   1135730   1091280   0.7186263256019622    
7084      1060150   1137140   1092320   0.7179263569833159    
7084.5    1060770   1138880   1093990   0.7170339145065701    
7085      1061540   1140150   1095220   0.7166663986616691    
7085.5    1062230   1141580   1096630   0.7160959216349565    
7086      1063330   1143720   1098480   0.7153041408270352    
7086.5    1064280   1145920   1100570   0.7143319870659219    
7087      1064840   1147260   1101800   0.7137246560705756    
7087.5    1066230   1149610   1103810   0.7130236606507088    
7088      1068230   1152660   1106940   0.7122907271157154    
7088.5    1069160   1154590   1108680   0.7115320713775529    
7089      1069110   1155140   1108900   0.711037797766058     
7089.5    1069510   1156400   1110120   0.7103610382394154    
7090      1069330   1157020   1110410   0.7096954216924789    
7090.5    1069560   1157790   1111170   0.7092699443005669    
7091      1069360   1158050   1111090   0.7088810080034003    
7091.5    1069400   1158660   1111710   0.7084186855213365    
7092      1068480   1158100   1110890   0.7080621822549776    
7092.5    1067710   1157910   1110730   0.7075359456437432    
7093      1066360   1156700   1109340   0.7073283599417999    
7093.5    1065060   1155680   1108210   0.7070092766941374    
7094      1063580   1154530   1106840   0.7066360017166005    
7094.5    1062620   1153810   1106030   0.7063721487308402    
7095      1061600   1153340   1105200   0.7058496081252637    
7095.5    1060670   1152690   1104400   0.7055541090966325    
7096      1060280   1152730   1104100   0.7051737635481826    
7096.5    1060280   1153160   1104230   0.7048212994632674    
7097      1059260   1152320   1102810   0.7046003708084361    
7097.5    1058360   1151660   1101830   0.7043385074776176    
7098      1057750   1150530   1100170   0.7047213894364208    
7098.5    1056400   1148020   1096840   0.7055784341998187    
7099      1055860   1145850   1093340   0.7068832644042304    
7099.5    1055530   1144770   1091380   0.7074790109112808    
7100      1054210   1144040   1090630   0.7068992667684553    
7100.5    1053330   1144740   1090930   0.7055319899699204    
7101      1052520   1144070   1089800   0.7053582627499672    
7101.5    1051550   1143590   1088500   0.7048834884523322    
7102      1050710   1143230   1088030   0.7044258077697986    
7102.5    1049890   1144130   1088360   0.7029442873092614    
7103      1049460   1144940   1088330   0.7018883241789475    
7103.5    1048390   1144560   1086840   0.7012379953786491    
7104      1047910   1144650   1085660   0.7007309006970027    
7104.5    1047220   1144220   1083850   0.7004635089612283    
7105      1046630   1143420   1081330   0.70059189934639      
7105.5    1046010   1142920   1079140   0.7004452533230016    
7106      1045810   1143560   1077240   0.6997354887461886    
7106.5    1045140   1143140   1074130   0.699477002833168     
7107      1045200   1143100   1070540   0.6995643244384558    
7107.5    1044780   1142430   1065500   0.6997385724271576    
7108      1044380   1141280   1058460   0.7003284768831853    
7108.5    1043760   1140620   1050630   0.7003139565580369    
7109      1043410   1140360   1039370   0.700212448522646     
7109.5    1043280   1140220   1026800   0.700210725260364     
7110      1043150   1139960   1006240   0.7003084788228354    
7110.5    1043070   1138810   982036    0.7011898544159945    
7111      1042870   1135830   945563    0.7034848492431585    
7111.5    1042500   1131180   896749    0.7070263998217374    
7112      1042310   1127460   837156    0.709967160425079     
7112.5    1041820   1123750   785855    0.7126376727308943    
7113      1040860   1119420   741366    0.7154149148376074    
7113.5    1040280   1116560   708029    0.717305750051911     
7114      1039510   1113960   676724    0.7188091709132279    
7114.5    1039070   1110210   653424    0.7215958238665418    
7115      1037900   1105890   633413    0.7242156026418504    
7115.5    1037750   1104920   619759    0.7249082995435003    
7116      1036660   1101910   607672    0.7264931445772641    
7116.5    1036600   1100000   598563    0.7280779734517878    
7117      1035940   1095560   587882    0.7312983577198692    
7117.5    1035180   1088280   575782    0.7369056042226675    
7118      1034180   1080750   559890    0.7425539263010066    
7118.5    1033640   1071470   543836    0.7502101751188304    
7119      1032920   1056320   523334    0.7630095204584171    
7119.5    1032740   1041140   503678    0.7765243323601149    
7120      1032640   1023990   483729    0.7921296399793725    
7120.5    1032440   1005710   465888    0.8089697815988589    
7121      1031900   990453    450480    0.822921991459252     
7121.5    1031100   976571    437668    0.8355283865716928    
7122      1030900   960636    425539    0.8508929270521196    
7122.5    1030360   943695    414354    0.8672126188900422    
7123      1029450   928857    405862    0.8813549645521604    
7123.5    1028730   912184    398363    0.8978115314553359    
7124      1027780   897164    392495    0.9126291210495651    
7124.5    1026610   879760    386983    0.9300657837585482    
7125      1024960   863271    382639    0.9464264556316724    
7125.5    1021630   845684    378154    0.962802950520091     
7126      1019000   830796    374810    0.9771524580861342    
7126.5    1018850   821168    372299    0.9880293712056007    
7127      1021960   815879    369971    0.9970162994633339    
7127.5    1027040   817350    368426    1                     
7128      1030480   821590    366438    0.9982703186037201    
7128.5    1032080   825922    364828    0.9947666568717063    
7129      1033410   832651    363247    0.9883153468657239    
7129.5    1034190   839678    361485    0.9810862776355901    
7130      1034430   845563    360034    0.9747051514369564    
7130.5    1034320   852054    358625    0.9673776347807026    
7131      1034860   858498    358218    0.9607504686979912    
7131.5    1035150   864976    358257    0.9539109321761686    
7132      1034720   872196    358464    0.945662632420056     
7132.5    1034800   880030    359217    0.937285217559457     
7133      1035100   889723    360857    0.9272069050724914    
7133.5    1035630   897823    362738    0.9191259022698588    
7134      1035280   903615    364282    0.9127293696117386    
7134.5    1035630   910140    366253    0.9062491269640288    
7135      1036450   915479    368178    0.9014695186842533    
7135.5    1036910   920217    369955    0.8970104284612451    
7136      1036820   922328    370266    0.8947629122965716    
7136.5    1037030   923370    369438    0.8938872376375085    
7137      1037830   925874    369467    0.8920566758772536    
7137.5    1038700   929223    370117    0.8894363718998355    
7138      1038920   930129    370874    0.8887155324355462    
7138.5    1039200   931219    372545    0.8878633615218849    
7139      1039460   931676    372662    0.8876361023561238    
7139.5    1039490   930658    372158    0.8886965554210787    
7140      1040170   930366    371864    0.8896111363325822    
7140.5    1040430   930610    371259    0.889599512129667     
7141      1040870   931734    371074    0.8888583388724549    
7141.5    1041180   933388    370669    0.8874636073629218    
7142      1041010   934683    370403    0.8859990184540186    
7142.5    1041360   937219    370486    0.8837560453484347    
7143      1041610   939764    370774    0.8814201088625682    
7143.5    1041250   941787    370792    0.8790612317281656    
7144      1041170   944136    371016    0.8766344150082079    
7144.5    1041170   946517    371057    0.8742541090026179    
7145      1041240   949370    371277    0.8714733494972025    
7145.5    1040860   951489    371105    0.8690213826543027    
7146      1040360   953771    371290    0.8663034532938739    
7146.5    1039570   955413    370497    0.863959966284959     
7147      1039070   957288    369962    0.8616524718319867    
7147.5    1038790   959197    369190    0.8595150535244878    
7148      1038640   961458    368351    0.8571535468481091    
7148.5    1038820   964079    367168    0.8547445464964417    
7149      1037810   964160    364735    0.8537458696973441    
7149.5    1037740   965664    363345    0.8522090818585866    
7150      1037250   967660    363268    0.8498113662295711    
7150.5    1036120   968877    363345    0.8475934311441838    
7151      1035470   969412    363241    0.8464786774016678    
7151.5    1034510   968732    362190    0.8462652443844999    
7152      1033270   967275    361326    0.846554246572794     
7152      1031920   965916    361028    0.8466474095165719    
7153.24   1037420   968858    361210    0.8487969576313504    
7154.51   1041380   968076    360163    0.8531605926899377    
7155.79   1044020   968002    363415    0.8556255989276254    
7157.09   1046590   966863    364694    0.859061761830508     
7158.41   1048720   966180    365361    0.8616509833270325    
7159.75   1050390   965577    366011    0.8637446982287106    
7161.11   1052550   965352    366547    0.8659063273253407    
7162.49   1053170   963144    366162    0.8686268824371653    
7163.88   1054760   962132    366684    0.8710460861426615    
7165.3    1056940   961325    366912    0.8737903257214277    
7166.73   1059350   959500    366380    0.8777385550699889    
7168.19   1062930   955734    361300    0.8846434879715936    
7169.66   1067400   961581    368512    0.8828454027289273    
7171.15   1071940   967011    372503    0.8815348446312452    
7172.66   1076090   972705    374983    0.8796381576596308    
7174.19   1079270   978366    377214    0.8769426869387217    
7175.74   1081330   983320    379142    0.8739715524243665    
7177.31   1082400   987080    380845    0.8712994641145237    
7178.9    1085540   992643    382912    0.8687258726568867    
7180.5    1090120   999594    385502    0.8661100761091736    
7182.13   1091510   1003100   385860    0.8640054387054743    
7183.77   1089890   1003060   383479    0.8626394554171711    
7185.44   1088770   1004510   381036    0.8603026407511157    
7187.12   1091560   1010260   379728    0.8573270397128407    
7188.82   1096830   1018030   379013    0.854638060875215     
7190.54   1103160   1026280   378371    0.8524487198610703    
7192.28   1109000   1032670   376279    0.8515725186636878    
7194.04   1114210   1035690   370986    0.8532421725803595    
7195.82   1120510   1042630   370787    0.852259139873366     
7197.61   1126760   1049140   370363    0.85163342671902      
7199.43   1132880   1065160   385162    0.8424310579547825    
7201.27   1138380   1073410   390224    0.8397165534992372    
7203.12   1143900   1081320   395279    0.8373494452318819    
7204.99   1149480   1088520   399610    0.8356764519477604    
7206.88   1155170   1095610   403698    0.8342074113907532    
7208.8    1161370   1102880   406538    0.8330158625320573    
7210.73   1169720   1112190   407386    0.8318420690425141    
7212.67   1180010   1123020   406463    0.8309613468343724    
7214.64   1191540   1134970   403228    0.8301476028862841    
7216.63   1200890   1145250   400308    0.8290131884275889    
7218.64   1208110   1153250   396917    0.8280994349506378    
7220.66   1214800   1162060   396644    0.8261262172750249    
7222.71   1221880   1171750   398085    0.8237703354225938    
7224.77   1229470   1182110   401830    0.8213036653673087    
7226.85   1236920   1192740   407085    0.8185526540639481    
7228.95   1245370   1205370   414792    0.8150322120235017    
7231.07   1254060   1218180   423466    0.811613251518793     
7233.21   1263580   1231610   432524    0.8083985292410536    
7235.37   1270770   1242160   440426    0.8056999478417726    
7237.55   1277850   1251570   446047    0.8038183511401532    
7239.75   1284320   1259300   449152    0.8027723403702076    
7241.96   1291020   1266610   450120    0.8022196550299909    
7244.2    1297750   1273670   449754    0.8018803208877501    
7246.45   1302390   1276920   445109    0.8028448498141075    
7248.73   1309080   1285860   445961    0.8010934212230313    
7251.02   1316740   1295750   446537    0.7993663051960398    
7253.33   1324170   1306780   449081    0.7966733320979811    
7255.66   1332200   1318270   452357    0.7941138406391051    
7258.01   1344630   1334710   457184    0.7911779491603594    
7260.38   1357880   1351760   461340    0.78844899350104      
7262.77   1367520   1363180   461856    0.7871840074414449    
7265.17   1378730   1376340   462798    0.7858196463681068    
7267.6    1387220   1387740   463836    0.7838258131500764    
7270.04   1394580   1397150   463405    0.782440017044353     
7272.51   1402170   1407570   462293    0.7805474363281718    
7274.99   1411090   1419160   461431    0.7787906677096013    
7277.49   1420630   1431800   460948    0.7767784030490865    
7280.01   1432170   1448680   463631    0.7733478116205866    
7282.55   1443630   1466000   465117    0.7696481204070801    
7285.11   1449840   1477330   463853    0.7664289284540661    
7287.69   1454290   1486880   461833    0.7632356436958169    
7290.29   1458280   1495160   458888    0.7605768295770596    
7292.9    1464440   1507470   461924    0.756811496568847     
7295.54   1468560   1517400   466544    0.7532617140898761    
7298.19   1469610   1522820   470142    0.7505675598872217    
7300.86   1464050   1518420   470466    0.7497199130218564    
7303.56   1457820   1511500   468210    0.7500066285960065    
7306.27   1451050   1505620   467336    0.7492912488914207    
7309      1448880   1504610   466103    0.7485110690645694    
7311.75   1456310   1515840   468318    0.746317590567656     
7314.52   1474260   1540200   475103    0.7428282680758296    
7317.3    1494970   1567660   482584    0.7393109671686263    
7320.11   1511230   1590300   488581    0.735983570204809     
7322.94   1523930   1608660   492950    0.7330442544441029    
7325.78   1533670   1622530   494370    0.7309518242498053    
7328.64   1541590   1635920   497614    0.7280525205318288    
7331.53   1542990   1639700   496197    0.7267292420692698    
7334.43   1536140   1633470   490986    0.7261219486555205    
7337.35   1531200   1629870   487261    0.7251630009328432    
7340.29   1539360   1642660   489474    0.7227988455270444    
7343.25   1552950   1661820   493053    0.7201461777666122    
7346.23   1567980   1684210   495547    0.7166009107600345    
7349.23   1587950   1712910   499315    0.7125926134262245    
7352.24   1605080   1739840   502529    0.7079904510688243    
7355.28   1615830   1759260   503806    0.7038086460997763    
7358.33   1607930   1757640   501491    0.7000474840589912    
7361.4    1531310   1677560   477634    0.6979755404387227    
7364.5    1596680   1750050   481073    0.697501969048178     
7367.61   1625940   1786570   482078    0.6951454054878919    
7370.74   1618380   1781950   476490    0.693188063287426     
7373.89   1612430   1780880   476189    0.6902748083081135    
7377.06   1592030   1764170   476667    0.687151296416648     
7380.25   1514630   1689730   474997    0.680793776758382     
7383.45   1598440   1777870   486888    0.6836380981769811    
7386.68   1613410   1798070   492999    0.6817706303451396    
7389.92   1620100   1811990   497716    0.6783931170784904    
7393.19   1632260   1831110   497582    0.6755400383966418    
7396.47   1645870   1857460   506966    0.6698847992470042    
7399.77   1648900   1869180   509891    0.6656787672597225    
7403.09   1592100   1813370   499305    0.6611976593068362    
7406.43   1658220   1893140   510916    0.658968289785556     
7409.79   1675830   1916880   510611    0.6571743845190323    
7413.17   1663520   1905120   502352    0.6560225002037203    
7416.57   1645470   1886920   492962    0.6547838669930645    
7419.98   1619160   1862180   485545    0.652023813350559     
7423.42   1514050   1751590   467651    0.6464523447805383    
7426.87   1611080   1858030   471433    0.6494044387948689    
7430.35   1622920   1874130   468899    0.6481706463412066    
7433.84   1631420   1891690   472152    0.6442938108551463    
7437.35   1635280   1900910   471449    0.6419322552797507    
7440.88   1653730   1932360   477970    0.6370274095221096    
7444.43   1682080   1978500   488377    0.6307908818202025    
7448      1700280   2009500   492423    0.6262686901034124    
7451.59   1707660   2024420   491511    0.6233709424087382    
7455.2    1702240   2022980   486044    0.6210391120566313    
7458.82   1678160   1997280   471783    0.6196577707584013    
7462.47   1652460   1969240   457548    0.6184345966686683    
7466.13   1640700   1960080   451303    0.616091141909074     
7469.82   1638700   1964240   451213    0.6129348162574679    
7473.52   1635350   1966880   450820    0.6097315443380265    
7477.24   1632660   1972070   452720    0.6056853261460445    
7480.98   1630310   1974090   452320    0.6033565460806455    
7484.74   1625080   1974160   450859    0.6002864606296088    
7488.52   1606630   1955710   443752    0.5983693924786512    
7492.31   1592550   1943050   438209    0.596188294431224     
7496.13   1585600   1941780   436624    0.5926729001889556    
7499.97   1585850   1948730   436266    0.5894454171662483    
7503.82   1589560   1961080   436298    0.5856834015224701    
7507.7    1592880   1975060   435818    0.5809420969553729    
7511.59   1580880   1965200   428240    0.5785253305742056    
7515.5    1559440   1943530   417614    0.5760996151972546    
7519.43   1554460   1944030   415091    0.5728337147407349    
7523.38   1552330   1949420   414220    0.5689212579550235    
7527.35   1547970   1951920   411997    0.5650519907625773    
7531.34   1545770   1957760   410437    0.5608846149087335    
7535.35   1541060   1959270   407431    0.5572719997140633    
7539.37   1545370   1973270   408398    0.5531825417270677    
7543.42   1550420   1989430   411832    0.5485578405642204    
7547.48   1571240   2029570   422692    0.5422859868516582    
7551.56   1587900   2062030   429927    0.5372585881865285    
7555.67   1596660   2082470   430860    0.5331360929336164    
7559.79   1588690   2081750   427301    0.5287337009877959    
7563.93   1571000   2065480   418064    0.5255666698114978    
7568.09   1555340   2052660   410500    0.521982985410829     
7572.27   1553220   2059460   410662    0.517568394511259     
7576.46   1558980   2078140   415742    0.5125332747499909    
7580.68   1577980   2114980   425526    0.5073748996647071    
7584.92   1579100   2126520   430224    0.5029029509331858    
7589.17   1581150   2139760   434285    0.4982632573168451    
7593.45   1579050   2147270   435833    0.4936961831454174    
7597.74   1567540   2141080   432357    0.4895105587884117    
7602.05   1551520   2127670   426711    0.48574025576174973   
7606.38   1538700   2119840   422468    0.48138326941535853   
7610.73   1532000   2119940   421127    0.47721464707129263   
7615.1    1531620   2129310   422279    0.472812347105008     
7619.49   1517920   2120390   419986    0.46828832195562214   
7623.9    1517220   2129460   420867    0.46381855820293955   
7628.32   1511960   2132530   418986    0.4591750221551778    
7632.77   1514990   2147440   420975    0.4544825150354379    
7637.23   1521170   2167410   425229    0.44958192374697015   
7641.72   1535220   2199460   433459    0.4443982730619928    
7646.22   1535030   2210440   436233    0.43957522364025536   
7650.74   1522970   2202820   433660    0.4353845711974795    
7655.28   1514230   2200870   432929    0.4307824628815693    
7659.84   1506040   2199540   431305    0.4262283777809334    
7664.42   1501870   2204380   431086    0.4215307835438702    
7669.02   1500490   2213400   431273    0.4168029025390761    
7673.63   1504800   2231420   433374    0.4118507608977738    
7678.27   1518140   2264420   439195    0.4063178693437769    
7682.92   1527040   2290040   443195    0.40120957914104804   
7687.6    1523800   2296970   442955    0.39634674218044735   
7692.29   1510560   2287810   439563    0.3918757679168793    
7697      1510530   2299810   442313    0.386912983684247     
7701.74   1508470   2308190   444414    0.3821859855764199    
7706.49   1518370   2336690   451293    0.3767706276139432    
7711.25   1534340   2374920   460285    0.3713220104805807    
7716.04   1534740   2387550   463312    0.36655582006779625   
7720.85   1540250   2409190   468539    0.36141559558240793   
7725.68   1539600   2420700   471595    0.35651242654611      
7730.52   1531700   2418750   471167    0.35241229108979266   
7735.39   1517940   2408800   467775    0.3477797505082195    
7740.27   1521630   2427920   471438    0.34260252842797007   
7745.17   1542700   2476950   482309    0.3367044292254636    
7750.1    1546970   2497090   486661    0.33166349384350613   
7755.04   1534030   2488670   483560    0.3269171698345915    
7760      1503310   2449600   473322    0.3227540047057582    
7764.97   1471050   2407220   463110    0.3187463094278734    
7769.97   1425450   2341690   448294    0.3150708055639743    
7774.99   1387600   2288870   436687    0.3111986764619387    
7780.03   1360320   2253130   428873    0.30730716225528776   
7785.08   1356620   2257220   429647    0.3030192216328851    
7790.16   1369780   2292980   437389    0.29728797898010356   
7795.25   1376820   2317790   444081    0.2919621333012238    
7800.36   1371850   2322260   445857    0.2867237163667063    
7805.49   1374090   2336130   446783    0.28263791854939685   
7810.64   1377070   2355980   451952    0.27668910663041324   
7815.81   1393590   2398870   460151    0.2709092549856507    
7821      1409890   2439370   468573    0.2660767579881605    
7826.21   1420470   2471210   474713    0.2608865555965013    
7831.43   1421360   2487240   478053    0.2553680319191355    
7836.68   1414220   2486420   477794    0.2509203595093345    
7841.95   1413250   2495960   478260    0.24665286543273418   
7847.23   1422420   2529610   487495    0.2401092546733692    
7852.53   1420760   2538890   490531    0.23554509216087122   
7857.85   1412760   2536850   490391    0.2309683279748586    
7863.19   1427490   2577560   497528    0.2257255265946047    
7868.55   1416600   2572600   496583    0.2203086215257049    
7873.93   1384790   2524230   486894    0.21678345495021442   
7879.33   1370000   2510580   484455    0.21176003904063212   
7884.75   1362160   2510330   484805    0.20643044474403072   
7890.19   1347370   2494500   481739    0.20209150953632266   
7895.64   1327660   2470380   475710    0.19734714200299205   
7901.11   1303130   2438200   471115    0.19211438960729024   
7906.61   1298270   2442780   472541    0.18680970150946388   
7912.12   1303540   2467190   478065    0.18124138418716734   
7917.65   1300770   2475740   480048    0.17596163886361277   
7923.2    1290380   2469740   479637    0.17067579310920272   
7928.77   1290360   2483920   484037    0.16525066011312772   
7934.36   1301870   2520460   490827    0.15984211370837476   
7939.97   1312740   2554620   495762    0.15497775320568538   
7945.6    1313290   2570840   498729    0.14939219698894843   
7951.24   1298810   2556250   495449    0.14429305851222482   
7956.91   1292700   2558250   495631    0.13909764689235515   
7962.59   1299440   2585460   500722    0.13401359412835237   
7968.29   1298090   2597310   502672    0.12870968615184672   
7974.02   1268060   2549030   491136    0.1243224023991159    
7979.76   1232660   2487700   474126    0.12058053959774175   
7985.52   1228910   2500810   487312    0.11273385279630845   
7991.3    1240310   2538190   493655    0.10743892551890097   
7997.09   1237070   2544710   494595    0.10254249238255068   
8002.91   1239160   2563800   497973    0.09707463081691522   
8008.75   1233190   2564000   498014    0.09243686289375878   
8014.6    1226070   2561980   496749    0.08770949945723622   
8020.48   1225360   2571970   493997    0.08348417982552547   
8026.37   1224750   2591310   508272    0.07593385606360258   
8032.28   1213260   2580850   506833    0.0708484897732515    
8038.22   1192170   2549440   501879    0.06584851048690175   
8044.17   1215710   2614790   512990    0.06040788443071778   
8050.14   1208630   2614510   513558    0.05498925556635728   
8056.12   1212740   2638080   519140    0.049715964003761784  
8062.13   1216210   2661620   525089    0.04402073407902345   
8068.16   1220510   2685570   531267    0.03889034071799163   
8074.21   1215800   2690240   532979    0.03359435268831744   
8080.27   1214470   2701710   536064    0.028539253553022604  
8086.35   1206460   2700450   538373    0.02272640335637595   
8092.46   1182720   2662150   533187    0.01744430613412622   
8098.58   1174370   2658290   533192    0.012119864475378755  
8104.72   1178600   2683600   538556    0.006562345950790971  
8112.14   1180480   2706610   544644    0                     