# XDI/1.0 
# Spectrum.license:CC BY 4.0
# Publication.authors: Peter Blanchard, Miranda Vu, Joel Reid, Erika Bergen, Jeff Warner
# Publication.affiliation: Canadian Light Source
# Facility.name:CLS
# Sample.temperature:r.t
# Sample.prep:powder, 500 um
# Publication.DOI: https://doi.org/10.20383/103.01329
# Sample.name:Lithium Iron (II) Phosphate
# Scan.number:2
# Sample.id:498e7h
# Scan.start_time:2023-06-2
# Element.symbol:Fe
# Facility.energy:2.90 GeV
# Facility.xray_source:Bending magnet
# Beamline.name:IDEAS
# Beamline.scan_mode:Transmission
# Beamline.website:https://ideas.lightsource.ca/
# Beamline.detector:Ionization chamber
# Beamline.energy_range:1.8 - 13.0
# Beamline.flux:5E10-7E11 ph/s
# Mono.name:InSb(111), Ge(220)
# Element.edge:K
# Column.1:Energy
# Column.2:I0
# Column.3:Itrans
# Column.4:Irefer
# Column.5:Mutrans
# Energy  I0        Itrans    Irefer    Mutrans               
6912      1126540   491874    568907    0.3147200620705392    
6922      1128180   497762    578008    0.30433517176438224   
6932      1131750   506213    590351    0.29073745007841617   
6942      1133780   513211    600256    0.2788683900459845    
6952      1137210   518923    609877    0.2708667716096844    
6962      1139200   525851    619678    0.2594187216522337    
6972      1140710   531418    628493    0.25026508525933655   
6982      1143770   538799    638482    0.23921403791435333   
6992      1145800   547042    649737    0.22588114153459754   
7002      1146840   555322    660599    0.21184672950116612   
7012      1149200   560656    669244    0.20438603864614235   
7022      1151540   565265    676724    0.1982683031245373    
7032      1154090   570904    686659    0.19059806287648068   
7042      1155760   578657    698239    0.17862421809410522   
7052      1156710   587317    710388    0.16467145373140724   
7062      1158000   594064    720379    0.1544227781359029    
7072      1159560   598765    728492    0.1479243295731261    
7082      1162390   605536    738404    0.1391675867933871    
7082.5    1162220   605444    738387    0.1391732361969039    
7083      1162420   605849    738752    0.1386794446475016    
7083.5    1162400   605669    738625    0.13895778282292282   
7084      1162290   605807    738782    0.13863717296050262   
7084.5    1162300   606042    739016    0.13826011253275095   
7085      1162530   606541    739384    0.13763852221233697   
7085.5    1162680   606610    739804    0.1376537019776577    
7086      1162570   606822    740054    0.13721221068116227   
7086.5    1162400   607012    740392    0.13675554636526038   
7087      1162670   607401    740696    0.13634949874977323   
7087.5    1162740   607110    740537    0.13688581758925758   
7088      1162910   607552    741157    0.13630757121618345   
7088.5    1162880   608195    741949    0.13523019649523305   
7089      1163010   608816    742682    0.13432665560675994   
7089.5    1162850   608765    742615    0.13427315308605967   
7090      1163160   608866    742490    0.1343732313011757    
7090.5    1163210   608870    742490    0.13440943849350134   
7091      1163190   608902    742525    0.13434008921337426   
7091.5    1163110   609014    742571    0.13408883770350316   
7092      1163300   609620    743324    0.13326238608301255   
7092.5    1163320   609557    743174    0.1333822361128893    
7093      1163400   609965    743646    0.13278532779594143   
7093.5    1163390   610361    744130    0.1321314933981588    
7094      1163680   610941    744682    0.13143494200418193   
7094.5    1163520   610569    744248    0.13190381778545526   
7095      1163720   610904    744446    0.1315293352806528    
7095.5    1163720   611009    744519    0.13135845838487556   
7096      1163670   611338    744735    0.13078051381483788   
7096.5    1163680   611304    744663    0.13084435661364546   
7097      1163570   611509    744580    0.13041699485560593   
7097.5    1163810   611743    744319    0.13024165906526186   
7098      1163910   612214    744506    0.1295618628147844    
7098.5    1163640   612190    744424    0.12937016670070617   
7099      1163880   613152    745318    0.12801403600140257   
7099.5    1163980   613329    745379    0.12781248273196089   
7100      1164030   613911    745705    0.12691215666558314   
7100.5    1163790   613997    745568    0.12656786368170417   
7101      1164160   614082    745110    0.1267462841094664    
7101.5    1164340   614501    745235    0.12622182591845482   
7102      1164190   614630    745075    0.12588502586007358   
7102.5    1164120   614428    744373    0.12615206448919347   
7103      1163950   613803    743188    0.12701874999438856   
7103.5    1164080   613949    742960    0.12689332219851876   
7104      1164230   613888    742179    0.12712022509695017   
7104.5    1164340   613929    741448    0.1271477598026091    
7105      1164320   613791    740366    0.1273541997837147    
7105.5    1164330   613200    738661    0.12832055166680892   
7106      1164610   612774    737014    0.1292506021735604    
7106.5    1164370   611864    734850    0.1305233223826678    
7107      1164540   611613    732821    0.13107643188659107   
7107.5    1164560   610762    729756    0.13247790083770547   
7108      1164690   609708    725748    0.13430619215017808   
7108.5    1164830   608319    720557    0.1366933698337389    
7109      1164780   606310    713080    0.1399397442639366    
7109.5    1164690   604073    702984    0.14353809098170178   
7110      1164830   601092    686435    0.14857630262400237   
7110.5    1164740   597160    662873    0.15502478920706314   
7111      1164910   592235    628812    0.16340401282893258   
7111.5    1164830   587013    588552    0.1721415306077204    
7112      1165060   582014    536863    0.18084129156589931   
7112.5    1164870   578890    494983    0.18603031769030326   
7113      1165180   578068    463655    0.18770770755004934   
7113.5    1165230   576903    442720    0.18975618041211476   
7114      1165200   575004    424741    0.1930088331408725    
7114.5    1165150   573525    410285    0.19552687927090634   
7115      1164940   570443    397621    0.20070506237970467   
7115.5    1165000   566079    389307    0.20839187409777757   
7116      1165090   558622    381901    0.22165330592223306   
7116.5    1165310   549551    375633    0.23811868010874424   
7117      1165280   536333    367722    0.2622999228627295    
7117.5    1165140   519856    357284    0.293205052548152     
7118      1166990   499294    342912    0.3349079998609309    
7118.5    1166960   475132    325569    0.3842006580956972    
7119      1167210   448249    306963    0.4423236812687118    
7119.5    1166930   421935    289810    0.5022360954434324    
7120      1166970   392071    270923    0.5752578745451796    
7120.5    1166990   369015    256462    0.6355332963806339    
7121      1167300   347747    243068    0.6948193247716329    
7121.5    1167020   331490    233197    0.7421840229932752    
7122      1167320   317435    225113    0.7855159026398938    
7122.5    1167280   304707    218351    0.8261697602353107    
7123      1167270   294161    213092    0.8611828347697548    
7123.5    1167190   284259    208612    0.8951599277692829    
7124      1167250   276953    205494    0.9210998174797381    
7124.5    1167620   270429    202861    0.9451165722695937    
7125      1167640   265370    200753    0.9639099029433917    
7125.5    1167480   260924    198655    0.9805727381208162    
7126      1167580   258427    197331    0.9902187205730083    
7126.5    1167480   256749    195924    0.9966105351472776    
7127      1167520   255884    194494    1                     
7127.5    1167540   256290    193609    0.9984407173183922    
7128      1167740   258129    192545    0.9915021460028538    
7128.5    1167680   260765    191595    0.9813491168922114    
7129      1167840   265066    190733    0.9652198516843241    
7129.5    1167610   268220    190184    0.9532631067936487    
7130      1167810   271821    189742    0.9401735952086592    
7130.5    1167880   275106    189164    0.9282893075737801    
7131      1167630   277705    188770    0.9187274057808312    
7131.5    1168060   279850    188788    0.911443238012436     
7132      1167830   282097    189052    0.903296025416023     
7132.5    1167990   284582    189664    0.8947120384185963    
7133      1167700   287444    190609    0.8845158569574071    
7133.5    1168010   290370    191719    0.8747098996546631    
7134      1168040   292442    192487    0.8676657947917708    
7134.5    1168120   293847    192073    0.8629684866413152    
7135      1168240   295447    192503    0.8576714971865894    
7135.5    1168160   297732    195279    0.8499432644745364    
7136      1168310   299246    196585    0.845027766833074     
7136.5    1168170   300171    197197    0.8418399651483234    
7137      1168100   300956    197601    0.8391835869423944    
7137.5    1168250   301571    197465    0.8372815508359932    
7138      1168320   302456    197848    0.8344275805376016    
7138.5    1168460   303232    197837    0.8319990226265603    
7139      1168350   304143    197637    0.8289228090324402    
7139.5    1168370   304848    197426    0.8266377894774644    
7140      1168610   305751    197101    0.8239012003104372    
7140.5    1168460   306852    196885    0.8201996650344585    
7141      1168620   308013    196807    0.8165809992677088    
7141.5    1168510   309015    196554    0.8132581866319902    
7142      1168670   310181    196631    0.8096497207912218    
7142.5    1168730   311142    196594    0.8066250893539503    
7143      1168900   312120    196718    0.8036493553979153    
7143.5    1169190   313070    197161    0.8008743351732397    
7144      1169270   313932    197390    0.7982085251575067    
7144.5    1168930   314560    197446    0.7959323855873947    
7145      1168960   315276    197583    0.7936973217664376    
7145.5    1169000   316073    197696    0.7912210565101804    
7146      1169210   317076    197673    0.7882495129581868    
7146.5    1169030   317944    197376    0.7853783238648765    
7147      1169200   319008    197190    0.7822011290493109    
7147.5    1169210   319977    196901    0.7791940742248782    
7148      1169580   321089    196548    0.7760593177697762    
7148.5    1169160   322341    196069    0.7718328590511828    
7149      1169490   323194    195358    0.769485828428079     
7149.5    1169530   323969    194242    0.7671384884759793    
7150      1169480   324836    194520    0.7644386869817539    
7150.5    1169570   325680    194628    0.7619352043179999    
7151      1169700   326354    194578    0.7599901817217667    
7151.5    1169880   326738    194346    0.7589739672424843    
7152      1169630   326946    194315    0.7581287252823581    
7152.5    1169790   326963    194177    0.7582130304684627    
7153      1170040   327114    194139    0.7579664230645525    
7153.5    1169840   327023    194037    0.7580730885907989    
7154      1170040   326726    193645    0.7591464573389312    
7154.5    1170020   326007    191981    0.7613198838807251    
7155      1169920   325704    191204    0.7621594333424645    
7155.5    1169900   326143    193171    0.7608032118982387    
7156      1170120   326042    194013    0.7612981203812187    
7156.5    1170100   325598    194158    0.7626360333686346    
7157      1170210   325010    194345    0.7645266826701147    
7157.5    1170220   324266    194597    0.7668138316827117    
7158      1170030   323671    194636    0.7684784613961422    
7158.5    1170270   322776    194638    0.771435505398313     
7159      1170380   321982    194698    0.7739777859910654    
7159.5    1170600   321547    194884    0.7755088386041596    
7160      1170580   320557    194854    0.7785577970523253    
7160.5    1170490   319726    194838    0.7810622048334409    
7161      1170600   318864    194888    0.7838398698180499    
7161.5    1170590   318288    194924    0.7856290622930047    
7162      1170850   317359    194908    0.7887561345482927    
7163.39   1178010   316788    196233    0.7966083203837019    
7164.8    1184960   316479    197508    0.8034273584594162    
7166.23   1192480   316933    198963    0.8082919705969164    
7167.67   1200000   317901    200336    0.8115101900833884    
7169.14   1207540   319294    201474    0.8133907330834256    
7170.63   1215010   320523    200162    0.8157027555486206    
7172.13   1222520   324982    204263    0.8080928470414593    
7173.65   1230240   330248    208283    0.7983697603777341    
7175.2    1238050   335597    210722    0.7886867049414465    
7176.76   1245680   342476    215754    0.7746212221086625    
7178.34   1253200   349181    219524    0.7613277172757673    
7179.94   1260580   355711    222852    0.7487437006580155    
7181.56   1268330   361194    225466    0.7396287655527005    
7183.19   1276480   365497    227076    0.7342222773690307    
7184.85   1285000   369504    228313    0.7299955700448062    
7186.53   1293540   373655    229010    0.7254742084001063    
7188.22   1302560   378114    229597    0.7205884522928266    
7189.93   1311510   382406    229897    0.7161743432358056    
7191.67   1320800   386554    230262    0.7124654837171616    
7193.42   1329800   390782    230937    0.7084015594883195    
7195.19   1338770   395105    232234    0.7041471123369232    
7196.98   1346580   398673    234429    0.7009920780502514    
7198.79   1354970   401568    237182    0.699973863188655     
7200.62   1366970   407049    240631    0.6952616302754298    
7202.46   1376620   410768    244535    0.693213037237867     
7204.33   1386360   414377    248414    0.6915255409522715    
7206.22   1395980   418026    252388    0.6896837812718848    
7208.12   1405690   421619    255425    0.6880662797390672    
7210.04   1415920   425603    256981    0.6859249073314035    
7211.99   1428000   430439    256473    0.6831377062018333    
7213.95   1438100   433969    254529    0.6820245703694338    
7215.93   1448430   437232    252005    0.6816930505281513    
7217.93   1458770   440211    249647    0.6820143915691619    
7219.95   1469530   443785    250629    0.6812815682323046    
7221.98   1479940   446638    251873    0.6819285520934852    
7224.04   1490940   450391    254653    0.6809716426201877    
7226.12   1502020   454484    259092    0.6793385145930362    
7228.21   1512730   458722    264319    0.6771744302993798    
7230.33   1523730   463340    270149    0.6744188577055431    
7232.46   1534590   467801    276348    0.6719531697203972    
7234.61   1545620   472743    282299    0.6686253195290806    
7236.78   1556960   477561    287490    0.6658116127222097    
7238.97   1567830   482253    291382    0.6630080929091567    
7241.18   1579240   486692    293670    0.66110765925791      
7243.41   1590700   491299    294946    0.6589292415122102    
7245.66   1602390   495677    295453    0.6573886128173505    
7247.92   1613790   500173    295592    0.6554593825036312    
7250.21   1625550   505013    297386    0.6531035962103381    
7252.51   1637460   509612    299670    0.6513482725308192    
7254.84   1649820   513634    303052    0.6510088611705982    
7257.18   1662460   517513    306204    0.6511167852219782    
7259.54   1674490   522369    308660    0.6489996056668477    
7261.92   1687050   527457    310277    0.6467920175422052    
7264.32   1699580   533525    311852    0.6427762958566977    
7266.74   1711460   539160    313581    0.6392557874459714    
7269.18   1723620   544463    314924    0.6365636104884095    
7271.64   1735360   549771    315905    0.6336666201954737    
7274.11   1746020   552818    314150    0.6342602211528633    
7276.61   1762130   562567    314816    0.6260107508536098    
7279.12   1774820   570163    319386    0.619810143080472     
7281.66   1787670   576543    321127    0.6159190142713062    
7284.21   1800950   582200    322470    0.613569654826114     
7286.78   1814880   588023    323605    0.6113355449584978    
7289.37   1828940   593068    325301    0.6105144901397208    
7291.98   1843130   598035    328083    0.609906426653037     
7294.61   1857240   603218    333237    0.6089090992054563    
7297.25   1871230   608348    337598    0.607950647158291     
7299.92   1885270   615420    345564    0.603891244751971     
7302.61   1898340   622967    351617    0.5986416851101356    
7305.31   1911440   631246    356879    0.5923528961142253    
7308.04   1923880   640422    362034    0.5844538240576397    
7310.78   1935780   646788    365416    0.5807502927971133    
7313.54   1943660   650211    367823    0.5795413565702804    
7316.32   1933880   634988    366811    0.5980808912427151    
7319.12   1970870   656496    371116    0.5837994180606095    
7321.94   1995440   671185    376183    0.5741165225211657    
7324.78   2012180   677046    379055    0.5737781958016642    
7327.63   2026530   683034    382351    0.5720887700856006    
7330.51   2041510   688794    385330    0.5710618440212019    
7333.41   2055790   694973    388693    0.5691127949941881    
7336.32   2070790   701896    393099    0.5664856608987382    
7339.25   2086330   708451    396931    0.5646767983676155    
7342.21   2101660   715424    399534    0.5622174612814191    
7345.18   2117140   723576    400820    0.5582487342249294    
7348.17   2131530   733022    400501    0.5520880193974063    
7351.18   2146490   742392    400167    0.5464129526693053    
7354.21   2162190   750384    399656    0.5430125264740916    
7357.25   2177150   759664    400365    0.5376473762916227    
7360.32   2191360   769838    401219    0.530888130749425     
7363.41   2206250   778679    402311    0.5262678524740303    
7366.51   2221620   786471    403834    0.5232705881638967    
7369.64   2236690   793456    406576    0.5212007135662283    
7372.78   2250260   799985    410938    0.5190667924478255    
7375.94   2256610   798545    414710    0.5236599000835007    
7379.12   2212490   750999    407245    0.56506318449351      
7382.32   2299440   827684    435645    0.5067193394977547    
7385.54   2321250   838037    446040    0.5037458810402814    
7388.78   2337400   845947    452243    0.5012988922870365    
7392.04   2353030   854078    455660    0.49841436011752055   
7395.31   2367740   861885    456896    0.49556351736227616   
7398.61   2378460   867225    458078    0.4939137233015958    
7401.92   2386700   867040    458829    0.4975644700899739    
7405.26   2360540   831795    441436    0.5278676753469811    
7408.61   2436800   903957    467274    0.47676172021406205   
7411.98   2458830   914341    470672    0.47435372709965007   
7415.37   2476090   922359    472943    0.47262781812442234   
7418.78   2494790   931080    475991    0.47075179988361227   
7422.21   2516340   942318    480705    0.467374575888641     
7425.66   2534020   950344    484472    0.46590333726830213   
7429.12   2552200   958509    488396    0.4645052246141445    
7432.61   2570880   968197    491733    0.46175695652264265   
7436.11   2588120   978106    493083    0.45827802668926876   
7439.64   2604850   989302    495316    0.453368076066544     
7443.18   2619900   999745    494969    0.4486556882918262    
7446.74   2638150   1006670   486710    0.44869434386085566   
7450.33   2657300   1018760   493377    0.4440156157369828    
7453.93   2676160   1028650   494873    0.4414417490382277    
7457.54   2695470   1038170   496723    0.4394307087963459    
7461.18   2714330   1048470   498827    0.43654747370644925   
7464.84   2732890   1058520   501744    0.43383785343838743   
7468.52   2752770   1068340   505959    0.43186291929286935   
7472.21   2772220   1077580   510497    0.4303009425666381    
7475.93   2793050   1087300   515623    0.42881547594520913   
7479.66   2812130   1097420   520353    0.42637315437047213   
7483.41   2831910   1107790   522947    0.423991005787914     
7487.19   2850470   1119800   528594    0.4197648005480796    
7490.98   2868390   1130570   533361    0.4164789086189558    
7494.79   2888370   1141970   538157    0.4134051443417928    
7498.61   2907740   1152870   541121    0.41060545261315345   
7502.46   2926440   1165470   542164    0.40617157170103546   
7506.33   2945380   1177580   542704    0.40230796554111026   
7510.22   2963140   1188640   542739    0.398990449042847     
7514.12   2981300   1198840   543010    0.39656970378856155   
7518.05   3000080   1208720   545791    0.3946527334636394    
7521.99   3018980   1218880   546988    0.3925743265251445    
7525.95   3041230   1229820   548160    0.39099105093286      
7529.93   3062840   1242830   549284    0.3875681086195356    
7533.93   3081310   1258950   550039    0.38073273920076156   
7537.95   3096680   1276750   550338    0.3717206682587532    
7541.99   3112650   1290630   552271    0.3660843493349219    
7546.05   3128280   1304080   553940    0.36075659259765025   
7550.12   3146490   1316090   552388    0.3574126685041964    
7554.22   3165700   1330020   555851    0.35299601601437774   
7558.34   3184700   1341610   554425    0.35031893142999426   
7562.47   3206010   1352730   552927    0.34874270806242297   
7566.62   3226630   1363090   551638    0.34753135608173236   
7570.79   3247520   1373000   550751    0.34674531979758066   
7574.98   3263910   1372120   551074    0.3523881727220319    
7579.19   3296260   1399160   556027    0.34279104292647544   
7583.42   3317720   1412030   559973    0.3401393037952256    
7587.67   3337340   1425640   563788    0.3364643149229636    
7591.94   3357980   1438730   566252    0.33350693428501704   
7596.23   3380500   1453730   568460    0.3298402033457333    
7600.53   3404210   1468070   569462    0.32702972782039463   
7604.86   3429980   1480100   569942    0.32641376685761675   
7609.2    3455990   1493590   572358    0.3249040297402907    
7613.56   3478310   1506430   573030    0.32279378216950716   
7617.94   3497480   1517780   579081    0.3207953370380047    
7622.34   3518200   1529960   581351    0.31872122586246104   
7626.76   3540360   1542030   582308    0.31715105755302264   
7631.2    3565760   1556110   584640    0.3152215879764936    
7635.66   3590510   1570220   588095    0.31312409510425576   
7640.14   3612600   1584650   592604    0.31012702250307883   
7644.63   3636650   1598580   598342    0.3080221738637914    
7649.15   3663920   1614080   602538    0.3058559424724881    
7653.68   3689190   1629870   610333    0.3030105277885272    
7658.23   3705470   1649040   615788    0.29576243985551404   
7662.81   3712340   1671560   622227    0.2841178255614606    
7667.4    3722280   1692320   628489    0.27450416107357745   
7672.01   3741880   1709060   633194    0.2699391016085313    
7676.64   3759030   1728640   638658    0.2631594986721897    
7681.28   3776950   1747970   644266    0.2568316838085289    
7685.95   3800650   1765290   648871    0.2532477688824725    
7690.64   3828350   1785910   655899    0.24892139171537556   
7695.34   3859610   1806360   662386    0.24568659363459497   
7700.07   3891590   1825600   670829    0.24335676342791224   
7704.81   3926820   1845570   678493    0.24150011414734449   
7709.57   3959770   1865660   687357    0.23904357098147766   
7714.36   3987720   1883990   696593    0.2363159958978348    
7719.16   4012240   1899000   705474    0.23452082779313604   
7723.98   4038120   1915760   714707    0.23217690524232024   
7728.82   4064810   1933800   723882    0.2294080581556168    
7733.67   4094460   1954930   732273    0.22582911462458402   
7738.55   4117330   1979360   742548    0.219019241666438     
7743.45   4136780   1999670   750955    0.21355493816402146   
7748.36   4157880   2018130   758554    0.20947688848623697   
7753.3    4178820   2033510   766144    0.20692316279991882   
7758.25   4195550   2041130   771568    0.20717701750030285   
7763.22   4237100   2074450   782857    0.20087548432331415   
7768.21   4273670   2100460   793301    0.19703119887612597   
7773.22   4308480   2126030   803646    0.19306625728717364   
7778.25   4342550   2153520   815062    0.1881239773819618    
7783.3    4368350   2173530   823116    0.18481779992622063   
7788.37   4396070   2192750   830458    0.18235370721738173   
7793.45   4426790   2214350   838273    0.17953128649186897   
7798.56   4457300   2232400   842084    0.17828860000797364   
7803.68   4487980   2253940   850156    0.17556127200755522   
7808.83   4518450   2275430   857367    0.17285392768027402   
7813.99   4549930   2295430   862905    0.1710559785867661    
7819.17   4581410   2315310   868319    0.1693374472381344    
7824.37   4611040   2336620   873003    0.1666377697778737    
7829.59   4638240   2357140   878208    0.16379214599546899   
7834.83   4664700   2377190   881535    0.16102652579819274   
7840.09   4693690   2397950   885802    0.15854129040236467   
7845.37   4723460   2420320   892625    0.15559523980852488   
7850.66   4748840   2439960   896456    0.15288775600494967   
7855.98   4772660   2456580   899208    0.1511129151909507    
7861.31   4815260   2494440   907719    0.1447417562225695    
7866.67   4847520   2514440   912264    0.14344058750726824   
7872.04   4879170   2536730   917314    0.1411360229339264    
7877.43   4907880   2558300   920697    0.1385507497999565    
7882.84   4934750   2581720   925028    0.13491874939804105   
7888.27   4962820   2606580   929588    0.13103010051336192   
7893.72   4995580   2631160   933812    0.12823977878206128   
7899.19   5030320   2654380   938445    0.12639420161006687   
7904.67   5064410   2681640   943777    0.12295064983313757   
7910.18   5096640   2706250   947831    0.12017513394000152   
7915.7    5127570   2732810   951879    0.11648031981814819   
7921.25   5155370   2760570   955461    0.11180748033028032   
7926.81   5181320   2787060   960246    0.10730429583238302   
7932.39   5207860   2810960   963554    0.10389433505711512   
7937.99   5248930   2844260   971393    0.09999516327149993   
7943.61   5285170   2871490   976258    0.09736274246019029   
7949.25   5315640   2897600   980029    0.09407855314091051   
7954.91   5343530   2924820   984500    0.08998507655574214   
7960.59   5375970   2948610   989276    0.08794842089319099   
7966.28   5410860   2972020   995133    0.08651770495829264   
7972      5445960   2998360   1002660   0.08417360213944264   
7977.73   5475160   3027830   1010320   0.07976573560478643   
7983.49   5503420   3054800   1017130   0.07606733502225937   
7989.26   5531590   3084670   1026080   0.07146885739643866   
7995.05   5561210   3111980   1035160   0.06801468044016186   
8000.86   5595120   3141760   1046290   0.06458952556930046   
8006.69   5630590   3174100   1058560   0.060690463947152065  
8012.54   5665070   3205730   1070840   0.056901611815934484  
8018.41   5692720   3239190   1081220   0.05141865976599203   
8024.29   5702920   3240260   1083610   0.05287017850042963   
8030.2    5746120   3301740   1116990   0.04168512951289572   
8036.13   5743340   3242000   1110640   0.05935853440729661   
8042.07   5806540   3368030   1152030   0.03232071943824257   
8048.03   5874500   3426030   1179480   0.026913808377418316  
8054.01   5909410   3456200   1196930   0.024087578412536288  
8060.02   5941190   3489630   1219230   0.019849463373060965  
8066.04   5971320   3518550   1242200   0.016673067971804824  
8072.08   6005020   3556670   1264210   0.011554602470452244  
8078.13   6042640   3596530   1289340   0.006683115540770125  
8084.21   6080290   3633830   1311430   0.002600337608470442  
8087.6    6100540   3655480   1323470   0                     