# XDI/1.0 
# Spectrum.license:CC BY 4.0
# Publication.authors: Peter Blanchard, Miranda Vu, Joel Reid, Erika Bergen, Jeff Warner
# Publication.affiliation: Canadian Light Source
# Facility.name:CLS
# Sample.temperature:r.t
# Sample.prep:powder, 500 um
# Sample.formula:Fe2O3
# Publication.DOI: https://doi.org/10.20383/103.01329
# Sample.name:Hematite
# Scan.number:scan2
# Sample.id:al8hze
# Scan.start_time:2022-03-21
# Element.symbol:Fe
# Facility.energy:2.90 GeV
# Facility.xray_source:Bending magnet
# Beamline.name:IDEAS
# Beamline.scan_mode:Transmission
# Beamline.website:https://ideas.lightsource.ca/
# Beamline.detector:Ionization chamber
# Beamline.energy_range:1.8 - 13.0
# Beamline.flux:5E10-7E11 ph/s
# Mono.name:InSb(111), Ge(220)
# Element.edge:K
# Column.1:Energy
# Column.2:I0
# Column.3:Itrans
# Column.4:Irefer
# Column.5:Mutrans
# Energy  I0        Itrans    Irefer   Mutrans               
6912      1020560   774353    729324   0.2855701795771842    
6922      1080020   824815    771227   0.27992631276991725   
6932      1080810   834660    781108   0.27026346137478585   
6942      1080370   843914    790334   0.26034095954086506   
6952      1086360   859275    805535   0.24948463262833845   
6962      1081180   864447    811442   0.24012859538107037   
6972      1075640   869226    816714   0.23088558650809315   
6982      1075470   879466    827331   0.2205842817829789    
6992      1067860   881677    830278   0.2122424291794392    
7002      1059320   883647    833229   0.20333704279185755   
7012      1060610   895758    845821   0.19257941688315675   
7022      1055370   901130    852032   0.18309195520301183   
7032      1055720   912308    863893   0.17268066141273122   
7042      1053470   917358    868288   0.16603836295558375   
7052      1057070   935971    889158   0.15156661933557733   
7062      1056300   946486    900125   0.14123877760105838   
7072      1046420   948635    904153   0.13111490763465514   
7082      1062900   975941    929373   0.12004813891163317   
7082.5    1061880   975383    928942   0.11971125366771271   
7083      1061630   975461    928872   0.11943750985604486   
7083.5    1061420   975249    928729   0.11945445753021432   
7084      1061560   974976    928545   0.11981189165366399   
7084.5    1061200   975414    928949   0.11912773997516729   
7085      1060780   975563    929091   0.11865163240239839   
7085.5    1060690   976310    929616   0.11791372255417062   
7086      1059970   975530    928993   0.11801804949111214   
7086.5    1059610   975251    928485   0.11797148833258929   
7087      1058530   974308    927765   0.11792604349070657   
7087.5    1057960   975075    928244   0.11677565991443156   
7088      1057380   975456    928494   0.11596070808278579   
7088.5    1056560   974457    927499   0.1161766820622862    
7089      1055840   974494    927585   0.11555212079896422   
7089.5    1054620   973307    926345   0.11560650452957244   
7090      1053350   972447    925608   0.11532794398987244   
7090.5    1051610   971119    924093   0.11507914815452322   
7091      1050380   970188    923175   0.11489588082577493   
7091.5    1048980   969557    922345   0.11430301308529955   
7092      1048000   968209    920850   0.11469929058686042   
7092.5    1046820   967041    919718   0.11476914516024411   
7093      1046250   967437    919993   0.11394115009542538   
7093.5    1045600   966816    919164   0.11395907039153327   
7094      1045090   966410    918556   0.11390018283834148   
7094.5    1044590   966253    918426   0.11362587713546796   
7095      1043760   965557    917498   0.11356137950885113   
7095.5    1043450   966133    917765   0.11278602093987171   
7096      1043140   966641    918080   0.1120719430506732    
7096.5    1042620   966617    917697   0.11166075996645043   
7097      1042230   966596    917289   0.11135492489342706   
7097.5    1042080   966607    917035   0.11122013558771167   
7098      1041510   966373    916015   0.1109554220262462    
7098.5    1040810   963787    913038   0.11269742607599788   
7099      1039970   962598    910841   0.11306804237570095   
7099.5    1039090   961929    909373   0.11293673485485056   
7100      1038360   961691    909013   0.11254156904160044   
7100.5    1037720   960732    907697   0.11287235555945671   
7101      1037030   961170    907684   0.11189953962582823   
7101.5    1035920   960439    906242   0.11163040217765073   
7102      1035320   960782    906644   0.11081771577540234   
7102.5    1034560   961186    906446   0.10981556132281847   
7103      1033640   959723    904690   0.11036541445836515   
7103.5    1032750   960050    904038   0.1093221873823574    
7104      1032000   960222    902838   0.10853623637288616   
7104.5    1031060   959209    900688   0.10866142790149345   
7105      1030350   958798    898736   0.10843554260906504   
7105.5    1029890   958805    897343   0.10804166458125627   
7106      1029310   957359    894075   0.10886260639030751   
7106.5    1029150   956627    891050   0.10939151376130336   
7107      1028670   956494    887476   0.10910731339814982   
7107.5    1028330   956043    883525   0.10922972162602027   
7108      1028180   955527    878042   0.10957165093700641   
7108.5    1027900   954692    871089   0.11009399949314826   
7109      1027750   954447    861400   0.11019008958086168   
7109.5    1027480   953862    849880   0.11049415579164647   
7110      1027330   950898    830276   0.11306840243518228   
7110.5    1027520   950160    809978   0.11390270756954839   
7111      1027600   948471    779669   0.11551434745532602   
7111.5    1028020   945842    739170   0.11827788034636796   
7112      1027970   939998    688087   0.12361447030447516   
7112.5    1027660   933152    643851   0.12969644963802218   
7113      1027520   925197    604819   0.13700830544470705   
7113.5    1027260   917442    574582   0.1440937220447402    
7114      1027350   907960    546130   0.15318596433387285   
7114.5    1026950   901098    525614   0.1594318334535992    
7115      1026680   897125    509256   0.16303853467448273   
7115.5    1026510   895775    497747   0.1642017634748269    
7116      1026230   895812    488852   0.16392916032351398   
7116.5    1026040   893912    480931   0.16561113221371943   
7117      1024990   891327    472703   0.16723584675811765   
7117.5    1024490   888235    463366   0.16982821472114917   
7118      1025360   885839    452044   0.17290908659574153   
7118.5    1024890   880125    439069   0.17812733966434455   
7119      1024440   872961    423640   0.18483926216760796   
7119.5    1023710   862932    408139   0.19424871008443825   
7120      1023160   849747    391158   0.2071449336526581    
7120.5    1022400   833711    376758   0.2230343450097505    
7121      1021860   812466    362730   0.24497765532467192   
7121.5    1021590   790310    350784   0.26874354656544014   
7122      1020520   760314    338641   0.30141478812835387   
7122.5    1019950   723393    327306   0.34413091153845327   
7123      1018980   684852    317659   0.3908202967608828    
7123.5    1018240   643880    309274   0.4437283160460059    
7124      1016680   609277    302801   0.4903376222870656    
7124.5    1013900   571211    296083   0.5439506037525782    
7125      1011880   542500    291666   0.586975789524055     
7125.5    1008670   513709    287724   0.6315435791247868    
7126      1005580   488922    284154   0.6717999146240224    
7126.5    1005170   467006    281404   0.7112467173889733    
7127      1008070   445621    278985   0.754426322822647     
7127.5    1012220   427061    276867   0.7949121493932771    
7128      1015090   408877    274563   0.8351320131634403    
7128.5    1016480   395496    272900   0.8651964449967948    
7129      1017720   384104    271625   0.8916196676255462    
7129.5    1018350   373147    270134   0.9172733325472523    
7130      1018850   365513    269080   0.9356384842729109    
7130.5    1019370   360004    268472   0.9492612126053352    
7131      1019880   356682    268039   0.9577407922747623    
7131.5    1019920   353363    267750   0.9658882365500214    
7132      1020560   350103    267830   0.9744763555833696    
7132.5    1020580   346794    267834   0.9827349370823968    
7133      1021010   343528    268041   0.9913124666761848    
7133.5    1020740   340936    268013   0.9976559601196344    
7134      1021000   340103    268449   1                     
7134.5    1021510   340672    269027   0.9989826627830755    
7135      1021520   342733    269402   0.9937566020713701    
7135.5    1021880   345999    269968   0.9858314842138176    
7136      1022400   349854    270026   0.9766570927617417    
7136.5    1022460   352762    268996   0.9695241665028893    
7137      1022640   356256    268722   0.9611233566149704    
7137.5    1023330   360737    269357   0.9508608554184418    
7138      1023710   365146    270454   0.9406402247790175    
7138.5    1024280   369789    272195   0.9301576651011355    
7139      1024420   373832    272556   0.9208392519305266    
7139.5    1024230   377449    272751   0.9123217019815338    
7140      1025090   382241    273171   0.9021013388026825    
7140.5    1025870   386732    273592   0.8926243040800195    
7141      1026440   391463    273799   0.8825540389892901    
7141.5    1027120   396172    274113   0.8727514136997135    
7142      1027580   400018    274488   0.8647555487481428    
7142.5    1027970   404158    274850   0.8561491002419115    
7143      1028040   407863    275274   0.8482886053087796    
7143.5    1027830   411198    275194   0.8410438907391722    
7144      1027720   413751    275562   0.8355794040905998    
7144.5    1027180   415652    275303   0.8311449951674458    
7145      1027040   417544    275573   0.8270852754044541    
7145.5    1026460   418055    275293   0.8255335762228199    
7146      1026490   418733    275340   0.8241525915383251    
7146.5    1025830   418426    274737   0.8242309230365613    
7147      1025220   418298    274665   0.8239802316480885    
7147.5    1024890   418219    274202   0.8238647583164013    
7148      1024420   418335    273705   0.8232259980937332    
7148.5    1023870   418939    273032   0.8215078030168557    
7149      1023120   419165    271687   0.8204038042842211    
7149.5    1022350   420175    270446   0.8176617741755656    
7150      1021920   423221    271034   0.8110279549581936    
7150.5    1021080   426546    271564   0.8035226876948977    
7151      1020120   429399    271446   0.796920921999973     
7151.5    1018940   432064    271178   0.7905468815028599    
7152      1017850   434783    270911   0.7841736417310822    
7152      1016600   435086    270444   0.7825025894339881    
7153.24   1021730   443122    271153   0.7709879591934914    
7154.51   1024910   450292    270884   0.7597547512918252    
7155.79   1026480   458466    273479   0.7454704979137244    
7157.09   1027040   464979    273787   0.7337017304145029    
7158.41   1028460   470963    274068   0.7238032596877028    
7159.75   1030780   476281    274881   0.7160140401660721    
7161.11   1031890   478976    274759   0.7120512258546101    
7162.49   1034370   480280    275003   0.7117749849714453    
7163.88   1037150   480122    275701   0.7143898849022174    
7165.3    1040950   478978    276153   0.7196341449621465    
7166.73   1044500   476617    275733   0.7268772701120203    
7168.19   1047190   470404    270921   0.7404969303569667    
7169.66   1050500   470470    276178   0.7431140085748621    
7171.15   1053890   466578    278244   0.7531193933415178    
7172.66   1057440   459930    278820   0.7684923870381047    
7174.19   1060220   452289    279185   0.7853101663818505    
7175.74   1063440   445293    279663   0.8014708707484984    
7177.31   1067310   440572    280530   0.8138735507901024    
7178.9    1071380   438666    281519   0.8209393497157337    
7180.5    1074600   437518    282037   0.825817942931512     
7182.13   1077480   437777    282421   0.827627150761977     
7183.77   1079590   438896    282174   0.8271094937214511    
7185.44   1080080   439771    281120   0.8257748312795367    
7187.12   1082230   441587    280220   0.8239242934179748    
7188.82   1087380   445044    280466   0.8212767258480315    
7190.54   1092870   448431    280429   0.8190675587026647    
7192.28   1098670   451588    279718   0.8175728099303508    
7194.04   1104490   453128    276460   0.819203468567109     
7195.82   1109200   456425    276042   0.8166047524845079    
7197.61   1113160   459440    275115   0.8139836640527253    
7199.43   1117500   469669    285039   0.7982506068542937    
7201.27   1122020   475077    287499   0.7918179380801609    
7203.12   1127740   481104    289912   0.7852902832230959    
7204.99   1133690   487095    292446   0.7791167364319596    
7206.88   1140940   493317    295103   0.7736335143053612    
7208.8    1148520   499375    297531   0.7687876772826788    
7210.73   1156670   504744    298649   0.7656434069315201    
7212.67   1166740   511194    299834   0.7621464177010382    
7214.64   1177290   516775    299581   0.7605350145355798    
7216.63   1186750   522053    300261   0.7586619621265496    
7218.64   1197330   526368    300668   0.7592209727771106    
7220.66   1208170   531462    303011   0.7586843142251867    
7222.71   1218320   535968    305399   0.7586177357387343    
7224.77   1227200   540138    307927   0.7581942959508853    
7226.85   1234030   543755    310361   0.7572187968841909    
7228.95   1239990   547318    312925   0.7557320431810173    
7231.07   1245690   551511    316194   0.7530889642405572    
7233.21   1251380   555679    319238   0.7505099882177994    
7235.37   1257530   559659    322262   0.7485708953962839    
7237.55   1265840   563873    325250   0.7477768700389127    
7239.75   1276430   569178    328437   0.7468803894425423    
7241.96   1286600   574514    330504   0.7456694756333636    
7244.2    1296620   580535    332108   0.7433541797749792    
7246.45   1305810   585952    331369   0.7414230882348614    
7248.73   1312860   592788    333137   0.736029757632018     
7251.02   1319550   598126    333943   0.7326609081354936    
7253.33   1324720   601963    334383   0.730504974462496     
7255.66   1331640   605891    335902   0.7293819909292343    
7258.01   1343560   611425    338694   0.7292252086697733    
7260.38   1359130   618071    342455   0.7298422058263145    
7262.77   1374790   624142    345540   0.7313016255972178    
7265.17   1387810   628463    347290   0.7334944631804683    
7267.6    1395710   630721    348027   0.7353081372277842    
7270.04   1398470   630861    346629   0.7368300062663271    
7272.51   1400850   631536    344559   0.7373776413177234    
7274.99   1403940   632660    342834   0.7377466273984958    
7277.49   1405480   631652    339920   0.7400819080342693    
7280.01   1406380   630587    338455   0.7421019551697715    
7282.55   1408940   630504    336690   0.7437944985667696    
7285.11   1412420   632077    335032   0.7437729531523938    
7287.69   1414300   633533    333060   0.7429305197755116    
7290.29   1412400   632878    328586   0.7426615665774589    
7292.9    1413630   635757    328530   0.7394780327976541    
7295.54   1414920   638503    328878   0.7365291975749612    
7298.19   1415870   640598    329057   0.734268817340676     
7300.86   1421820   645944    330918   0.7306957241665202    
7303.56   1429280   652269    332591   0.7267806764445716    
7306.27   1435730   659834    335133   0.720680827028769     
7309      1439070   665306    335534   0.7155299535862303    
7311.75   1445600   672558    336397   0.7100504021124789    
7314.52   1462200   685783    340925   0.7030596247652278    
7317.3    1480480   700370    345901   0.6955758175828632    
7320.11   1500010   715176    351413   0.6887939538879907    
7322.94   1519710   728984    356953   0.6835213987459133    
7325.78   1535160   737550    359552   0.6821614514367939    
7328.64   1544070   741756    361982   0.682248854850303     
7331.53   1547970   741242    361383   0.6850397115011817    
7334.43   1548180   737654    359144   0.6893685271782087    
7337.35   1551580   735807    358379   0.6934481052422765    
7340.29   1560030   737249    359098   0.6964625671281366    
7343.25   1570290   740940    360420   0.697817558184818     
7346.23   1578670   745301    360294   0.6973436134344846    
7349.23   1577410   744897    355828   0.6971212256114356    
7352.24   1582010   750072    354911   0.6936399695966701    
7355.28   1576930   749925    350725   0.6910188027197625    
7358.33   1550190   740043    343308   0.6876883919599549    
7361.4    1466700   701955    322992   0.685498324540381     
7364.5    1532940   732082    326532   0.6873635693126824    
7367.61   1553650   742654    324143   0.6865667142418279    
7370.74   1542440   739952    318531   0.6834454747238509    
7373.89   1529650   737385    314806   0.6792351028818018    
7377.06   1501000   726256    310608   0.6760241802444152    
7380.25   1420770   695670    305361   0.6656919692154809    
7383.45   1505900   729465    309842   0.6750264510109134    
7386.68   1529470   743065    314905   0.6724735670891564    
7389.92   1544040   753734    319514   0.6683296237065963    
7393.19   1562240   764193    321122   0.6665396457581594    
7396.47   1572120   774272    326749   0.6606394950334598    
7399.77   1578780   780985    330634   0.6568162843797373    
7403.09   1540070   767819    332055   0.6500273671415888    
7406.43   1632520   812960    347018   0.6510419659848743    
7409.79   1664190   828165    351927   0.6516348721553623    
7413.17   1660640   825366    348649   0.6527197271430751    
7416.57   1647190   818684    342950   0.6527166782511618    
7419.98   1608640   799289    333042   0.6529717298117812    
7423.42   1499730   752346    319646   0.6446596001124678    
7426.87   1591960   790146    316609   0.653910495378276     
7430.35   1614020   803508    317607   0.6513004960464102    
7433.84   1623190   813819    319872   0.6451513275747778    
7437.35   1631500   824371    321312   0.6384026886611869    
7440.88   1650240   841637    326736   0.6303253257571291    
7444.43   1668200   858329    331107   0.6226758487949765    
7448      1690450   878566    337066   0.6139504099025804    
7451.59   1702980   890484    339127   0.6086658391741171    
7455.2    1698240   890767    335659   0.6059711473080839    
7458.82   1686220   885233    329226   0.6052151725038237    
7462.47   1673550   877585    322737   0.6062000628276141    
7466.13   1650790   864217    312908   0.6076378994270375    
7469.82   1624980   848702    302653   0.6096837170047502    
7473.52   1618250   845375    299303   0.6094907210222562    
7477.24   1606090   839799    295492   0.6086880162640355    
7480.98   1600050   837450    292712   0.6078490074818629    
7484.74   1585350   829669    287091   0.6079401835628981    
7488.52   1568050   821051    280786   0.607479528988246     
7492.31   1558460   817815    277041   0.6055827575533203    
7496.13   1544540   812670    272717   0.6032733903173112    
7499.97   1528160   805991    266389   0.6011825576094415    
7503.82   1530220   811045    265663   0.5969267159716972    
7507.7    1547020   825324    269547   0.591256553509477     
7511.59   1552030   832303    269687   0.5867547399043612    
7515.5    1556570   839255    270334   0.5820708182229296    
7519.43   1556880   843491    269531   0.5778742879839575    
7523.38   1547210   840982    265684   0.5750524176051071    
7527.35   1542120   841520    263517   0.5716376217900646    
7531.34   1541680   844907    262320   0.5679039711836456    
7535.35   1543260   850140    262115   0.5634343729140195    
7539.37   1555440   861858    264578   0.5583764259046028    
7543.42   1573400   878042    270245   0.5521942510795715    
7547.48   1596960   898175    278195   0.5454183972080238    
7551.56   1609620   910297    281561   0.5406367690070998    
7555.67   1624710   924055    283896   0.535716480475849     
7559.79   1623010   927610    283185   0.5314755350142857    
7563.93   1617130   928033    280183   0.5279300017400406    
7568.09   1608390   926875    276790   0.5243104128836077    
7572.27   1604350   928998    275788   0.5201422103598625    
7576.46   1602140   932270    275827   0.5158946167954297    
7580.68   1597080   932640    273772   0.5128049761449172    
7584.92   1585210   929882    271698   0.5089009221118664    
7589.17   1579890   931341    271210   0.5046228562387634    
7593.45   1582140   937810    272483   0.49985072115666146   
7597.74   1595280   952092    276581   0.49391162901233737   
7602.05   1600200   961330    277961   0.48820396771091706   
7606.38   1593740   962455    276154   0.4836783170391846    
7610.73   1589050   964368    275216   0.4793973857431642    
7615.1    1575880   960152    271493   0.47597702860169216   
7619.49   1557600   953127    267758   0.4722242154217468    
7623.9    1554130   955461    266916   0.4681660587743174    
7628.32   1559910   963868    268289   0.4637849499122628    
7632.77   1570400   975818    271164   0.4589080201094023    
7637.23   1575300   984544    272901   0.4538856123716249    
7641.72   1566550   984470    271433   0.4491168910560657    
7646.22   1555860   983232    269682   0.4442664484230158    
7650.74   1546250   982494    267351   0.4395410172416062    
7655.28   1537120   982031    266083   0.43481054099425814   
7659.84   1523470   978087    263029   0.43056180698138014   
7664.42   1531050   989082    265384   0.42516766050250093   
7669.02   1548700   1007400   270384   0.41918924763386145   
7673.63   1563320   1023840   274470   0.41329508976446655   
7678.27   1584240   1044940   280155   0.4071279414390266    
7682.92   1594900   1058490   283088   0.40176661289621696   
7687.6    1599240   1067400   284564   0.3968502463177086    
7692.29   1587920   1064410   281867   0.39311984246909576   
7697      1572990   1059070   278716   0.3892863165629444    
7701.74   1562690   1056980   276932   0.38529920943658535   
7706.49   1555960   1057700   275971   0.3809625823176857    
7711.25   1560080   1066360   278033   0.3761808081372982    
7716.04   1568620   1078700   281347   0.3709333189583629    
7720.85   1575680   1090540   284557   0.36535672221628046   
7725.68   1578070   1099080   286564   0.3599023869481266    
7730.52   1581270   1108230   288481   0.35446530644674806   
7735.39   1585340   1117560   290130   0.3494204335552064    
7740.27   1604960   1138390   296055   0.34406808566619884   
7745.17   1629730   1164440   303680   0.3377242349220679    
7750.1    1648030   1186680   309801   0.3309957923514933    
7755.04   1635310   1183420   306916   0.3266588397872208    
7760      1577520   1144290   291619   0.32461572733965033   
7764.97   1534060   1116540   280834   0.3216767790470069    
7769.97   1497120   1094840   272743   0.3175560419103667    
7774.99   1485140   1092460   270850   0.3124721126109621    
7780.03   1506970   1116150   277004   0.3065175113791403    
7785.08   1509300   1124190   277980   0.30162925011246644   
7790.16   1484050   1110580   272889   0.29755833992642705   
7795.25   1435460   1079110   263932   0.2936150463868814    
7800.36   1403330   1059480   258241   0.28990151092099603   
7805.49   1386730   1051990   253668   0.285731528129141     
7810.64   1373340   1048110   252850   0.28051772956143683   
7815.81   1368590   1050830   252393   0.2752615448815612    
7821      1375930   1061960   254688   0.2707598988701254    
7826.21   1395330   1083390   259440   0.26557212379835604   
7831.43   1419150   1110370   266236   0.25891467578652827   
7836.68   1429280   1126210   269795   0.25279454022759074   
7841.95   1425110   1128250   268357   0.24868821411759093   
7847.23   1415060   1127230   268906   0.2433312670366329    
7852.53   1412650   1132640   270326   0.23769673703723757   
7857.85   1425690   1151320   274844   0.2314747277441184    
7863.19   1441290   1171030   278192   0.22618777558163594   
7868.55   1445790   1182150   280345   0.22069096001122684   
7873.93   1443950   1188510   281305   0.21492918178931283   
7879.33   1417400   1173220   276465   0.21006059305225996   
7884.75   1384610   1151660   270010   0.20584456398488563   
7890.19   1355690   1133210   264290   0.20154181411109034   
7895.64   1349050   1133780   262722   0.19684429047104574   
7901.11   1351900   1144300   266189   0.19066032910112932   
7906.61   1353380   1152450   267829   0.18545069999099587   
7912.12   1351470   1157830   268492   0.18018303479314365   
7917.65   1348530   1162570   269208   0.17474739035662756   
7923.2    1339090   1161670   268855   0.16932294307650994   
7928.77   1338150   1168760   270807   0.16343283459310456   
7934.36   1347820   1183540   272782   0.1587757513055372    
7939.97   1363890   1204770   275311   0.1536325711684996    
7945.6    1366400   1214520   276654   0.1482330818871683    
7951.24   1353170   1209670   274289   0.14326180459815968   
7956.91   1334160   1199350   270952   0.13841893409641276   
7962.59   1315120   1188410   267274   0.13389695928241657   
7968.29   1304240   1184920   265189   0.1292396826960251    
7974.02   1310130   1196810   265654   0.12448507955670898   
7979.76   1318120   1208460   262883   0.12135469106968728   
7985.52   1285020   1191200   267655   0.11176782914770617   
7991.3    1253810   1167770   260164   0.10766970610918808   
7997.09   1243580   1164640   258094   0.1028889550534994    
8002.91   1249780   1178400   260282   0.09701152407781892   
8008.75   1256800   1192170   261964   0.0917902138695861    
8014.6    1251420   1192990   260308   0.08747046185090648   
8020.48   1236470   1182620   252888   0.08461701702130135   
8026.37   1219230   1178660   259996   0.07534228866633524   
8032.28   1207800   1174090   258778   0.07053941547355787   
8038.22   1208800   1183370   260698   0.06442508436931967   
8044.17   1249790   1230060   269010   0.05978270012431667   
8050.14   1255140   1242950   271532   0.054442721418621665  
8056.12   1252020   1247490   272405   0.04911856858539152   
8062.13   1250750   1254140   273675   0.043623792697778344  
8068.16   1263230   1275040   278279   0.037896874567356284  
8074.21   1266310   1286220   280339   0.03243378827387618   
8080.27   1246270   1273180   277071   0.027433109208678006  
8086.35   1230900   1265170   276457   0.022140672642279185  
8092.46   1214130   1255300   275241   0.017032524255437272  
8098.58   1214560   1263880   277091   0.01142818600201252   
8104.72   1207480   1264850   276845   0.005688596149109326  
8112.14   1177370   1241420   271682   0                     