# XDI/1.0 
# Spectrum.license:CC BY 4.0
# Publication.authors: Puri A.
# Publication.affiliation: CNR-IOM; ESRF
# Sample.reference:Fe foil
# Facility.name:ESRF
# Sample.temperature:300 K
# Sample.prep:powder, liquids
# Sample.formula:Fe2O3
# Sample.name:Hematite
# Scan.number:scan1
# Sample.id:slj4k7
# Scan.start_time:2004-09-11
# Element.symbol:Fe
# Facility.energy:6.03 GeV
# Facility.xray_source:Bending magnet (0.85 T)
# Beamline.name:BM08-GILDA
# Beamline.energy_range:4.9 - 32.0
# Beamline.scan_mode:Transmission
# Beamline.flux:1e10-1e11 ph/s
# Beamline.spot_size:1 mm x 2 mm
# Beamline.website:https://www.esrf.fr/UsersAndScience/Experiments/CRG/BM08
# Beamline.detector:Ionization chamber
# Mono.name:Si(111), Si(311)
# Element.edge:K
# Column.1:Energy
# Column.2:Mutrans
# Column.3:Murefer
# Energy   Mutrans                 Murefer
6900.5034  0.09611448729199912     -11.701438
6910.4754  0.09089473476533859     -11.711263
6920.5611  0.08565783887883416     -11.720967
6930.6593  0.08038673638180033     -11.731439
6940.8399  0.0750152571096061      -11.741688
6951.0522  0.06962294945629297     -11.751286
6961.2166  0.06445526788242932     -11.761578
6971.4311  0.05971945478014587     -11.771801
6981.6583  0.05425617041271288     -11.781583
6991.9504  0.0493196838692667      -11.791803
7002.2601  0.04414270963305771     -11.801313
7012.6018  0.03926926899707446     -11.811662
7022.9948  0.03386045885718281     -11.822035
7033.4298  0.02870383234714358     -11.832001
7043.9215  0.02447422901520259     -11.841334
7054.4315  0.019231565269311465    -11.851605
7064.9843  0.013600372106398707    -11.859898
7075.5506  0.009515686241548867    -11.869074
7086.1697  0.004839314134611675    -11.874798
7091.4764  0.003211255713553323    -11.877065
7092.4566  0.002817679419568218    -11.877159
7093.4616  0.002369709007200149    -11.877104
7094.4767  0.0022075680711069108   -11.87774
7095.4775  0.0020153060915497406   -11.877686
7096.4639  0.0015463470797465236   -11.877359
7097.4506  0.001115840463854776    -11.876802
7098.4327  0.001095412628526819    -11.876146
7099.425   0.0007208222050230402   -11.875776
7100.4323  0.0010088146285680839   -11.874305
7101.4302  0.0007454157165746776   -11.873509
7102.4333  0.0005651701107399086   -11.872031
7103.4368  0.00012432941344697813  -11.869541
7104.4307  0.0005123781755197891   -11.866762
7105.425   0.0005425793281419158   -11.862935
7106.4344  0                       -11.85748
7107.4343  0.0009619507710508802   -11.850664
7108.4592  0.0008681429468586333   -11.838677
7109.4647  0.0017414128798389382   -11.819074
7110.4903  0.0023223644947341277   -11.778939
7110.5692  0.002445412161650688    -11.773109
7110.6579  0.002771376326158206    -11.76632
7110.727   0.0027585588608543825   -11.758647
7110.8059  0.0029198185962080033   -11.753899
7110.8848  0.003123295857905974    -11.745983
7110.9736  0.0024272273827509626   -11.737053
7111.0476  0.003015549040195877    -11.726793
7111.1314  0.00342434607422925     -11.717483
7111.2202  0.003462478033508115    -11.705203
7111.2991  0.0037368519001677353   -11.691128
7111.3978  0.0039033187308010454   -11.675909
7111.457   0.0040046568158592305   -11.660692
7111.5359  0.004090053178445921    -11.645132
7111.6149  0.004457513886874562    -11.623959
7111.6889  0.004585528321596225    -11.60129
7111.7629  0.004635195999648495    -11.57597
7111.8369  0.004970212499026956    -11.546935
7111.9306  0.005278632757899779    -11.517534
7111.9997  0.005892669455110535    -11.483178
7112.0885  0.00623449523293153     -11.451797
7112.1674  0.006434607909987242    -11.416602
7112.2464  0.0069117380559216065   -11.390537
7112.3254  0.007463690155566892    -11.356633
7112.4043  0.007932488949053717    -11.327916
7112.4981  0.008591226556511464    -11.295574
7112.582   0.009246439361010562    -11.267872
7112.6609  0.009930571571601546    -11.244813
7112.7399  0.010921041202953513    -11.222015
7112.8188  0.01201292902852186     -11.202264
7112.8929  0.0127504139384398      -11.182582
7112.957   0.013781258585498685    -11.169447
7113.036   0.014654288191004582    -11.153306
7113.115   0.017280186285964446    -11.134693
7113.194   0.018670961380586035    -11.118648
7113.2729  0.0204200647396073      -11.105309
7113.3519  0.02212598926238623     -11.089854
7113.4309  0.02497955758480526     -11.07576
7113.5049  0.026222210846009654    -11.062917
7113.5889  0.028050702380756323    -11.048427
7113.6728  0.029580947519714962    -11.034199
7113.7814  0.030833774644004323    -11.018357
7113.8604  0.03082159805196571     -11.005226
7113.9295  0.030903389502435735    -10.99633
7114.0184  0.031004807696652113    -10.983495
7114.0776  0.03089938404452827     -10.973554
7114.1418  0.03071705560058148     -10.964925
7114.2109  0.031194345964832056    -10.955505
7114.3097  0.03178146598490475     -10.941175
7114.3887  0.0330278843765422      -10.928328
7114.4726  0.0343343846367913      -10.91411
7114.5566  0.03658585252656361     -10.902297
7114.6356  0.03841642689942229     -10.889822
7114.7146  0.040697615286867904    -10.880065
7114.7936  0.0424430336246143      -10.869644
7114.8727  0.04431526475971015     -10.859127
7114.9517  0.045305814500220316    -10.849054
7115.0307  0.04535876665375665     -10.839739
7115.0998  0.04605066945268798     -10.832684
7115.1888  0.045576022690656255    -10.824902
7115.2678  0.04461975966983388     -10.81516
7115.3468  0.043566724785967625    -10.808685
7115.4258  0.04218059602251871     -10.800856
7115.5049  0.041501911234682005    -10.794946
7115.5839  0.040240832867103296    -10.789283
7115.663   0.03926310059189714     -10.783965
7115.742   0.03821030603550529     -10.778146
7115.8161  0.037654188259636324    -10.77297
7115.9001  0.03738029504792552     -10.768894
7115.9792  0.03698359449677257     -10.764551
7116.0483  0.03700418255041674     -10.761256
7116.1175  0.03698719940888923     -10.758137
7116.1867  0.03691373931086675     -10.756191
7116.2657  0.03686319043207486     -10.752805
7116.3596  0.03621887247308396     -10.750501
7116.4238  0.036868958291461564    -10.749205
7116.5029  0.036552767444248215    -10.746196
7116.5721  0.03615510558319745     -10.745038
7116.6363  0.03669143639700384     -10.744363
7116.75    0.036424432572893774    -10.741513
7116.829   0.03667589522032297     -10.740139
7116.9081  0.03674326702232615     -10.738441
7117.007   0.036970136158203534    -10.736078
7117.0663  0.03708164810634669     -10.734221
7117.1602  0.0376642019044049      -10.731655
7117.2393  0.03788241925120232     -10.728169
7117.3183  0.03826085491429718     -10.72535
7117.4024  0.038651306951114614    -10.722239
7117.4765  0.03921319258637028     -10.717157
7117.5457  0.039278561659419814    -10.713438
7117.6397  0.0397623408654805      -10.707953
7117.7188  0.040186438748720334    -10.701047
7117.7978  0.04041010351827185     -10.695184
7117.8967  0.040576810676379395    -10.6861
7117.9758  0.041147588428189795    -10.677075
7118.0351  0.04081497520355595     -10.670055
7118.1142  0.04101212384176021     -10.658446
7118.1934  0.04120030025425172     -10.648761
7118.2725  0.041444152531656786    -10.638059
7118.3516  0.04146970735310623     -10.623362
7118.4307  0.0415988433160421      -10.606632
7118.9895  0.043351391368863644    -10.486722
7119.4989  0.046018705898586615    -10.379449
7119.9936  0.05135117201076252     -10.258407
7120.4884  0.06050188092778521     -10.137459
7120.9783  0.07184766088724377     -10.016115
7121.4782  0.09033292923924094     -9.8852503
7121.9781  0.1145375108281146      -9.7772237
7122.4683  0.14907521250828748     -9.6811287
7122.9635  0.1963365716680785      -9.5981638
7123.4587  0.25100991853276733     -9.5294967
7123.9541  0.30883499199558906     -9.4694813
7124.4495  0.35636559803591833     -9.4133114
7124.945   0.39668693259604537     -9.3676977
7125.4307  0.437591758231381       -9.3223252
7125.9165  0.48130574768277373     -9.28706
7126.4122  0.5360429655792545      -9.2475276
7126.9081  0.5971295792741996      -9.2076179
7127.4089  0.6563776717677978      -9.1649667
7127.8801  0.7098127793858962      -9.1248411
7128.3762  0.7607190491650476      -9.0732408
7128.8773  0.8129068331580215      -9.0170649
7129.3885  0.8622427711754765      -8.9502374
7129.8848  0.8999630014250907      -8.8944423
7130.3862  0.9234113926156187      -8.8336249
7130.8976  0.931311357246464       -8.7893189
7131.3991  0.9330008513809066      -8.7655807
7131.9107  0.9379307689733847      -8.7565895
7132.3975  0.9503832088871741      -8.7763972
7132.8844  0.967274094304924       -8.8162117
7133.3813  0.9876693011727578      -8.8595382
7133.8982  0.999106795704106       -8.9140297
7134.4152  1                       -8.961765
7134.9124  0.9897426735865         -9.0107585
7135.4295  0.9720140899063545      -9.0460373
7135.9418  0.9472650720590529      -9.0790436
7136.4641  0.9237262376289751      -9.0979705
7136.9616  0.9038014317377911      -9.1129498
7137.4641  0.8894473526169492      -9.1209617
7137.9768  0.8785927058842695      -9.1139197
7138.4745  0.8674495700512643      -9.1089155
7138.9724  0.8558128416403252      -9.0963242
7139.4653  0.8416699703149426      -9.0798641
7139.9683  0.824280090558725       -9.0638608
7140.4863  0.8071341111454071      -9.0424829
7140.9845  0.7896316139346639      -9.0272818
7141.4977  0.7731906431785505      -9.0150549
7141.9811  0.7589524019003918      -9.0097456
7142.4846  0.7446334025799033      -9.0066255
7142.9931  0.7330496503552479      -9.0093926
7143.4966  0.721997638689637       -9.0155363
7143.9953  0.7133146150488028      -9.0235685
7144.514   0.7070261582869422      -9.0308567
7145.0328  0.7033224074909215      -9.0359923
7146.5     0.7027479367069206      -9.0297947
7147.5084  0.7051002219722233      -8.99429
7148.5072  0.7026112144067079      -8.9522046
7149.5063  0.6916207185636395      -8.9145266
7150.5058  0.6752998314355912      -8.8841195
7151.5056  0.6579388630745494      -8.8677185
7152.5057  0.6415745487718686      -8.851514
7153.5062  0.6287797143052354      -8.8412245
7154.507   0.6162288522797442      -8.8392053
7155.4881  0.6051563246587314      -8.8448415
7156.4796  0.593064784513318       -8.8559963
7157.4914  0.580213681374001       -8.8623295
7158.4785  0.5689974699669325      -8.8713438
7159.4759  0.560950112496009       -8.8737924
7160.4887  0.556302435489521       -8.8748322
7161.4818  0.5540098395579549      -8.877564
7162.4903  0.5545318788979474      -8.8855634
7163.4991  0.5561096608113516      -8.8940417
7164.5133  0.5601498780825132      -8.9018076
7165.5178  0.5655721866155529      -8.9140581
7166.5176  0.570246307655146       -8.9222318
7167.5077  0.575469064275237       -8.9296687
7168.4981  0.5814113853865682      -8.9370767
7169.4888  0.5887354132358184      -8.9406363
7170.4849  0.598519929790283       -8.9491604
7171.4712  0.6095628650882757      -8.9587426
7172.4982  0.625013374223953       -8.9779926
7173.4801  0.6399373018303706      -8.9962148
7174.4725  0.6564810766691364      -9.0185688
7175.4904  0.6735844940867297      -9.0413312
7176.4834  0.6864252230900665      -9.0714227
7177.4869  0.6949564478871245      -9.0965562
7178.4856  0.7005085412672811      -9.1235998
7179.515   0.70528835031922        -9.1439869
7180.5245  0.7083095390441494      -9.1558455
7181.5141  0.7082135522508556      -9.1565867
7182.5243  0.7079721433027741      -9.1545952
7183.5551  0.7068379738635349      -9.1494014
7184.571   0.7048514189488446      -9.1439139
7185.5771  0.7023404294303334      -9.127697
7186.5988  0.6995886397933425      -9.1094566
7187.5854  0.6971429873042173      -9.0898243
7188.5925  0.694739536319605       -9.0674623
7189.6051  0.6928431522733272      -9.0416328
7190.618   0.6918621996099632      -9.018517
7191.6312  0.6889328960894304      -8.9930982
7192.6296  0.6859650760856597      -8.9691277
7193.6181  0.6827310453384445      -8.9513358
7194.6425  0.6780540563909897      -8.9375755
7195.6267  0.6739999642136368      -8.9350831
7196.6517  0.669494304722715       -8.9459107
7197.6568  0.6651749711227314      -8.9607864
7198.6725  0.6612433418154405      -8.982731
7199.663   0.6577007786565311      -9.0021438
7200.6691  0.6535168455556506      -9.0322481
7201.6857  0.6492880272934595      -9.0609314
7202.6823  0.6444854191751114      -9.0953012
7203.6589  0.639550671000397       -9.1250077
7204.646   0.6348634441025307      -9.1580085
7205.6487  0.6306901014323575      -9.182694
7206.6466  0.6280769166607957      -9.2081842
7207.6652  0.6240004499955719      -9.222282
7208.6689  0.6221301014256925      -9.2265998
7209.678   0.620439774156005       -9.2195104
7210.6671  0.6186225860234732      -9.192707
7211.7125  0.6171688931960414      -9.1496041
7214.5193  0.6145757677576801      -8.9837536
7216.4856  0.6147127704399462      -8.8613036
7218.4889  0.617009099458282       -8.7683703
7220.4679  0.6204447729674735      -8.7184406
7222.4534  0.622617301292806       -8.7142643
7224.4351  0.6230812374603933      -8.7628107
7226.4283  0.6219212248067353      -8.842292
7228.4177  0.618884575014283       -8.9347318
7230.3878  0.6154898212630739      -9.0342253
7232.3952  0.6113595773199848      -9.1364511
7234.3885  0.6089575683002191      -9.2164666
7236.3831  0.6083124011841519      -9.2784998
7238.379   0.60814639097572        -9.3072359
7240.3814  0.6086390302546719      -9.314463
7242.3696  0.6072560497811382      -9.2962804
7244.3591  0.6043082650778205      -9.2656034
7246.3499  0.5991962113033753      -9.2340976
7248.3731  0.594466061918573       -9.2065951
7250.3665  0.5910050979481539      -9.1985075
7252.3716  0.5879724856572723      -9.2038274
7254.3883  0.5871007938747077      -9.2215582
7256.3961  0.5865417521145662      -9.2423921
7258.4103  0.5876609972176423      -9.2460596
7260.4155  0.5902284957363119      -9.2335362
7262.4531  0.592933749963334       -9.2171228
7264.4713  0.5953842090019482      -9.2019193
7266.4857  0.5973152803137044      -9.185495
7268.5014  0.5987972436630468      -9.1718701
7270.4976  0.5980073112872888      -9.1460511
7272.5159  0.5962811752239088      -9.1144398
7274.5303  0.595122011727327       -9.088156
7276.5357  0.5962929512701567      -9.0724771
7278.558   0.5978815318980792      -9.0632168
7280.5973  0.5987950406611977      -9.0499295
7282.6484  0.5982830309878053      -9.0252645
7284.6747  0.5973961184651924      -9.0093817
7286.7181  0.5962917336109528      -8.9896963
7288.7471  0.5937215274027379      -8.9806902
7290.8036  0.5908547651019718      -8.9901084
7292.8563  0.5877375415182535      -9.0238038
7294.8894  0.5855402915067162      -9.0720939
7296.929   0.5823218740344243      -9.133769
7298.9805  0.5786847420143202      -9.1862943
7301.0124  0.5747807663884225      -9.2329281
7303.0561  0.5709518370218784      -9.2711054
7305.0959  0.5654946649832122      -9.3017394
7307.1371  0.5606506644628487      -9.3259577
7309.2007  0.5556468461719785      -9.3392567
7311.2657  0.5514280415545558      -9.3449829
7313.3267  0.5461257044967597      -9.3432985
7315.3997  0.5418615340630774      -9.3431007
7317.4477  0.5370483595467695      -9.3445822
7319.5182  0.5329902859442567      -9.3511377
7321.5689  0.530287523112053       -9.3522233
7323.621   0.5283723534681891      -9.3552709
7325.685   0.5288199874220931      -9.3555592
7327.7504  0.5304581876625731      -9.3580591
7329.8066  0.5327671338733173      -9.3633079
7331.8588  0.5352947860967237      -9.3705777
7333.9443  0.5380875595790234      -9.3828074
7336.0045  0.5401307917231039      -9.3957327
7338.0609  0.5428997647745176      -9.4057659
7340.1292  0.5441875355135914      -9.407741
7342.1776  0.5459993963871065      -9.4014975
7344.2594  0.5467701185867404      -9.3847133
7346.2999  0.5457268810529158      -9.3586885
7348.3684  0.544898512303078       -9.3315701
7350.4383  0.5424183648104539      -9.3029316
7352.5362  0.5393480050842527      -9.2764034
7354.6089  0.5364886769133629      -9.253273
7356.7043  0.5336209853463623      -9.2340293
7358.7957  0.5319007613388538      -9.2161623
7360.8993  0.5282734587124545      -9.1958355
7362.9776  0.5256804454269145      -9.1839696
7365.0464  0.5219042358973482      -9.173988
7367.122   0.518720417570461       -9.1762394
7369.2205  0.5155057251740229      -9.1862643
7371.315   0.5118217933837282      -9.1992221
7373.4486  0.5083834842832337      -9.2285199
7375.5405  0.5055365890536885      -9.2671454
7377.6231  0.5035184310761087      -9.3113969
7379.7395  0.5017286482865795      -9.3675451
7381.8141  0.5004367198821978      -9.4188413
7383.9602  0.49852840758227157     -9.4631724
7386.0592  0.49601636062287263     -9.4888084
7388.1758  0.49479540092169494     -9.5066593
7390.2939  0.4931249567450601      -9.5059293
7392.3755  0.49214637531277744     -9.5032013
7394.4747  0.49095074612740636     -9.4937616
7396.6024  0.4913001422206724      -9.4864516
7398.737   0.4909225156600747      -9.4819719
7400.8513  0.491555305911208       -9.4821227
7402.9671  0.49207611157016506     -9.4865575
7405.0789  0.49309134294230084     -9.4868951
7407.2029  0.49336404252755517     -9.488259
7409.3284  0.4935618961263511      -9.4867887
7411.4444  0.49345781830808416     -9.4901494
7416.4982  0.4921409278900233      -9.488285
7420.5121  0.4899793665084412      -9.4992462
7424.5257  0.48631161676809265     -9.5184093
7428.5334  0.48094058610718393     -9.5327908
7432.5572  0.4760950154473208      -9.5367145
7436.5752  0.4699096511610819      -9.534566
7440.6147  0.46462370443704315     -9.5157506
7444.6594  0.45849465688898294     -9.4930055
7448.7092  0.4538734719810945      -9.4708898
7452.7643  0.45033607586288565     -9.4613179
7456.841   0.44833248173025736     -9.464583
7460.9286  0.44653147564767154     -9.4689136
7464.9993  0.4453283242123503      -9.4881807
7469.0585  0.44341489293721836     -9.509661
7473.1507  0.44228641925912343     -9.5427187
7477.226   0.4411444872424595      -9.5661441
7481.3175  0.4406518479635076      -9.5886315
7485.4311  0.43886208119581005     -9.6107166
7489.522   0.4359795534127203      -9.6342479
7493.6238  0.43263272897083166     -9.6576276
7497.7308  0.4293568011339048      -9.6677366
7501.8543  0.4260945559411897      -9.6637982
7505.9439  0.4236595900137615      -9.6617834
7510.0668  0.4207531336251328      -9.6625822
7514.1725  0.4175294850248138      -9.6662194
7518.2835  0.4143109073342055      -9.6780927
7522.3885  0.4115667841436495      -9.6822916
7526.5212  0.409884339615124       -9.6874942
7530.665   0.4068639279490285      -9.6875718
7534.831   0.40392711820037713     -9.6875151
7538.9742  0.4008325735193307      -9.6923625
7543.1623  0.39873118212643427     -9.701838
7547.3048  0.3969535679180279      -9.7066605
7551.481   0.39527220486313736     -9.7130767
7555.6456  0.39284927934217895     -9.7102099
7559.8212  0.39024984931307133     -9.7064909
7563.9965  0.38766648117017255     -9.7007212
7568.1886  0.38494566974463784     -9.7046628
7572.4033  0.38259255134409037     -9.7161668
7576.6006  0.3794549720232865      -9.7326102
7580.8091  0.37672194395113406     -9.753136
7585.0115  0.374775411571855       -9.7743146
7589.2481  0.37189963699079726     -9.7876986
7593.4672  0.36967752109657054     -9.7969307
7597.6802  0.3667700312998017      -9.800844
7601.9218  0.3639066816491727      -9.8046406
7606.1574  0.36173472209886304     -9.8119607
7610.3926  0.35857912622839144     -9.8215484
7614.6218  0.35674272791973544     -9.8311274
7618.868   0.35488511670600165     -9.8398358
7623.1372  0.353123051685192       -9.8421648
7627.3887  0.35098578741127645     -9.8467109
7631.6399  0.3491514238752374      -9.8518015
7635.9316  0.34607493579843784     -9.8606415
7640.2172  0.34301715321006593     -9.8728172
7644.5202  0.34045372423663034     -9.8849071
7648.8229  0.3372786297970654      -9.8964481
7653.1078  0.3352259127286601      -9.9038689
7657.4159  0.33248435303116486     -9.9031611
7661.7414  0.3301803175118152      -9.91144
7666.0784  0.3272456466776864      -9.9134424
7670.3976  0.3248936177616898      -9.9110055
7674.7048  0.32198423738878856     -9.9144733
7679.0412  0.31993441226099245     -9.9088245
7683.3833  0.3182014989628331      -9.9217606
7687.7192  0.31565215317940015     -9.9288054
7692.0786  0.3134629301055093      -9.9363753
7696.4378  0.3114485773129416      -9.9455236
7700.7611  0.3096844454758516      -9.9547392
7705.1199  0.3069785663973958      -9.9636073
7709.4784  0.30511135009560003     -9.9732307
7713.8485  0.3034205501818795      -9.9821233
7718.2305  0.30026177397782944     -9.9945081
7722.6361  0.2976194294727015      -10.003238
7727.0416  0.2952207369720832      -10.000914
7731.4109  0.29225637768394436     -10.015233
7735.84    0.28968538640597963     -10.019068
7740.2689  0.2876920061910152      -10.028851
7744.7038  0.2849511995196065      -10.019468
7749.1445  0.28251013728524327     -10.040488
7753.5488  0.2793180116386558      -10.048951
7757.9771  0.2765266160338762      -10.052594
7762.4051  0.27423495737946046     -10.060406
7766.8209  0.2718389805793034      -10.070429
7771.2667  0.2686704310579592      -10.076096
7775.7062  0.2664620618952708      -10.084521
7780.176   0.2641366212088637      -10.094953
7784.6273  0.26231846375551826     -10.101293
7789.1334  0.2604296179810222      -10.107439
7793.6087  0.2586126221104698      -10.113553
7798.0901  0.25588435252231145     -10.11454
7802.6264  0.25389271067607894     -10.125509
7807.1198  0.25118621475710545     -10.13155
7811.6436  0.24902737708690045     -10.134774
7816.149   0.24653547758077599     -10.140042
7820.6603  0.24390091167490427     -10.14718
7825.2146  0.24131432314384793     -10.153695
7829.7751  0.23963249545584        -10.158441
7834.3294  0.23792532123019391     -10.164789
7838.8897  0.23617258091539273     -10.170894
7843.481   0.2335692255375358      -10.176723
7848.0475  0.2311975939105402      -10.183772
7852.6325  0.22833032692207775     -10.191138
7857.2174  0.22580865084186932     -10.196802
7861.8085  0.22395516524978024     -10.206257
7866.4058  0.22168158723235876     -10.212697
7871.0093  0.21853465917279877     -10.221261
7875.5877  0.21558560073386646     -10.225312
7880.2223  0.2133584860281714      -10.236377
7884.8382  0.2113002414278539      -10.243151
7889.4288  0.20852614139031844     -10.251924
7894.0444  0.2060645471787217      -10.258062
7898.7041  0.20395895806593836     -10.265176
7903.3323  0.20154310618364457     -10.271314
7907.9856  0.19926632379989706     -10.278728
7912.6452  0.19692737670942606     -10.253848
7917.3112  0.19493594314700471     -10.291853
7921.9835  0.19295948999715706     -10.298519
7926.6494  0.19009743010397448     -10.306427
7931.3407  0.18802764978488357     -10.312053
7936.0512  0.18531042724963392     -10.319265
7940.7617  0.1825311201168188      -10.324815
7945.4658  0.18013337290426673     -10.330453
7950.1763  0.17795528500335855     -10.334387
7954.8996  0.17595431845111745     -10.341054
7959.5909  0.1738290224854294      -10.347835
7964.3335  0.17210779711344398     -10.355126
7969.1019  0.16933642078728578     -10.359329
7973.8253  0.16668136295875963     -10.364585
7978.5809  0.16450319494869325     -10.37035
7983.3301  0.16271443755638845     -10.37267
7988.0664  0.16085446312248924     -10.383873
7992.8479  0.15798671547907797     -10.391514
7997.6231  0.1559582714855918      -10.397863
