# XDI/1.0 
# Spectrum.license:CC BY 4.0
# Publication.authors: Bruce Ravel
# Publication.affiliation: Brookhaven National Laboratory, NSLS-II
# Facility.name:NSLS-II
# Sample.temperature:rt
# Sample.prep:powder on tape
# Sample.formula:Fe2O3
# Sample.smiles:[O-2].[O-2].[O-2].[Fe+3].[Fe+3]
# Publication.DOI: https://doi.org/10.18434/mds2-4032
# Sample.name:Hematite
# Scan.number:scan1
# Sample.id:m57nnr
# Scan.start_time:2023-05-05
# Element.symbol:Fe
# Facility.energy:3.0 GeV
# Beamline.flux:Si(111): 2x10^12 at 10 keV; 6x10^10 at 20 keV; Si(311): 4x10^11 at 10 keV; 1x10^10 at 20 keV
# Beamline.name:Beamline for Materials Measurement (BMM)
# Beamline.energy_range:4.0 - 23
# Beamline.scan_mode:Transmission
# Beamline.energy_resolution:Si(111): 1.3 x 10^-4; Si(311):1.9 x 10^-5 
# Beamline.spot_size:300 µm
# Beamline.detector:Ionization chamber
# Beamline.website:https://www.bnl.gov/nsls2/beamlines/beamline.php?r=6-BM
# Mono.name:Si(111) and Si(311)
# Element.edge:K
# Column.1:Energy
# Column.2:I0
# Column.3:Itrans
# Column.4:Irefer
# Column.5:Mutrans
# Energy  I0          Itrans     Irefer    Mutrans
6911.995  153.764882  26.536419  4.981625  0.424164160247632
6922.011  153.615519  26.79024   5.064952  0.4140530361801308
6932.017  153.592251  27.056231  5.15136   0.4043861770950081
6942.011  153.625216  27.346848  5.244414  0.39429721809170376
6951.999  153.625853  27.622615  5.333947  0.3846313227050246
6962.004  153.636022  27.904497  5.424649  0.374910496507075
6972.014  153.647517  28.18731   5.517986  0.36526483878770594
6982.027  153.624832  28.475749  5.611992  0.35531176126491215
6992.012  153.62336   28.75674   5.706691  0.3458395692653438
7002.011  153.607842  29.040474  5.802352  0.33627968070743186
7012.016  153.559501  29.319458  5.896068  0.32676315857947
7022.016  153.509119  29.599356  5.991909  0.31729000288145837
7032.008  153.456282  29.875956  6.085854  0.3079951313954644
7042.008  153.382444  30.150055  6.179597  0.2987301345612138
7052.009  153.312859  30.421979  6.272803  0.2896395671452073
7062.012  152.529537  30.558259  6.335446  0.2803957716767101
7072.007  153.124482  30.962675  6.450519  0.271477706282061
7082.643  152.800441  31.183769  6.520655  0.2625789148562788
7083.978  152.917528  31.252975  6.537738  0.26118058841499564
7085.982  153.062478  31.342703  6.558702  0.2593312511022302
7087.981  153.024843  31.387091  6.568927  0.25773054798784584
7090.313  153.055178  31.454282  6.581711  0.255860009309327
7091.965  153.067816  31.498767  6.589324  0.25457829037968754
7093.995  152.99616   31.544022  6.594166  0.25274340854357225
7095.984  152.986819  31.584422  6.595829  0.25145108893105605
7097.991  152.970909  31.624561  6.592766  0.2501269672699098
7099.992  152.97368   31.667699  6.583205  0.2488307928636204
7101.995  152.920603  31.714395  6.563974  0.247075897998302
7102.284  152.926972  31.721222  6.559995  0.24690917816760458
7102.583  152.910819  31.725449  6.555887  0.24667885423964672
7102.882  152.920837  31.73895   6.553699  0.24633192280004515
7103.184  152.903528  31.740735  6.546237  0.24616809406467768
7103.479  152.8988    31.742675  6.539471  0.24607943380789063
7103.781  152.883803  31.746457  6.532596  0.2458703112456864
7104.084  152.854324  31.745832  6.525099  0.24570359141498874
7104.382  152.845958  31.754863  6.517786  0.24537689764269732
7104.686  152.850371  31.762775  6.508697  0.2451639202867196
7104.987  152.857803  31.765693  6.499706  0.24512248125365607
7105.283  152.868846  31.772225  6.489646  0.2449943093606922
7105.587  152.860232  31.771511  6.476927  0.2449615436136186
7105.886  152.858889  31.771844  6.462299  0.2449432333431952
7106.186  152.834707  31.778491  6.448285  0.24458859231604693
7106.492  152.824677  31.775966  6.430658  0.2446020840942536
7106.792  152.814549  31.781627  6.413377  0.24436694167407924
7107.092  152.809185  31.787758  6.394443  0.2441472184289981
7107.389  152.80424   31.777852  6.368234  0.2444160902946893
7107.691  152.798547  31.782735  6.341727  0.24423202389201193
7107.989  152.800727  31.79154   6.310993  0.24397857120141392
7108.289  152.784764  31.793278  6.273238  0.24382534314892318
7108.586  152.771922  31.789501  6.229584  0.24385907259444
7108.893  152.767705  31.794974  6.177366  0.24366633290577244
7109.188  152.771424  31.79062   6.11113   0.24382245205359318
7109.491  152.755857  31.77567   6.023143  0.24417709308074168
7109.793  152.70594   31.766606  5.910225  0.2441366177461214
7110.095  152.736222  31.774748  5.75539   0.2440807232364079
7110.397  152.715211  31.764596  5.529686  0.2442561163530953
7110.699  152.69168   31.753214  5.215712  0.2444536745339796
7110.997  152.669702  31.738159  4.816549  0.24477169502028104
7111.295  152.63633   31.711238  4.353619  0.24537882503958405
7111.595  153.126678  31.778851  3.893228  0.24641769196150223
7111.893  153.101784  31.72085   3.476888  0.24802128617121638
7112.191  153.075261  31.628863  3.149947  0.25065314661997223
7112.498  153.047633  31.50325   2.899677  0.2543132733077696
7112.788  153.028576  31.370501  2.712039  0.2582634732270117
7113.09   153.004733  31.258931  2.556083  0.2615467938234639
7113.397  152.982764  31.175788  2.418442  0.26397435020223226
7113.695  152.974878  31.099059  2.296578  0.2662997545460066
7113.995  152.95621   31.023943  2.187049  0.2685124061719103
7114.3    152.946562  30.96735   2.092052  0.2702114065275152
7114.598  152.935805  30.977935  2.017463  0.2698143627688599
7114.901  152.945661  31.034728  1.964154  0.2681115076194817
7115.204  152.93504   31.088343  1.926069  0.2663807052152469
7115.5    152.923341  31.127663  1.8992    0.26508934930117406
7115.8    152.922394  31.144305  1.879507  0.26456798844332835
7116.094  152.913217  31.145494  1.861832  0.2644735459958813
7116.399  152.898695  31.134278  1.841625  0.2647289260833658
7116.698  152.887654  31.111989  1.813119  0.2653495478808753
7116.992  152.874646  31.080893  1.77082   0.2662313319565295
7117.293  152.869171  31.048049  1.710419  0.2672152680671776
7117.593  152.850419  31.022301  1.631258  0.26789660286661754
7117.903  152.831099  31.002627  1.536327  0.2683861616758331
7118.197  152.826205  30.976435  1.433226  0.2691706122087101
7118.504  152.80753   30.941685  1.327558  0.27013431065204807
7118.796  152.797565  30.869556  1.225075  0.2723199787215384
7119.097  152.785328  30.778339  1.128123  0.27509543023835153
7119.407  152.785773  30.680157  1.036869  0.2781773378601462
7119.703  152.749709  30.544505  0.952446  0.28222005282994866
7120      152.748181  30.381021  0.872293  0.2873825853909099
7120.298  152.740837  30.169443  0.793293  0.29407065258767484
7120.599  152.726354  29.918173  0.720382  0.30203947501563605
7120.896  152.714032  29.617965  0.653377  0.31168031424278836
7121.201  152.694907  29.262304  0.595269  0.32320229283133645
7121.498  152.686483  28.854271  0.545072  0.33668154295830366
7121.797  152.658288  28.37668   0.501251  0.3525873857655958
7122.1    152.641486  27.816876  0.46158   0.3716830704203365
7122.399  152.626218  27.191677  0.425981  0.39349349358995994
7122.7    152.608533  26.519968  0.394069  0.4174866937337437
7123.001  152.586176  25.846756  0.36572   0.44212460813612053
7123.303  152.579856  25.21283   0.340862  0.46601565624491054
7123.604  152.568897  24.641078  0.319724  0.4880515848502751
7123.907  152.547316  24.135793  0.301346  0.5078825714172825
7124.2    152.533793  23.681552  0.285646  0.5261070726792455
7124.495  152.536715  23.225825  0.270607  0.5448519711006112
7124.8    152.51272   22.740302  0.256526  0.5650588000605202
7125.097  152.506361  22.233743  0.242922  0.5867285232574164
7125.397  152.483016  21.696779  0.229629  0.6101406132398675
7125.696  152.438797  21.140306  0.216954  0.6349009173445482
7125.997  152.442767  20.580904  0.204966  0.6607704383575108
7126.301  152.41367   19.996475  0.192946  0.6883476330120682
7126.6    152.398386  19.426366  0.181268  0.7161262406412837
7126.904  152.368689  18.877155  0.169914  0.7435762271013203
7127.199  152.333097  18.36615   0.159327  0.7697974980461013
7127.501  152.312459  17.884079  0.148683  0.7952998499521524
7127.806  152.294464  17.424745  0.13873   0.8202615670314908
7128.102  152.288722  16.999164  0.129386  0.8440543178990603
7128.401  152.273291  16.594382  0.120434  0.8671821168407269
7128.696  152.261947  16.213268  0.111962  0.8895004090899892
7128.996  152.236283  15.873784  0.104212  0.909731330510982
7129.3    152.198812  15.593486  0.097168  0.9266625484619856
7129.601  152.177648  15.387799  0.091441  0.9393255460074457
7129.899  152.138082  15.253089  0.086798  0.9475478211260048
7130.201  152.114271  15.177994  0.083301  0.9521533359867164
7130.5    152.083461  15.12801   0.080885  0.9551369463672906
7130.802  152.065544  15.088705  0.07915   0.9575307733005419
7131.102  152.020392  15.035935  0.078598  0.9606213542083268
7131.402  151.995358  14.970154  0.078753  0.9646871979407694
7131.704  151.977213  14.873678  0.079771  0.9708037919606349
7132.001  151.967619  14.762664  0.081618  0.977962143997749
7132.303  151.956793  14.645057  0.083986  0.9856013815580885
7132.599  151.951021  14.545828  0.086663  0.992116946733496
7132.899  151.956317  14.472168  0.089876  0.9970433731758395
7133.196  151.955265  14.429114  0.093553  0.9999074849494395
7133.498  151.963428  14.428508  0.097842  1
7133.8    151.968558  14.467687  0.102278  0.9974192155687411
7134.098  151.944006  14.554777  0.106855  0.9914799420624497
7134.398  151.957983  14.67855   0.111487  0.9834080039010512
7134.703  151.955967  14.831525  0.115756  0.9734038503607607
7135.005  151.961779  15.002045  0.120238  0.962424433995812
7135.301  151.952396  15.177828  0.124397  0.9511385615258817
7135.601  151.933777  15.352148  0.127944  0.9400145903944322
7135.899  151.932402  15.515789  0.131086  0.9297887862121738
7136.201  151.92847   15.662886  0.13364   0.9206702715413104
7136.503  151.926604  15.786392  0.135471  0.9130888558875712
7136.801  151.921162  15.890429  0.136631  0.9067245913677677
7136.994  151.905586  15.949699  0.137218  0.9030374811235569
7137.99   151.905172  16.252089  0.137012  0.8849353695638975
7139.001  151.894899  16.643938  0.134207  0.8619106863556683
7140.03   151.895589  17.129413  0.131333  0.8342072472050335
7141.079  151.907334  17.61773   0.130684  0.8071938161398288
7142.141  151.905398  18.033329  0.133356  0.7847116951551988
7143.194  151.862316  18.33386   0.137848  0.7685109606242452
7144.292  151.8537    18.497022  0.141151  0.7599176616050013
7145.411  151.845004  18.531156  0.140688  0.7580856708642157
7146.557  151.849535  18.511511  0.135126  0.7591361021674541
7147.713  151.850865  18.57456   0.127045  0.7558682007460955
7148.892  151.827513  18.807464  0.120285  0.7437111448833876
7150.08   151.825717  19.142816  0.116675  0.726668137912957
7151.31   151.831356  19.494593  0.115508  0.7091548461021773
7152.534  151.808489  19.781412  0.11479   0.694934511872283
7153.784  151.79427   20.042238  0.115298  0.6822204383093262
7155.049  151.77821   20.298628  0.117696  0.6698687153610642
7156.346  151.776818  20.567964  0.121553  0.6571565691949938
7157.65   151.754902  20.8361    0.125005  0.6445359743810406
7158.984  151.742206  21.033525  0.126915  0.6353663836926804
7160.33   151.70997   21.132708  0.127912  0.6306288421452314
7161.703  151.680911  21.145465  0.129012  0.6298627018827777
7163.084  151.640267  21.100302  0.131064  0.6316648179718196
7164.495  151.590559  21.003809  0.132963  0.6357653548482225
7165.909  151.558541  20.896714  0.134706  0.6404884409190214
7167.355  151.5165    20.772601  0.135453  0.6459622480771808
7168.811  151.462557  20.598997  0.135965  0.6537065287678441
7170.294  151.445608  20.359439  0.136758  0.6648719389323572
7171.797  151.426767  20.043376  0.138842  0.679829502471405
7173.316  151.396501  19.666568  0.142372  0.6979267955388473
7174.856  151.367056  19.284491  0.147051  0.7166466378006862
7176.413  151.34295   19.031668  0.153747  0.7292103744064822
7177.985  151.328805  18.888823  0.160663  0.7363812545233596
7179.587  151.288765  18.802798  0.165224  0.7405251578297127
7181.191  151.271774  18.778376  0.166094  0.7416690678819546
7182.836  151.237631  18.799803  0.164751  0.7403526558083551
7184.483  151.213152  18.859167  0.161819  0.7371579954686902
7186.157  151.170543  18.938382  0.156084  0.7328473723316393
7187.849  151.140845  19.012493  0.148657  0.7288942813170677
7189.557  151.131247  19.08022   0.141138  0.7254056929521843
7191.286  149.378088  18.938002  0.131773  0.721371651268372
7193.037  150.7456    19.226468  0.127012  0.7155856058145709
7194.803  150.90321   19.383704  0.12565   0.7087433468668719
7196.587  150.893518  19.531872  0.129396  0.70134310652048
7198.392  150.871009  19.669068  0.136873  0.6944536263490574
7200.215  150.821098  19.810676  0.147451  0.6872210695318063
7202.064  150.79213   19.957334  0.160276  0.6799287634110684
7203.918  150.758426  20.123179  0.175142  0.6717373266426966
7205.801  150.708483  20.260004  0.188811  0.6648883218058936
7207.699  150.62727   20.355491  0.195276  0.6598375782643598
7209.62   150.563677  20.429918  0.18943   0.655913398203088
7211.555  151.092279  20.564422  0.170963  0.6529664083633607
7213.518  151.042388  20.60238   0.144861  0.650871327947544
7215.489  150.987769  20.610773  0.121099  0.6501302438446172
7217.489  150.947211  20.590424  0.104054  0.6508231430253772
7219.504  150.902402  20.544912  0.094604  0.6526695892428125
7221.533  150.845305  20.506756  0.093123  0.6540958629389527
7223.588  150.773815  20.507586  0.099349  0.6536005219390769
7225.662  150.664375  20.533817  0.112414  0.6516692702586279
7227.748  148.058487  20.238186  0.128049  0.6488302146445543
7229.86   150.841013  20.706581  0.152238  0.6447238955774917
7231.991  150.789342  20.793388  0.175987  0.6403621964229442
7234.13   150.719731  20.853207  0.19789   0.6371482621144122
7236.303  150.678048  20.888169  0.213587  0.6352680864514599
7238.491  150.638449  20.9194    0.220814  0.6335748682865152
7240.692  150.597311  20.955212  0.219505  0.6316628905749329
7242.91   150.59328   21.024656  0.212441  0.6284489562664011
7245.162  147.824799  20.747534  0.19914   0.6233538825964735
7247.421  150.341959  21.21765   0.194571  0.6180333034908049
7249.699  150.353494  21.31892   0.191991  0.6135183762837669
7252.003  150.253031  21.371084  0.194557  0.6105193467280994
7254.321  147.747909  21.055891  0.197415  0.6086353162713736
7256.659  150.345428  21.43323   0.204812  0.6083134409912989
7259.019  150.183395  21.377887  0.20298   0.609765734545409
7261.392  149.718668  21.26595   0.195813  0.611838649897029
7263.784  135.776053  19.221922  0.172146  0.6150227095538173
7266.203  150.011388  21.264448  0.186219  0.6137891755463448
7268.632  150.540505  21.344409  0.181821  0.613564633809047
7271.09   150.482424  21.386134  0.173268  0.611311506848523
7273.561  148.909214  21.209725  0.163135  0.6091653504152095
7276.06   150.544786  21.463479  0.159924  0.6082315266236151
7278.568  150.476917  21.459828  0.15684   0.6079607273610371
7281.076  150.442316  21.468545  0.152747  0.6073478151510742
7283.633  149.081861  21.317677  0.145887  0.6053895799142117
7286.207  150.118788  21.536816  0.14218   0.6022132298449698
7288.781  150.180603  21.639161  0.140803  0.59804137928376
7291.398  150.117509  21.730906  0.147141  0.5935592178237954
7294.018  150.116261  21.831338  0.160674  0.5891078947140177
7296.661  150.071997  21.926473  0.178263  0.5846324791431564
7299.322  149.955085  22.023918  0.196026  0.579608719158036
7302.006  148.683664  21.970613  0.210451  0.5737378682412215
7304.709  150.105929  22.316165  0.225496  0.5678737632135102
7307.422  150.043819  22.45136   0.234669  0.5616540534602075
7310.163  149.994818  22.58304   0.238869  0.5557041792710393
7312.919  149.920673  22.712258  0.24014   0.5497292489223443
7315.692  149.83473   22.843264  0.241253  0.5436338562682319
7318.481  149.778594  22.959756  0.243847  0.5383701353707204
7321.304  149.738364  23.044655  0.245512  0.5345548532335457
7324.134  149.67871   23.081406  0.246655  0.5326351659344165
7326.981  149.621147  23.082556  0.247198  0.5322159571115646
7329.856  149.535294  23.043948  0.248355  0.5332760253992361
7332.757  149.509998  23.019919  0.252712  0.5341182978387136
7335.661  149.477288  22.990557  0.25815   0.535137890791765
7338.585  147.918626  22.729516  0.258386  0.5360408762331726
7341.527  149.236864  22.935256  0.257949  0.5359069221495487
7344.502  149.245304  22.973583  0.248648  0.5343524765604446
7347.481  149.14509   23.02526   0.236337  0.5315404045027846
7350.491  149.132588  23.12557   0.224428  0.5272702567003543
7353.51   149.076293  23.229356  0.214904  0.5225905370595055
7356.557  148.998155  23.319825  0.206813  0.518339663225942
7359.621  148.928304  23.415686  0.200044  0.5139345976414443
7362.703  148.849469  23.513623  0.195418  0.5094023238624263
7365.806  148.792675  23.624507  0.194382  0.5044999898811663
7368.919  148.739801  23.746868  0.198094  0.4991794107754979
7372.058  148.691954  23.867461  0.207492  0.49398796726123656
7375.211  148.623058  23.966609  0.223929  0.48954628113589205
7378.393  148.53204   24.047005  0.248265  0.4857281079033873
7381.581  148.46019   24.124662  0.27551   0.4821547140754905
7384.803  148.379583  24.202245  0.297176  0.4785369901192
7388.031  148.317883  24.28122   0.306139  0.4749973257368198
7391.277  148.243699  24.353292  0.305223  0.47165811063065394
7394.552  148.175351  24.409826  0.300509  0.468979992656618
7397.848  148.122326  24.44165   0.297081  0.4673792895422336
7401.155  148.043612  24.447625  0.296613  0.4666314595502035
7404.474  147.94675   24.449313  0.298033  0.4659337418772267
7407.829  147.876388  24.462605  0.297932  0.4649517331634655
7411.194  147.790146  24.485064  0.29778   0.46350522180001535
7414.573  147.716098  24.533441  0.297993  0.461120068152754
7417.982  147.623942  24.596373  0.299666  0.4580497249122793
7421.406  147.513851  24.671101  0.304218  0.4544079084949054
7424.859  147.409254  24.766323  0.311977  0.4500115161963979
7428.324  147.356805  24.881115  0.318278  0.4452122979485752
7431.8    147.244104  24.994869  0.320148  0.4400786763409141
7435.291  147.141037  25.10569   0.319737  0.43514068551725077
7438.816  147.035355  25.231517  0.316459  0.4296302578182445
7442.354  146.883903  25.350537  0.30933   0.4241024835472583
7445.91   142.952941  24.802804  0.293677  0.41901030097266095
7449.488  146.848143  25.583359  0.29638   0.41505720995808887
7453.086  145.323185  25.409122  0.292341  0.41158307706985564
7456.697  146.661496  25.727431  0.296566  0.40841925508037735
7460.326  146.170965  25.718092  0.298394  0.405540687830127
7463.988  146.464364  25.836117  0.304494  0.4030610917354186
7467.657  142.442661  25.200663  0.305113  0.4002278183120052
7471.352  146.383081  25.97247   0.325153  0.3974533304936353
7475.063  146.253346  26.015301  0.33569   0.39501035493977377
7478.786  146.14395   26.063846  0.344351  0.3924931746057751
7482.533  146.060078  26.123087  0.352947  0.38975241623292206
7486.305  145.929071  26.190372  0.363448  0.38640838263453964
7490.088  145.819064  26.265006  0.374263  0.38293906823852314
7493.89   145.707781  26.349067  0.38304   0.37912378610134834
7497.722  145.605274  26.436745  0.386731  0.37524393616847007
7501.565  145.498149  26.517725  0.386387  0.371587664274446
7505.415  145.357947  26.595556  0.385411  0.36783405883764486
7509.297  145.216237  26.679335  0.386028  0.36386362125109256
7513.203  145.115632  26.772844  0.389223  0.3598237973766201
7517.137  144.990689  26.857827  0.393574  0.35593912895152513
7521.064  144.854923  26.933817  0.397288  0.35231369540768787
7525.026  144.714031  27.00523   0.399366  0.34882414334436124
7528.997  144.620506  27.091323  0.400173  0.3451341420048205
7532.997  144.499198  27.170883  0.401004  0.34149907147654984
7537.011  144.379198  27.251252  0.40373   0.3378524365669592
7541.043  144.250612  27.324999  0.407605  0.3343889043616029
7545.095  144.092865  27.388061  0.41205   0.33111329335269724
7549.147  143.941012  27.461234  0.415202  0.32752544404815026
7553.258  143.792641  27.533516  0.415968  0.32399830774553356
7557.368  143.687625  27.621971  0.414163  0.3202032632756689
7561.496  143.55277   27.702243  0.411925  0.316501697554808
7565.646  143.410719  27.783684  0.412561  0.31271918116470676
7569.806  143.261672  27.854432  0.416835  0.30926624964222693
7574      143.084943  27.927394  0.42489   0.30555504693693264
7578.189  142.933934  28.008817  0.435986  0.3017320552122113
7582.424  142.794965  28.093417  0.448095  0.29788882582017967
7586.665  142.630775  28.172238  0.457291  0.29407932587366503
7590.92   142.453481  28.247546  0.463731  0.2903083738648838
7595.207  142.256316  28.321862  0.468177  0.2864410520117687
7599.509  141.972428  28.381172  0.470486  0.28250048907696
7603.818  141.429355  28.389143  0.472991  0.2785367973795112
7608.16   141.204895  28.454859  0.478635  0.27477740975205006
7612.524  140.968362  28.517193  0.485638  0.27105271526854907
7616.905  140.942583  28.610987  0.491955  0.26771253646393994
7621.29   141.027558  28.719298  0.495119  0.2646518302078987
7625.706  141.040205  28.822822  0.496974  0.26127021237022596
7630.138  140.924481  28.907712  0.500523  0.25764574252483224
7634.591  140.785221  28.993533  0.506755  0.2538362425783174
7639.066  140.650565  29.093916  0.51538   0.24958247764942396
7643.554  140.502362  29.195188  0.524451  0.24521788739954659
7648.062  140.351155  29.289357  0.531883  0.2410768751885236
7652.591  140.146306  29.369967  0.537048  0.23702066844051425
7657.141  139.995553  29.458231  0.541733  0.23309166988702573
7661.713  139.809897  29.536029  0.544737  0.2292715692576342
7666.292  139.654199  29.619832  0.546991  0.2254668878033361
7670.903  139.46437   29.701366  0.548598  0.22150705089966072
7675.521  139.427797  29.808109  0.54995   0.21779681189280986
7680.176  139.575059  29.948956  0.552683  0.21427160298707967
7684.831  139.319382  30.011141  0.555735  0.2105054694705151
7689.511  139.449693  30.149616  0.562797  0.20697062358035168
7694.207  139.178471  30.206587  0.569753  0.20327484005015098
7698.926  138.958169  30.267498  0.576804  0.19980648935257775
7703.675  138.73977   30.329929  0.583855  0.19630537290793115
7708.417  138.656724  30.421014  0.591428  0.19283894960724485
7713.193  138.39326   30.481387  0.599022  0.18909498115487694
7717.998  138.138726  30.548445  0.606996  0.1852035668406785
7722.809  138.036409  30.655854  0.615543  0.18110688475804906
7727.641  137.817512  30.734997  0.621392  0.17709211704310346
7732.501  137.580443  30.811568  0.626968  0.1730359102950941
7737.369  137.29968   30.87478   0.632233  0.16909149256651215
7742.259  137.374992  31.010422  0.639364  0.16539570903631126
7747.175  137.102735  31.080465  0.645245  0.1613096276365585
7752.111  136.890468  31.167706  0.650801  0.15711561201115204
7757.041  136.692801  31.253133  0.657004  0.15308446142266954
7762.018  136.476464  31.33794   0.664615  0.14894730400541983
7767.002  136.287852  31.427043  0.672856  0.14487760547920397
7772.008  136.044409  31.50183   0.681095  0.14086476516114488
7777.039  135.812383  31.576557  0.688861  0.13693576660765616
7782.071  135.576909  31.641433  0.695305  0.13328624060273553
7787.123  135.366427  31.715572  0.702128  0.12953359886437787
7792.208  135.196022  31.79952   0.708704  0.12577228384003003
7797.3    135.043714  31.891195  0.714786  0.12191170787601822
7802.422  134.833931  31.973138  0.720057  0.11794030659102289
7807.564  134.649776  32.058096  0.725769  0.11406527515036113
7812.715  134.45066   32.138597  0.731102  0.11022300945677294
7817.9    134.244119  32.218053  0.736952  0.10636146979431786
7823.091  134.029152  32.293955  0.743282  0.10254907875247304
7828.314  133.78011   32.366267  0.749577  0.09860176992856111
7833.541  133.574466  32.446289  0.755682  0.09473926656766278
7838.791  133.068314  32.454906  0.760872  0.0908247234908242
7844.061  133.184812  32.620023  0.770294  0.08677719002880502
7849.35   132.912057  32.688979  0.777491  0.08276724080607592
7854.661  131.81664   32.552333  0.780103  0.07882860526815395
7859.996  132.481373  32.852793  0.793639  0.07482154714075484
7865.354  132.299137  32.946856  0.802963  0.07074028423321882
7870.717  132.064927  33.026053  0.812001  0.06671877062916977
7876.101  131.804405  33.095884  0.820663  0.0627801350912478
7881.514  131.564977  33.167716  0.828933  0.058938833096102865
7886.931  131.342925  33.247017  0.838066  0.05500983454261434
7892.383  131.121603  33.329257  0.846494  0.051003740113658706
7897.846  130.827201  33.387684  0.85465   0.047148946340307085
7903.329  130.619875  33.470182  0.86339   0.043242112851015216
7908.829  130.389352  33.548119  0.871845  0.03929865882087653
7914.35   130.134733  33.616748  0.879921  0.03544579244441142
7919.887  129.909712  33.701406  0.888551  0.03135392885399871
7925.434  129.696144  33.776636  0.897142  0.027619597386064468
7931.011  129.322903  33.822026  0.904737  0.023547971462961684
7936.613  128.968535  33.868031  0.911845  0.019593916749946292
7942.222  128.97564   34.011072  0.920698  0.015584931225660664
7947.87   128.6323    34.049928  0.927059  0.01191613125187315
7953.52   128.324472  34.102156  0.934005  0.008129760067998669
7959.187  128.039065  34.172754  0.942137  0.003991638952305687
7964.884  127.744754  34.235694  0.949834  0
