# XDI/1.0 
# Spectrum.license:CC BY 4.0
# Publication.authors: Peter Blanchard, Miranda Vu, Joel Reid, Erika Bergen, Jeff Warner
# Publication.affiliation: Canadian Light Source
# Facility.name:CLS
# Sample.temperature:r.t
# Sample.prep:powder, 500 um
# Sample.formula:Fe2O3
# Publication.DOI: https://doi.org/10.20383/103.01329
# Sample.name:Hematite
# Scan.number:scan3
# Sample.id:lop9zu
# Scan.start_time:2022-03-21
# Element.symbol:Fe
# Facility.energy:2.90 GeV
# Facility.xray_source:Bending magnet
# Beamline.name:IDEAS
# Beamline.scan_mode:Transmission
# Beamline.website:https://ideas.lightsource.ca/
# Beamline.detector:Ionization chamber
# Beamline.energy_range:1.8 - 13.0
# Beamline.flux:5E10-7E11 ph/s
# Mono.name:InSb(111), Ge(220)
# Element.edge:K
# Column.1:Energy
# Column.2:I0
# Column.3:Itrans
# Column.4:Irefer
# Column.5:Mutrans
# Energy I0       Itrans   Irefer  Mutrans
6912     1020700  773025   728261  0.28618019108825715
6922     1080070  823293   770071  0.2805420503915389
6932     1079490  832688   779187  0.2701756881707531
6942     1079950  842438   789246  0.26039289646356073
6952     1084900  856938   803516  0.24949582003753504
6962     1080800  862213   809411  0.24083997343261979
6972     1075790  867941   815568  0.23101127992538498
6982     1075420  878321   826411  0.22034103982367187
6992     1069670  882944   831450  0.21108534881292562
7002     1062560  886398   835650  0.20186224769559774
7012     1064190  897212   847286  0.1926218035202077
7022     1053300  896760   847888  0.1840890679570344
7032     1050930  904025   855934  0.17508580821090236
7042     1052650  914756   865499  0.16621889959613767
7052     1056860  934490   887533  0.1510827504017415
7062     1056810  945680   899404  0.14065828130138563
7072     1046790  947772   903237  0.13042075452639768
7082     1061370  971635   925518  0.12079580071872002
7082.5   1060730  970604   924548  0.12119573490807296
7083     1061010  971938   925709  0.12022790327012044
7083.5   1061380  973238   926936  0.11936609670415281
7084     1062080  974746   928130  0.11859065631315424
7084.5   1062010  974738   928306  0.11854032206205996
7085     1062210  975698   929210  0.1178458963204701
7085.5   1061990  976071   929387  0.11733180592862662
7086     1061980  975678   928949  0.11767487881974456
7086.5   1061590  976466   929781  0.11665026118934164
7087     1060960  976157   929333  0.11640852373842953
7087.5   1060430  976018   929047  0.11609688159388158
7088     1059900  975778   928761  0.11587532328787194
7088.5   1059680  975347   928289  0.11607962172964428
7089     1058790  975317   928077  0.11537352523249617
7089.5   1058050  975511   928292  0.11459016529053552
7090     1057210  974563   927280  0.11474547054091305
7090.5   1056640  973814   926544  0.11494570115051995
7091     1055870  974288   926790  0.11388532412977458
7091.5   1055280  973776   926237  0.11385628806920557
7092     1054900  973269   925927  0.11399640504109723
7092.5   1054720  974627   926861  0.11263128858042143
7093     1054230  973610   925757  0.11313663903563391
7093.5   1054000  974452   926469  0.11219225688347925
7094     1053460  974433   926068  0.11176224455557231
7094.5   1052900  974266   925615  0.11144793366780645
7095     1052800  974266   925552  0.1113650828836376
7095.5   1052880  975016   926040  0.11076012119808622
7096     1052640  974932   925933  0.11063641584507351
7096.5   1051980  975014   925538  0.11001595581599873
7097     1051640  975119   925382  0.1096400516188669
7097.5   1050770  974561   924385  0.10941742458584222
7098     1050100  974003   923467  0.10936063686865384
7098.5   1049470  973058   921867  0.10968388386722282
7099     1048560  971135   918742  0.11065275775562777
7099.5   1047720  970285   917437  0.11071750649761966
7100     1047190  970308   917220  0.11025545871506492
7100.5   1046710  970468   916942  0.10971170773490788
7101     1045840  970289   916189  0.10914728322924379
7101.5   1044540  969321   914768  0.10893300036458682
7102     1043660  969349   914640  0.1081726064553995
7102.5   1042690  969633   914553  0.10710597273499854
7103     1041250  968874   913246  0.10658353736658131
7103.5   1039910  967855   911328  0.10637815236564895
7104     1038850  967170   909548  0.10610613813072352
7104.5   1037680  966004   907134  0.10617542134168836
7105     1036380  964782   904406  0.10618608584745118
7105.5   1035450  963826   901938  0.10626776015202702
7106     1034980  963472   899880  0.10619216859628422
7106.5   1034120  962722   896636  0.10614633689296228
7107     1033430  961889   892830  0.1063192019742241
7107.5   1032910  961241   888338  0.1064680119705445
7108     1032350  960307   882435  0.10684294886511388
7108.5   1031660  959568   875485  0.10693126029665641
7109     1031180  958350   864593  0.10763323895532814
7109.5   1031180  957555   853140  0.10835715183386067
7110     1031040  956159   834633  0.10951134348507108
7110.5   1031320  954982   813419  0.11082262771927684
7111     1031290  952690   782486  0.112893315775597
7111.5   1030940  948806   740578  0.11616073183735598
7112     1031080  944026   690022  0.12068482875109494
7112.5   1031080  937562   645686  0.12667820637010427
7113     1033910  932505   609380  0.13378680506397292
7113.5   1035080  925784   579714  0.141083159414008
7114     1035200  917118   551169  0.14938803788798297
7114.5   1035550  911481   531197  0.15506095016836757
7115     1035270  907306   514541  0.15882974704117211
7115.5   1035430  906347   503240  0.15988703020792386
7116     1035120  906096   494324  0.15986743575196033
7116.5   1034360  904645   486619  0.16062474008760633
7117     1034340  902805   478550  0.1623838810858768
7117.5   1033720  899348   469081  0.16520743824919512
7118     1033590  895562   456721  0.16877759551856036
7118.5   1033240  890905   444205  0.17303000602499313
7119     1032530  883290   428110  0.17991836939820874
7119.5   1031710  873592   412388  0.18885558790050835
7120     1031140  859600   395542  0.20245784199715658
7120.5   1030360  842963   380622  0.21884595942660742
7121     1029660  822083   366532  0.2401317747360653
7121.5   1028890  798618   354258  0.2647396643028109
7122     1028190  768590   342231  0.2975767452061266
7122.5   1026580  728894   329901  0.3424669948455405
7123     1025120  690012   320188  0.3890441336519155
7123.5   1023430  647633   311160  0.442895113864273
7124     1021710  612534   304665  0.4900318925621025
7124.5   1018940  573819   297919  0.5446162540232407
7125     1016270  544948   293454  0.5873585343574201
7125.5   1012540  515575   289083  0.6324828146464542
7126     1009460  490743   285767  0.6728837637732074
7126.5   1008910  468489   282906  0.712889764286673
7127     1011650  447097   280268  0.7560240023236262
7127.5   1015610  428279   278029  0.7969411355125714
7128     1018500  410365   275870  0.8366910579036488
7128.5   1020140  397271   274342  0.8663815686239632
7129     1021180  386021   272924  0.8923287041073312
7129.5   1021950  374954   271435  0.918359860676479
7130     1022720  367726   270640  0.9359962890273062
7130.5   1023410  362318   270026  0.9495083576321791
7131     1024000  359108   269724  0.9577737301397151
7131.5   1025160  356329   269859  0.9655379263705398
7132     1025740  352823   269866  0.9746565020749447
7132.5   1025930  349427   269780  0.9832547608271681
7133     1026340  346241   270083  0.9915931661488043
7133.5   1026560  343917   270186  0.9976547807413062
7134     1027070  343164   270730  1
7134.5   1027210  343666   270988  0.9988437844135712
7135     1027320  345796   271438  0.9935475003005434
7135.5   1027430  349059   271837  0.985448344124355
7136     1027730  352962   272042  0.9760035826296694
7136.5   1027640  355752   270738  0.9690592184102763
7137     1028180  359537   270742  0.9602857713532293
7137.5   1028460  363834   271247  0.9501598819360911
7138     1028820  368189   272486  0.9400860173282843
7138.5   1028760  372525   273650  0.9298225330280376
7139     1029100  376837   274373  0.9200719004254183
7139.5   1028720  380237   274355  0.9119147849708916
7140     1028650  384779   274550  0.9014974526084237
7140.5   1028510  388864   274600  0.8921668373112636
7141     1028760  393462   274900  0.8821251705203766
7141.5   1028510  397919   275066  0.8720876660918535
7142     1027950  401182   274865  0.8644888053691979
7142.5   1027830  404991   275150  0.8561440883500749
7143     1027730  408475   275237  0.8485872570175141
7143.5   1027920  412086   275608  0.8410711349918746
7144     1027600  414453   275432  0.8358034621719419
7144.5   1027580  416747   275880  0.8309716420087204
7145     1026820  418061   275695  0.8275802419562026
7145.5   1026400  418802   275594  0.8256786285285975
7146     1025930  419161   275342  0.8245316870606273
7146.5   1026000  419255   275173  0.8243956057070323
7147     1026080  419369   275047  0.8242264640924728
7147.5   1025640  419323   274828  0.8239480156437353
7148     1025340  419593   274219  0.8231313465903094
7148.5   1025060  420124   273542  0.8217899064818979
7149     1024780  420697   272175  0.8203627054823728
7149.5   1024220  422046   271240  0.8170932922534219
7150     1023800  425025   271915  0.8106000803093022
7150.5   1023640  428592   272466  0.803173609819772
7151     1022670  431490   272358  0.7964683119270997
7151.5   1020930  433911   271977  0.7901023187159769
7152     1020010  436662   271771  0.7838030075516685
7152     1018900  437083   271378  0.7820126360966994
7153.24  1023660  444757   271697  0.7708960010056628
7154.51  1026270  451733   271720  0.7595415165210029
7155.79  1027530  459794   273902  0.7451833123332755
7157.09  1028140  466329   274459  0.7333904579296932
7158.41  1028650  471952   274561  0.7233678174743288
7159.75  1029520  476304   274583  0.7160984562751368
7161.11  1030400  478807   274468  0.7122718003060254
7162.49  1030700  478691   273911  0.712737086412604
7163.88  1032400  477668   274008  0.7160407888835907
7165.3   1035770  476456   274572  0.7210996382675345
7166.73  1039260  473814   273985  0.7288842988086547
7168.19  1041890  467641   268936  0.7425281901678337
7169.66  1045230  467872   274755  0.7448892633536496
7171.15  1049750  464534   276993  0.7548989169786913
7172.66  1054470  458686   277973  0.7698632185582238
7174.19  1058710  451862   278963  0.7864385333786532
7175.74  1062230  444973   279355  0.8027351779060199
7177.31  1067380  441023   280823  0.8147319779101719
7178.9   1071930  439360   281966  0.8217379157816543
7180.5   1077810  439673   283513  0.8258885514733066
7182.13  1083840  441597   285092  0.8269463422971502
7183.77  1088730  444028   286079  0.8260842245564484
7185.44  1092060  446628   286191  0.8236553482131713
7187.12  1094360  448612   285487  0.8216242614495447
7188.82  1098670  451519   285261  0.8194187150481239
7190.54  1105610  455631   285799  0.8170033700283427
7192.28  1110940  458514   284942  0.8156964380441558
7194.04  1116080  459729   281323  0.8174145810582213
7195.82  1120950  463305   280963  0.8144536603294403
7197.61  1125240  466265   279877  0.8122303986039224
7199.43  1130870  477746   290709  0.7953653116880878
7201.27  1137040  483951   293868  0.7888551119594827
7203.12  1144170  490865   297018  0.7819339872554548
7204.99  1151050  497536   299882  0.7753885608296138
7206.88  1158360  503795   302437  0.7700057352866689
7208.8   1166780  510168   305068  0.7653581174589912
7210.73  1174520  515449   306288  0.7621423631023551
7212.67  1184010  521399   307034  0.759150576897761
7214.64  1193930  526718   306574  0.7575749400733741
7216.63  1203260  531903   306981  0.7558201559723027
7218.64  1212600  535596   306841  0.7565295677986676
7220.66  1223250  540419   309022  0.7563375037769023
7222.71  1233490  545012   311479  0.7562269409702004
7224.77  1244570  550537   314934  0.7552291983577697
7226.85  1255760  556362   318880  0.7538561041371208
7228.95  1266620  562531   322882  0.751748541362935
7231.07  1276500  569199   327573  0.7482472880311476
7233.21  1285680  575320   331902  0.7451676568915958
7235.37  1295600  581232   336193  0.7429542673164807
7237.55  1306450  586807   340134  0.7419019662508889
7239.75  1314320  590620   342235  0.7414911410723981
7241.96  1321800  594316   343394  0.7409997693937423
7244.2   1327440  597813   343215  0.7395962473489865
7246.45  1334150  601726   341611  0.7383034313877983
7248.73  1340050  607956   342998  0.7331675560242694
7251.02  1344920  612218   342968  0.7302381187609669
7253.33  1349510  615478   343326  0.7285774954859862
7255.66  1356690  619497   344957  0.7275287264989416
7258.01  1367540  624377   347328  0.7276326181054155
7260.38  1382320  630569   350568  0.7284015525883863
7262.77  1396120  635633   353087  0.7300893962807203
7265.17  1409520  640220   354836  0.7321495341453805
7267.6   1418140  642940   355908  0.7337697277561664
7270.04  1422190  643781   354889  0.7351170601750094
7272.51  1424540  644299   352910  0.7358556490032875
7274.99  1427540  645402   351280  0.736198682459532
7277.49  1431070  645282   349084  0.7385152183068422
7280.01  1434510  645415   348519  0.7404297486094115
7282.55  1437190  645726   346748  0.7416376551840524
7285.11  1441410  647291   345459  0.7420836476435261
7287.69  1446090  650620   344524  0.7404365536452872
7290.29  1446030  651015   340584  0.7398709395417482
7292.9   1448170  654381   340750  0.7366624247751531
7295.54  1449980  657007   341407  0.7342585125248295
7298.19  1452000  660461   342204  0.7308990884459283
7300.86  1456170  664876   343229  0.727588995840158
7303.56  1460410  669401   343532  0.724208672825868
7306.27  1464240  675613   345353  0.7184358053287334
7309     1466320  679591   345031  0.7145530520011989
7311.75  1471480  686299   345461  0.7090493886100913
7314.52  1485960  698523   349293  0.7021910761661266
7317.3   1504740  713322   354512  0.6948588062495222
7320.11  1526390  729733   361252  0.6874788129528026
7322.94  1546470  744294   367433  0.6816449421245039
7325.78  1561410  752737   369934  0.6801921930159253
7328.64  1570920  757194   372586  0.6803392423562911
7331.53  1573340  755554   371236  0.6835733208817443
7334.43  1567800  748480   366792  0.6887018769867943
7337.35  1559830  739143   361230  0.6952061884277015
7340.29  1554780  732412   356453  0.7003574583804033
7343.25  1558420  731994   355032  0.7028952342431282
7346.23  1568570  737258   355626  0.7023075757438578
7349.23  1575460  741689   354465  0.7009038775317118
7352.24  1582400  747963   354538  0.6973901838492844
7355.28  1585280  753721   353722  0.6922869161433232
7358.33  1575220  754363   352858  0.6859911182327598
7361.4   1508780  728062   340619  0.6793563655448404
7364.5   1588280  765917   348856  0.6799344290654864
7367.61  1624770  786928   352250  0.6761413863205806
7370.74  1609490  780899   344135  0.6746079177504053
7373.89  1582340  768532   334270  0.6736929016677289
7377.06  1546860  753321   327203  0.6713491123138846
7380.25  1458880  717825   319551  0.6623710853280798
7383.45  1534720  746249   320247  0.6727037780784482
7386.68  1557190  758672   324844  0.6709807777220163
7389.92  1576380  772650   331458  0.6657396276713933
7393.19  1597740  785976   334521  0.6625635674178872
7396.47  1611120  798598   341654  0.6559411303650315
7399.77  1613460  802857   344175  0.6525674672658106
7403.09  1573510  788612   344933  0.6463131412374217
7406.43  1661310  831119   358717  0.6478824928800496
7409.79  1692300  846224   362757  0.6482933333309465
7413.17  1685920  841642   358372  0.6497345493750869
7416.57  1668250  832205   351420  0.6503797898868198
7419.98  1629210  813143   341077  0.64993656032707
7423.42  1519680  765873   327683  0.6414710974993332
7426.87  1612560  803381   324314  0.6515116251593431
7430.35  1632040  815556   324329  0.6488657559586668
7433.84  1645520  829186   328320  0.6415832050333767
7437.35  1662720  845256   333368  0.6339099170841761
7440.88  1690380  869462   342903  0.6236721898257573
7444.43  1708800  887468   347756  0.6152459815060827
7448     1727010  904698   352196  0.6077193866290149
7451.59  1730160  911089   350645  0.6031685384575679
7455.2   1713240  902893   341979  0.6024785183411107
7458.82  1680180  882851   327072  0.6050624508317796
7462.47  1657400  869216   316674  0.606731993157595
7466.13  1644380  861992   310787  0.607132350251137
7469.82  1631120  854745   305039  0.6074344197143694
7473.52  1634700  858339   305640  0.6056867413807142
7477.24  1628020  855785   303657  0.6047143085601894
7480.98  1617020  849747   298839  0.6049767949095576
7484.74  1602080  842393   293265  0.6044620040425602
7488.52  1584640  833724   286979  0.6039374986701028
7492.31  1571190  827770   281693  0.6027538963836264
7496.13  1565660  828189   280041  0.5992369054462459
7499.97  1560910  828770   277372  0.5959747329687326
7503.82  1560240  831813   275858  0.592403288130496
7507.7   1578130  846961   279993  0.586605978388012
7511.59  1587720  857054   281808  0.5815572641386882
7515.5   1593890  864950   282747  0.5769408808282428
7519.43  1592850  868288   281628  0.5730116654613857
7523.38  1580260  863799   276589  0.5706110063229093
7527.35  1577760  865947   274942  0.5670634947751229
7531.34  1584440  874004   276122  0.5626703288235287
7535.35  1597150  886632   279380  0.5571266322591095
7539.37  1607160  896721   281078  0.5527067972349271
7543.42  1620500  910203   285662  0.5469001271611883
7547.48  1636770  925821   291683  0.5407738147254921
7551.56  1645880  935831   293995  0.5362347560689675
7555.67  1654550  944893   293888  0.5324115626302802
7559.79  1649000  945973   291837  0.5284841798960782
7563.93  1641000  944995   287931  0.5251443034390021
7568.09  1629590  941987   283643  0.5218390049724158
7572.27  1627570  945447   283076  0.517558915916578
7576.46  1625350  948615   283020  0.5134503022421186
7580.68  1626150  953275   282926  0.5096049509751961
7584.92  1611240  948338   279635  0.5060994234334123
7589.17  1612660  954317   281167  0.5013855424088751
7593.45  1626760  968818   285669  0.4958241824075747
7597.74  1648810  989084   292232  0.4895096587590694
7602.05  1659970  1002430  295796  0.4837024850084103
7606.38  1646370  998932   291770  0.4795756227348112
7610.73  1625210  989768   285445  0.4763309575708048
7615.1   1604190  979824   279049  0.4737834447658257
7619.49  1587260  973812   275746  0.4698973729657242
7623.9   1582910  975227   274529  0.4662369357885949
7628.32  1589290  984226   276194  0.4617334271080411
7632.77  1601670  997781   279683  0.45657048305204534
7637.23  1615430  1012840  284132  0.4509656494773529
7641.72  1615360  1018850  285054  0.4457671169927969
7646.22  1599400  1013880  281490  0.4413713653009228
7650.74  1578880  1005260  276241  0.43755552744868903
7655.28  1564580  1001600  273723  0.4328008034146815
7659.84  1548490  995087   269705  0.42947446106869563
7664.42  1558140  1007300  272698  0.42425286027805953
7669.02  1573390  1024060  276993  0.41835448380494045
7673.63  1593390  1044820  282676  0.41186617576101686
7678.27  1607650  1060910  286626  0.40630726520670074
7682.92  1615530  1071540  288654  0.40187579567079273
7687.6   1621530  1082140  290787  0.39652285223174283
7692.29  1617330  1084340  290077  0.3924889687319404
7697     1598130  1076080  285401  0.3887418122261596
7701.74  1577450  1065930  280826  0.38564741241784173
7706.49  1570160  1065800  279803  0.38171325305115
7711.25  1577910  1077650  282643  0.3763631290785455
7716.04  1584460  1088680  285371  0.37109382486452935
7720.85  1590240  1098520  288211  0.36642131566667363
7725.68  1592780  1107740  290295  0.3605227596574451
7730.52  1592650  1114400  291360  0.35522281932214883
7735.39  1595090  1121820  292438  0.3507694441421794
7740.27  1619420  1147530  299849  0.3442084458715996
7745.17  1638060  1168560  305859  0.3383502375564143
7750.1   1651590  1186690  310545  0.3320960153327368
7755.04  1648040  1190660  310173  0.32730571115141843
7760     1593380  1154300  295346  0.32493701176628015
7764.97  1544720  1122690  283426  0.32210347335009826
7769.97  1511220  1103660  275890  0.31789052602077944
7774.99  1502380  1102910  274618  0.31336596405992234
7780.03  1497780  1106890  274529  0.30754894152225565
7785.08  1456160  1080670  264935  0.3038782251562351
7790.16  1435110  1070420  261007  0.29948953002575385
7795.25  1401580  1051610  255974  0.2943320383513142
7800.36  1373020  1035490  251280  0.2898485320745297
7805.49  1366960  1035870  249229  0.2856699747078409
7810.64  1365230  1041370  251104  0.27994607936880356
7815.81  1367240  1049380  252088  0.27454556208522385
7821     1374020  1060910  254482  0.26932847665660553
7826.21  1385810  1077040  257470  0.26361891605817267
7831.43  1408760  1102370  264009  0.2576691774889473
7836.68  1430420  1127240  270278  0.2515181607070356
7841.95  1434760  1137080  270856  0.2465792944640641
7847.23  1419590  1132830  270461  0.24057368297763854
7852.53  1414360  1136220  271196  0.23474762602077637
7857.85  1421830  1149760  274386  0.2290091329117496
7863.19  1431920  1165020  276336  0.22367627114475436
7868.55  1421960  1163430  274862  0.21877896231878474
7873.93  1415600  1165400  274850  0.21339291970562474
7879.33  1383810  1145860  268825  0.20833014346812087
7884.75  1360420  1132500  264741  0.20369021676196192
7890.19  1350400  1130200  263388  0.19901501442067732
7895.64  1362810  1147280  266013  0.19391085700053395
7901.11  1367820  1159780  270170  0.18765919090263147
7906.61  1368610  1167590  271124  0.1823084765677984
7912.12  1354010  1161550  269509  0.177477194244005
7917.65  1340620  1156720  267713  0.17244278144013006
7923.2   1342090  1165310  269643  0.16694486159485689
7928.77  1360000  1189490  276378  0.16059377408436032
7934.36  1367380  1202640  278071  0.15572401903698663
7939.97  1374440  1215170  278118  0.15117503034304317
7945.6   1368780  1217120  277783  0.14617680839828093
7951.24  1360920  1217430  276778  0.14093121520342888
7956.91  1342840  1207550  273240  0.13637295181336495
7962.59  1326920  1199390  270192  0.13188422240191638
7968.29  1314590  1194870  267725  0.12703432103055085
7974.02  1312590  1199150  266466  0.12258725473264835
7979.76  1313290  1204070  262074  0.11948070211576453
7985.52  1279350  1185550  266894  0.11016231172104118
7991.3   1259900  1173720  262247  0.10554684993806222
7997.09  1255970  1176770  261576  0.10055787040258547
8002.91  1260020  1187620  263160  0.09536030732431347
8008.75  1257330  1192310  262979  0.09005809466872727
8014.6   1247160  1188500  260391  0.0857656517677943
8020.48  1229840  1174920  251898  0.08359107471782269
8026.37  1219560  1177470  260707  0.07437794370562968
8032.28  1211320  1176190  259940  0.06941302143585631
8038.22  1213360  1186180  262095  0.06350325948249406
8044.17  1251480  1229380  269705  0.05928271727491969
8050.14  1257130  1242810  272133  0.05373451141198435
8056.12  1259190  1252670  273846  0.04826957213152446
8062.13  1260960  1262170  275365  0.04290451618202968
8068.16  1272980  1282190  279465  0.03745283384852912
8074.21  1257080  1273060  277491  0.032722437466283436
8080.27  1231080  1253200  272919  0.02820694651584125
8086.35  1220220  1250080  273383  0.022652234825384573
8092.46  1211580  1250500  274500  0.01616079420595907
8098.58  1209150  1255120  275241  0.011192751138747152
8104.72  1198360  1251630  273975  0.00580267403010782
8112.14  1167560  1227600  268481  0
