# XDI/1.0 
# Spectrum.license:CC BY 4.0
# Publication.authors: Matthew Newville
# Publication.affiliation: Center for Advanced Radiation Sources, University of Chicago
# Sample.reference:none
# Facility.name:APS
# Sample.temperature:r.t.
# Sample.prep:powder on tape, 16 layers
# Sample.formula:Fe2O3
# Sample.smiles:O1[Fe]2O[Fe]1O2
# Publication.DOI: https://doi.org/10.71622/XASLIB_535X-8J62
# Sample.name:Iron (III) Oxide
# Scan.number:Scan2
# Sample.id:gbfxgi
# Scan.start_time:2001-08-10
# Element.symbol:Fe
# Facility.energy:7.0 GeV
# Facility.xray_source:Bending Magnet
# Beamline.name:20-BM-B
# Beamline.website:https://www.aps.anl.gov/Beamlines/Directory/Details?beamline_id=32
# Beamline.scan_mode:Transmission
# Beamline.energy_resolution:1.4 x 10^-4
# Beamline.flux:1 x 10^11 ph/s at 10 keV (toroidal focus); 2 x 10^8 ph/s at 5 µm (KB mirror)
# Beamline.spot_size:30 mm x 1 mm
# Beamline.energy_range:3.9 - 35
# Beamline.detector:Ionization chamber
# Mono.name:Si(111)
# Element.edge:K
# Column.1:Energy
# Column.2:I0
# Column.3:Itrans
# Column.4:Mutrans
# Energy   I0         Itrans         Mutrans
6911.8277  272002     121091.203452  0.08909045992507345
6916.9236  270032     120826.202549  0.08642780913286172
6921.7638  268827     120841.202789  0.08401765375790937
6926.875   267514     120853.203083  0.08139834482566573
6931.7907  255214     115822.202582  0.07901304311475017
6937.0396  277373     126550.202959  0.07622248508460412
6941.8277  276310     126659.203657  0.07375772505390417
6946.9188  275026     126707.203268  0.0711167976249143
6951.9563  274820     127226.202973  0.0685805754391958
6956.9913  274055     127511.202843  0.06594570937005942
6961.9928  274313     128218.202577  0.06353987454747176
6966.8992  274122     128744.202933  0.061028018392518195
6971.9362  274012     129304.203     0.05854179192475248
6976.8778  273903     129874.20253   0.0560268578999596
6982.0124  273774     130465.203129  0.053399227709459186
6986.8966  273717     131036.203278  0.0510002092901274
6991.9328  273771     131661.203177  0.04860866270637986
6996.9144  273744     132310.203629  0.04597866250017335
7001.8411  273682     132819.203127  0.04384662173888051
7006.9934  273613     133434.203576  0.04129213682957945
7011.8412  273571     134044.202637  0.03882007275378651
7016.9359  273530     134647.202783  0.036388026230621616
7021.8608  273493     135246.20354   0.03398965799092267
7026.8451  273339     135788.203289  0.03159723576043484
7031.9521  273200     136352.203216  0.029157182579682934
7036.8151  273094     136907.203316  0.026823795665378056
7041.8531  273100     137520.203173  0.024492836443238884
7046.8251  273055     138134.203275  0.022070574080778633
7051.7728  273038     138725.203014  0.019799358037102227
7056.8648  272926     139286.203768  0.017468094699186355
7061.8167  272878     139874.203026  0.015167022793472668
7066.7017  272719     140377.203624  0.012979223831621223
7071.7739  272679     140929.203182  0.010844519426957543
7076.7369  272487     141419.202445  0.008655268048020472
7081.686   272240     141831.203133  0.006654406399873012
7086.7913  271944     142203.203145  0.004710540395492983
7091.5419  271377     142369.203502  0.0030044306395436617
7096.5766  269032     141581.202485  0.0013640992011739708
7101.576   233593     123222.20309   0.00012357620364086732
7101.9502  241415     127309.202684  0.00028487334589976835
7102.2817  250354     132004.203434  0.00036011598392129263
7102.6987  262542     138456.202646  0.00026304511430967316
7103.1906  271114     142986.203507  0.00022855934257418856
7103.6399  273653     144388.203577  0
7104.0036  274140     144616.202626  0.00010498314335404045
7104.2818  274237     144654.20281   0.0001527189581869341
7104.6134  274276     144660.203573  0.00020553037788406114
7105.0736  274202     144619.2029    0.00021267711798229132
7105.5123  274103     144584.203087  0.0001502440785981199
7105.8763  274067     144544.202733  0.00022645674599765242
7106.2295  273949     144464.203133  0.00029093470175982827
7106.5614  273943     144409.202774  0.0004791147035341699
7107.0539  273839     144340.20277   0.0005306100285290692
7107.5143  273788     144259.203284  0.0007272738349939392
7107.9427  273727     144155.203224  0.0009885833880149478
7108.3069  273623     144026.202747  0.0012587542656835183
7108.5961  273590     143966.203681  0.0014139900523482197
7108.9497  273576     143813.202498  0.0019446997044748505
7109.4854  273456     143539.20327   0.0027146022918444882
7109.9247  273401     143288.203613  0.0035268190338307408
7110.2677  273327     142994.202945  0.004461830708398737
7110.6107  273273     142631.202516  0.005690991284982479
7110.9858  273230     142011.203352  0.007892679984673391
7111.4575  273134     140616.203379  0.012884554436389745
7111.9079  273116     138426.203009  0.021080475357154304
7112.3475  273037     135453.203242  0.03231278012941509
7112.6585  272990     132720.202875  0.04291013667242525
7112.9374  272954     130228.203469  0.05277975271487996
7113.3558  272875     128830.203431  0.05828718342619528
7113.8171  272865     130091.203178  0.05316065349197173
7114.2355  272838     131978.203303  0.045557754662104565
7114.5789  272794     133281.202614  0.04032186335963266
7114.8901  272826     133719.202736  0.038663064704967574
7115.298   272779     133680.203093  0.03872567601691568
7115.7917  272740     133378.20248   0.0398365929181031
7116.2212  272758     133175.202742  0.040669840892328814
7116.6506  272686     132994.202902  0.04124453209551818
7116.962   272664     132866.202807  0.041707119634284154
7117.2413  272587     132675.203058  0.04231332360804604
7117.7461  272623     132176.203629  0.044358355567439625
7118.208   272490     131280.203405  0.047669000144166696
7118.6055  272448     129876.20275   0.053226017584788884
7118.9493  272395     128162.202503  0.06008987117160238
7119.2716  272362     126239.203013  0.06795336645043218
7119.7338  272328     122347.203388  0.08430790157872861
7120.1744  272323     117696.202766  0.10461964886401304
7120.6259  272228     112392.20342   0.12861511312411805
7121.0237  272144     106915.203324  0.1546485045442521
7121.3032  272163     102025.203053  0.1792326441249889
7121.6151  272149     95655.204893   0.21300967743437094
7122.0667  272151     88665.207155   0.25280170678571345
7122.5292  272115     83283.201907   0.28556680790079264
7122.9057  272063     79094.200786   0.31252632345711684
7123.2284  272072     76052.206885   0.3331079899358198
7123.562   272008     72985.199764   0.35456818630401143
7124.0354  271977     68873.204895   0.3849145643424972
7124.4982  271940     64585.19815    0.418548757241603
7124.9502  271971     60256.198272   0.45498706233122904
7125.327   271934     56154.200661   0.4918836920770253
7125.6176  271894     52328.197999   0.5288071155525715
7125.9514  271921     47527.2002     0.5793179960156802
7126.4898  271883     42781.198843   0.6344069845878445
7126.9421  271778     39710.199004   0.6732628067795386
7127.2975  271574     37725.198337   0.6997570763963324
7127.6207  271428     36413.19871    0.7180351121950508
7127.9547  271247     35139.197486   0.7363591849684148
7128.4718  271435     33550.199174   0.760985969029014
7128.8921  271483     32094.199803   0.7843422798562376
7129.3339  271502     30479.200673   0.8114510222696393
7129.7004  271482     28925.198593   0.8388517690344982
7129.9591  271442     27470.200215   0.865836347988229
7130.3472  271330     25347.198022   0.9077944214864411
7130.8108  271290     23661.199613   0.9438082217751
7131.2529  271271     22412.199277   0.9722069952822435
7131.5872  271227     21640.200272   0.9905014428794279
7131.9107  271228     21278.198322   0.9993488234779978
7132.2883  271246     21253.199701   1
7132.8061  271227     21776.199528   0.9872165119026737
7133.2268  271231     22542.198833   0.9690970886044926
7133.6369  271252     23429.199307   0.9489013355875661
7134.0038  271186     24288.199918   0.9298935772810265
7134.2844  271221     25172.199389   0.9112163622474225
7134.7378  271245     26477.199635   0.8847606839719642
7135.2236  271195     27449.199882   0.8657600042401327
7135.6554  271199     28163.200213   0.8523031600738209
7135.9794  271169     28619.200615   0.8438233935235666
7136.2925  271165     28963.198061   0.8375507792688885
7136.7138  271179     29332.197968   0.8309398091221847
7137.1998  271145     29622.198605   0.8257155057066289
7137.6211  271113     29874.199298   0.821211853712845
7138.0317  271145     30131.198595   0.8167822908319298
7138.3451  271024     30338.197977   0.8129583918358612
7138.6477  271084     30653.199217   0.8076583214506463
7139.0583  271088     31098.198499   0.8001088370245606
7139.5447  271041     31583.198967   0.7919035619081792
7139.9339  271083     32057.198074   0.7841740194968726
7140.2691  271066     32557.199717   0.7760260546136732
7140.5718  271005     33047.197631   0.7680753460319238
7141.0476  270977     33851.199905   0.7554172797982013
7141.5127  271006     34532.197886   0.7450297584564328
7141.9454  271050     35154.200235   0.73575441243309
7142.324   270983     35603.198819   0.7289702006890809
7142.6702  271034     35964.199102   0.7237790879368012
7142.984   270977     36263.199764   0.719327555233751
7143.4818  270941     36479.198171   0.7161439789602626
7143.9472  270888     36465.198913   0.7162426595485073
7144.3477  270977     36362.199015   0.717898049995371
7144.6508  270935     36187.19908    0.7203463457868979
7144.9864  270901     35987.200749   0.7231864800641641
7145.4736  270914     35741.197939   0.72680824640061
7145.9068  270947     35579.197593   0.7292541302271613
7146.1018  270877     35527.197976   0.7298855391663882
7147.12    272298.47  35963.048504   0.726236402345494
7148.3769  273525.53  37601.436822   0.7052344782156067
7149.4717  274844.16  39863.361589   0.6771267128225724
7150.7837  276131.34  42411.787136   0.6470840318937221
7151.9769  277400.06  44449.722731   0.6248791693731658
7153.2139  278652.28  45965.149799   0.6096624340014684
7154.5491  279860.03  47425.041236   0.595535694414438
7155.711   281044.28  48707.40817    0.5837600381688647
7157.0906  282313     50292.224593   0.5693327475066535
7158.3947  283426.19  51740.479103   0.5565102485863311
7159.6993  284618.84  52857.17061    0.5475158433601961
7161.1566  285766.97  53629.280049   0.5420228686711811
7162.4078  286944.5   53872.800266   0.5418034852692185
7163.8881  288030.5   53784.723515   0.5446421513896389
7165.271   289121.88  53459.038723   0.5498098786359529
7166.6108  290201.69  52989.737568   0.5563878678731876
7168.1583  291259.91  52294.809952   0.5652182598857941
7169.6847  292302.5   51295.248443   0.5772110448713256
7171.0808  293435.5   50252.045552   0.5900130421469657
7172.6085  294492.88  48980.204477   0.6053405179003226
7174.1914  295499.59  47528.700488   0.6229033029569297
7175.6986  296532.69  46619.53528    0.6348603804740754
7177.2393  297604.12  46178.695111   0.6417333103662103
7178.9665  298538.94  45636.177883   0.6495742747957012
7180.5742  299464.06  45057.989258   0.6578821630582544
7182.1499  300243.53  44597.103458   0.6646361204397849
7183.7044  300498.31  44304.521176   0.668532168472311
7185.4896  281419.44  41424.240361   0.6693840095026337
7187.2538  302878.84  44625.25068    0.6688874605264208
7188.9641  304578.59  45003.548809   0.6673956113951506
7190.6095  305657.62  45363.131183   0.6650770370534399
7192.3324  306683.97  45801.992919   0.6617864432048148
7194.188   307643.56  46333.119998   0.6573791647141562
7196.0776  308632.47  46945.513947   0.6521770408385922
7197.8912  309592.66  47608.181819   0.6464561360218861
7199.6288  310460.12  48234.091092   0.6410746357964947
7201.3782  311357.88  48938.264233   0.6349891581104367
7203.3598  312257.88  49713.686867   0.6282596349222398
7205.3866  313188.12  50515.349084   0.621431536006022
7207.2823  314034.66  51255.255648   0.6152225240654027
7209.168   314883.44  51884.39334    0.6102409371533671
7211.143   315737.44  52404.768135   0.6064284163198171
7213.086   316727.72  52784.367529   0.6042859674260953
7215.0633  317651.22  53016.192641   0.6035147697191153
7217.0748  318602.97  53182.240715   0.6034437742293882
7219.0654  319474.94  53265.499661   0.6040566215812629
7221.2342  320296.12  53336.976996   0.6046995135424769
7223.349   321155.56  53385.667781   0.6056261253175179
7225.4762  322092.22  53508.568612   0.605947440216029
7227.5492  322905.09  53737.669768   0.6050288508362744
7229.7234  323824.16  54149.971786   0.6025114996082839
7231.9322  324695.47  54710.47158    0.5985209657066385
7234.098   325614.97  55392.16234    0.5935108547425997
7236.254   326486.69  56122.04993    0.5880487636269724
7238.5003  327499.59  56969.12208    0.5818180440644702
7240.7926  317802.72  55982.39201    0.5752198677731094
7243.0419  324367     57873.841261   0.5685169809944213
7245.2369  327901.53  59103.464868   0.5631759072943855
7247.5448  326912.22  59323.267271   0.5596451662089892
7249.91    330122.09  60017.258092   0.5586700530952903
7252.2657  330961.16  60021.415714   0.559964750789421
7254.4777  331692.41  59871.737371   0.562431188704791
7256.9147  332518.84  59579.235764   0.5663039036473109
7259.2304  333302.47  59202.898156   0.5708606711626562
7261.6819  334055.25  58782.723779   0.5757781838705409
7263.9671  334819.22  58459.712652   0.57986514369441
7266.4108  335600.34  58198.86121    0.5834318544323347
7268.9235  336354.62  58113.170218   0.5853816087680871
7271.3819  337018.09  58167.635467   0.5859236703599907
7273.9319  337986.75  58359.251239   0.5857041296418458
7276.5175  337914.53  58469.017215   0.584606793120516
7279.1163  338759.47  58810.936207   0.5828589092785997
7281.5255  339357.59  59251.001877   0.5798750012679261
7284.1619  339851.88  59765.213379   0.576107311419197
7286.6986  339970.28  60304.57081    0.5715792252423805
7289.2034  338239.84  60599.062923   0.566349206535478
7291.9246  339493.59  61525.699533   0.5603320502162429
7294.6704  343904.44  63029.478401   0.5544391097923624
7297.3845  343559.47  63596.397536   0.5492177951091699
7299.9196  341957.62  63840.437823   0.5447591314125763
7302.5924  345273.94  64920.622475   0.5410220629517124
7305.3353  346102.41  65494.941714   0.5376605260393545
7308.1258  346795.97  65989.380285   0.5347666994551818
7310.9638  347440.72  66413.959015   0.5323778112700291
7313.6792  348088.56  66757.665535   0.5306480171169538
7316.3739  348708.56  66964.491528   0.5299591406229064
7319.1503  348867.69  67000.443487   0.5299169313398258
7322.1113  349570.97  67086.524895   0.5302996463323244
7325.0177  350435.34  67210.716742   0.5306247889041993
7327.721   351101.88  67323.040808   0.5307455965941918
7330.5636  350881.53  67391.476273   0.5298836882518765
7333.6712  351337.31  67721.02948    0.5280065024305978
7336.427   353117.19  68427.704888   0.5252129294530368
7339.2995  353724.22  68968.492507   0.5219859379116588
7342.4148  354248.38  69567.38878    0.518228839703174
7345.3495  354734.62  70196.402314   0.5142283957981354
7348.321   355110.03  70811.526075   0.510208289183021
7351.3754  356458.53  71639.765774   0.5060983633110704
7354.421   356814.16  72196.111421   0.5025650005302192
7357.4462  357453.88  72741.557181   0.49955770699830004
7360.5315  357994.72  73206.106359   0.4970125133728536
7363.6426  358525.69  73604.783525   0.49494184648462236
7366.7565  359138.75  73912.54752    0.4936498229174626
7369.9192  359697.94  74177.422411   0.4925899241904859
7373.0501  357296.25  73805.3904     0.4917135965323602
7376.1838  360540.62  74675.467699   0.49030810601838526
7379.5287  361153.16  75059.650265   0.4885075261097942
7382.6217  361438.75  75383.920351   0.4866616433241605
7385.7406  350053.47  73236.286419   0.4850342525704257
7389.199   363692.31  76282.763464   0.483705735010499
7392.3237  363935.25  76497.324564   0.48258312535063685
7395.6489  364442.25  76759.994745   0.48151572858376995
7398.9772  364881.41  77049.748426   0.4801716381527899
7402.1221  365490.62  77453.597522   0.47830525371411736
7405.6081  366148.97  77957.536332   0.475848411202978
7408.8056  366636.38  78462.567718   0.4731600730488419
7412.3449  367157.91  79056.700905   0.4699499652190042
7415.6655  367637.53  79663.911576   0.46662256277184966
7419.0593  368127.25  80287.22091    0.46323396996742416
7422.4681  368694.06  80932.606874   0.4598426506026999
7425.9741  369290.97  81581.087959   0.45650628195789406
7429.3895  368764.97  81947.65612    0.4534081729298594
7432.8904  370326.03  82743.302945   0.4505567653666365
7436.4419  336964.22  75715.050063   0.44759902186561773
7439.8202  368999.5   83255.866015   0.4454371200064857
7443.52    370701.84  83988.77624    0.44325492622437135
7446.9758  371376.31  84431.753843   0.4414498370036226
7450.6003  371978.84  84864.831316   0.43961721999252223
7454.2757  372590.47  85283.984408   0.43789529093379126
7457.7656  373195.16  85746.211128   0.4359114021348532
7461.4839  373804.97  86271.525071   0.43356498540009286
7465.0757  374355.84  86804.910177   0.4311053114584832
7468.8491  374907.81  87369.378053   0.42847926477023696
7472.4363  375410.84  87895.929877   0.42603175548591304
7476.1222  375837.97  88437.547033   0.4234069147789155
7479.7167  376291.19  88949.250247   0.4210137270124416
7483.6962  376846.47  89498.025459   0.4185619181479152
7487.3341  377285.84  89991.875717   0.41628754558707615
7491.1786  377713.31  90532.804773   0.41373899619160076
7494.9197  378177.84  91043.795609   0.4114322719130206
7498.6167  378522.44  91535.86455    0.409083548086977
7502.6771  378859.12  92075.014604   0.4064704001362163
7506.382   379197.88  92571.227909   0.40412083737028326
7510.259   379508.72  93079.519312   0.4016793055507144
7514.14    379971.62  93639.871067   0.3991713399908598
7517.8929  380447.62  94203.299438   0.3966823030675895
7521.999   380834.69  94715.806395   0.39437059757043835
7525.8927  381289.81  95242.363936   0.3920899329368628
7529.7181  381793.03  95715.998265   0.3901804478385297
7533.7288  382161.31  96208.700653   0.3879938496092304
7537.7561  382520.66  96696.466881   0.3858350413440076
7541.6304  382651.09  97105.312147   0.3838014976567607
7545.8241  382084.59  97409.215765   0.3813862352173475
7549.8162  350858.16  89958.183918   0.378405840278542
7553.6426  385316.81  99199.212824   0.3762553690042375
7557.9231  385713.5   99850.310138   0.3733646360197678
7562.0017  385856.28  100402.476022  0.37066712193258994
7565.9384  386082.12  100918.705122  0.36828489284849736
7570.2701  386497.03  101511.001691  0.3657797062847567
7574.3746  386773     102047.343507  0.3633908705299878
7578.5205  387189.06  102650.765506  0.3608632422582589
7582.5364  387565.19  103221.242176  0.35846643655250693
7586.9491  387968.34  103836.76911   0.35589413460736297
7591.1338  388425.59  104448.373928  0.35343241573817724
7595.2619  388721.91  105027.036097  0.3509353564274316
7599.5915  389235.28  105660.760961  0.34847306078870194
7603.8893  389522.69  106236.529415  0.34601060784686555
7608.2168  389878.19  106806.379406  0.3436839062565046
7612.3518  390158.75  107355.269217  0.34137335430750465
7616.6645  390599.38  107962.217844  0.33900911004869233
7621.1185  390987.06  108602.232547  0.3364300965610856
7625.5531  391300.81  109214.299139  0.3339038840085845
7629.8318  389926.62  109337.416775  0.33146848695746495
7634.2023  391989.47  110458.609617  0.3288856982283503
7638.6776  391487.41  110877.851289  0.32622735226255734
7643.2206  390078.38  111028.141176  0.32362652627668237
7647.7817  393087.44  112429.491255  0.3210791828624027
7652.3109  393414.53  113081.900536  0.3184814504767453
7656.8207  393745.69  113751.352065  0.315827666258062
7661.2734  393987.94  114354.869038  0.31337559522644715
7666.0323  394289.19  115014.433     0.3107608218245875
7670.6592  394662.53  115685.042242  0.30820870692438046
7675.405   395170.94  116367.726229  0.30579858301319796
7680.0186  395495.38  116983.44227   0.30346186654740753
7684.7512  395843.88  117628.222168  0.3010416228914267
7689.4268  396105.44  118275.061139  0.29851252647083304
7694.1462  396509.03  118945.941298  0.29608074735768425
7698.9853  393240.72  118517.869117  0.29363129802084564
7703.7675  396909.44  120185.855905  0.29117246301862104
7708.6319  397312.22  120923.887647  0.28849429703956403
7713.4138  397575.03  121585.968348  0.2859779944922029
7718.3035  397872.94  122290.102098  0.2833429291726131
7723.0979  398133.88  122997.278687  0.28066329504500814
7727.9748  398450.84  123656.508371  0.2782777626255011
7732.7178  398733.88  124365.788068  0.2756511391645254
7737.6968  399076     125108.126443  0.27298036636673184
7742.6056  399353.12  125837.493201  0.2702963802259281
7747.649   399552.31  126531.918349  0.2676722735913659
7752.5838  399844.56  127248.398716  0.2650949904201109
7757.6407  400165.88  127985.920419  0.26248593231531964
7762.6015  400486.22  128712.49021   0.25993727805485634
7767.6719  400722.59  129457.092267  0.25722209374735694
7772.6718  400982.06  130175.753599  0.25465875799170573
7777.7429  401374.56  130957.462428  0.2520325015678808
7782.7562  401672.09  131666.216763  0.24959091731947086
7787.8409  401786.69  132371.998031  0.24693734283435523
7792.8807  402001.31  133059.839398  0.2444997959918923
7797.9921  402235.03  133803.735992  0.2418812997865321
7803.0195  401863.75  134306.674512  0.23942991039686598
7808.1707  402613.53  135218.63936   0.2368589717315177
7813.3029  402831.38  135947.660511  0.23432326863890365
7818.4682  403116.25  136717.722685  0.23173224779176413
7823.6928  403360.16  137489.831289  0.2290965532654885
7828.8592  403637.16  138253.969933  0.22655041583154212
7834.1113  403795.16  138988.169733  0.22397848092187195
7839.3445  403930.22  139759.409438  0.2212523379286481
7844.6769  404047.31  140484.684409  0.2186903130245072
7849.9378  403983.47  141150.000929  0.21613012330758513
7855.2587  404477.69  142040.365383  0.21347408443064878
7860.6531  404349.91  142681.763032  0.21094603669045153
7866.0023  405062.19  143649.199218  0.20832565286089516
7871.4385  404111.53  144012.687627  0.20576850431047047
7876.8161  406336.91  145529.212997  0.2031553563584447
7882.281   406089.31  146159.780572  0.20056873995598784
7887.6474  406101.78  146875.386714  0.19802391336857625
7893.1678  406258.28  147658.03338   0.19543934189173756
7898.5362  406263.84  148369.710203  0.1929253988663222
7904.059   406563.41  149181.458459  0.19045099099688806
7909.4427  406609.06  149900.217082  0.18798965489929753
7915.0214  406831.72  150732.016592  0.18537518037032397
7920.4206  407015.44  151511.860777  0.1829061260016943
7926.0153  407232.19  152315.750808  0.18041060300573286
7931.4569  407437     153143.671394  0.17783188839291292
7937.0678  407619.81  153966.624013  0.17525698572343537
7942.552   407631.69  154690.625238  0.17281243371350505
7948.2602  407868.62  155552.653612  0.17020329171298584
7953.8415  403584.59  154668.733464  0.1676548209686899
7959.6342  408240.56  157238.842394  0.16502798252966608
7965.2863  407924.62  157877.982565  0.1624950374612767
7971.1098  408833.69  159014.17313   0.1599022758084099
7976.7244  400703.81  156620.389457  0.1573238076346679
7982.5106  408819.97  160536.656835  0.15488826901169825
7988.1964  409027.16  161409.95447   0.15230933417410028
7993.9315  409171.41  162248.283082  0.14977796212606317
7999.5931  409229.66  163065.642481  0.14721776716190832
8005.3588  409346.97  163926.047102  0.14460868808105856
8011.2979  409372.34  164743.483488  0.14203300414866366
8017.1911  409417.72  165557.953403  0.13950525003799513
8023.1207  409473.16  166404.469466  0.13690207501301405
8028.9078  409806.59  167338.01466   0.1343954937078908
8034.7725  410006.09  168256.592959  0.13178027461567132
8040.4939  409876.62  169024.201292  0.12922801290307825
8046.4731  410089.22  169924.844102  0.12671339872525653
8052.4337  410268.81  170838.529593  0.12413115531044969
8058.4451  410359.47  171729.23506   0.12152035115614129
8064.3823  410553.16  172653.00194   0.11895481318017308
8070.3425  408778.88  172695.782544  0.11655397006458408
8076.228   410735.62  174381.592302  0.11396424957523435
8082.2342  410861.41  175312.438635  0.11133333702220152
8084.2337  410812.22  175576.59465   0.11048109224759899
