# XDI/1.0 
# Spectrum.license:CC BY 4.0
# Publication.authors:  Mehrnaz Mikhchian, Andrew Grosvenor
# Publication.affiliation:  University of Saskatchewan
# Facility.name:APS
# Sample.temperature:10-300 K (Displex stage)
# Sample.prep:N/A
# Sample.formula:Fe2O3
# Sample.smiles:O1[Fe]2O[Fe]1O2
# Sample.name:Iron (III) Oxide
# Scan.number:scan3
# Sample.id:vkgnjg
# Scan.start_time:2011-03-06
# Element.symbol:Fe
# Facility.energy:7.0 GeV
# Facility.xray_source:Bending Magnet
# Beamline.name:20-BM-B
# Beamline.website:https://www.aps.anl.gov/Beamlines/Directory/Details?beamline_id=32
# Beamline.scan_mode:Transmission
# Beamline.energy_resolution:1.4 x 10^-4
# Beamline.flux:1 x 10^11 ph/s at 10 keV (toroidal focus); 2 x 10^8 ph/s at 5 µm (KB mirror)
# Beamline.spot_size:30 mm x 1 mm
# Beamline.energy_range:3.9 - 35
# Beamline.detector:Ionization chamber
# Mono.name:Si(111)
# Element.edge:K
# Column.1:Energy
# Column.2:I0
# Column.3:Itrans
# Column.4:Irefer
# Column.5:Mutrans
# Energy    I0            Itrans        Irefer        Mutrans
6911.83443  251253.78125  97027.28906   210019.1875   0.8946378742444279
6916.80887  251142.78125  97445.28125   211551.1875   0.886880497669161
6921.82118  250299.78125  97653.28125   212767.1875   0.8778893937881613
6926.99333  249515.78125  97853.28906   213818.1875   0.8694077745436152
6931.97026  249250.78125  98220.28125   215297.1875   0.8615433405949078
6937.10737  248553.78125  98465.28125   216594.1875   0.852884376234159
6941.90578  247874.78125  98659.28906   217877.1875   0.8451870466514542
6947.12976  247874.78125  99140.28125   219619.1875   0.8372286842097089
6952.05515  247321.78125  99414.28125   220842.1875   0.8290576496205035
6957.03904  246998.78125  99797.28125   222320.1875   0.8206270848106473
6962.13298  246596.78125  100139.28906  223911.1875   0.8123633912861418
6967.01898  245959.78125  100374.28125  225037.1875   0.8042954399583508
6972.15905  245572.78125  100733.28125  226699.1875   0.7958765062575383
6977.13187  245014.78125  101023.28906  227955.1875   0.7874497908499931
6982.0502   244602.78125  101313.28125  229385.1875   0.7800053408790492
6987.05844  244168.78125  101660.28125  230989.1875   0.7715043444765045
6992.09488  243396.78125  101825.28906  232019.1875   0.7636684961706501
6997.09744  242908.78125  102123.28125  233363.1875   0.7556025255961175
7002.18015  242764.78125  102534.28125  235043.1875   0.7480597639395083
7007.03145  242481.78125  102913.28906  236570.1875   0.7401135698345956
7012.04593  241894.78125  103146.28906  237904.1875   0.7324468428647353
7017.12005  242052.78125  103738.28125  239921.1875   0.7241505134331978
7022.08696  241036.78125  103833.28125  240834.1875   0.715769685831731
7027.1135   240869.78125  104235.28906  242569.1875   0.7083123269553917
7031.97998  240578.78125  104607.28125  244105.1875   0.7005047827072112
7036.94788  239805.78125  104763.28125  245146.1875   0.6928000581785811
7041.96513  239482.78125  105132.28906  246744.1875   0.6848408713398367
7047.00037  239028.78125  105428.28125  248052.1875   0.6771351932509633
7051.9483   238755.78125  105769.28125  249669.1875   0.6699810360191896
7056.88238  238376.78125  106105.28906  250957.1875   0.6621912487430538
7061.91876  237417.78125  106191.28125  251839.1875   0.6542691625396181
7066.77217  237001.78125  106475.28125  253078.1875   0.6470289482930173
7071.90807  236600.78125  106795.28125  254449.1875   0.6393473786843302
7076.72274  235399.78125  106698.28125  254724.1875   0.6325068896052509
7081.75681  233990.78125  106542.28906  254704.1875   0.6250770003129104
7081.91624  233653.78125  106435.28125  254311.1875   0.6243629041535192
7082.04379  233608.78125  106416.28906  254201.1875   0.6243397390920362
7082.18197  233389.78125  106333.28125  254058.1875   0.6240818955862079
7082.33079  233512.78125  106414.28125  254308.1875   0.6236980218137714
7082.46898  233381.78125  106366.28125  254130.1875   0.6235180453754838
7082.61781  233263.78125  106310.28125  254019.1875   0.6235522193985658
7082.77728  233186.78125  106283.28125  253925.1875   0.6234276149834971
7082.89423  233009.78125  106195.28125  253809.1875   0.6235404955475393
7083.01118  232805.78125  106137.28125  253704.1875   0.6230011981256318
7083.13877  232844.78125  106175.28125  253792.1875   0.6226895438632394
7083.28763  232947.78125  106232.28125  253930.1875   0.6225349939248823
7083.44713  232663.78125  106136.28125  253675.1875   0.6220182094863524
7083.61727  232598.78125  106103.28125  253595.1875   0.6220698486396804
7083.78742  233462.78125  106526.28125  254580.1875   0.6216262515062138
7083.95758  233362.78125  106486.28125  254432.1875   0.6215397518589336
7084.14902  233335.78125  106483.28906  254713.1875   0.6213963953502575
7084.34047  233161.78125  106437.28906  254424.1875   0.6208827426069247
7084.51065  233025.78125  106377.28906  254326.1875   0.620850694390245
7084.65957  232962.78125  106405.28906  254265.1875   0.6199775752775211
7084.79786  232909.78125  106386.28906  254246.1875   0.6198974726933704
7084.91488  232976.78125  106443.28125  254357.1875   0.6194917477588299
7085.0319   232744.78125  106335.28125  254204.1875   0.6195225710056094
7085.14893  232695.78125  106286.28125  254071.1875   0.6199322507058375
7085.2766   232501.78125  106254.28125  253987.1875   0.6190601740426419
7085.43619  232377.78125  106215.28125  253931.1875   0.6187879481863816
7085.68091  232447.78125  106240.28125  254062.1875   0.6188956945153362
7085.87245  232491.78125  106294.28125  253947.1875   0.6183738892290113
7086.05335  232154.78125  106137.28906  253756.1875   0.6184188640997254
7086.20234  232492.78125  106300.28125  254225.1875   0.6182885622002441
7086.35134  232565.78125  106356.28125  254363.1875   0.6179404552569921
7086.48969  232378.78125  106295.28125  254114.1875   0.6175629645955414
7086.6387   232400.78125  106315.28125  254203.1875   0.6174100154026305
7086.76642  232099.78125  106189.28125  253808.1875   0.6172297553916303
7086.91544  231876.78125  106100.28125  253627.1875   0.6170288456419094
7087.04318  231727.78125  106025.28125  253549.1875   0.6171341280153243
7087.14963  231665.78125  106005.28125  253388.1875   0.6170049548887564
7087.26673  231498.78125  105942.28125  253173.1875   0.616797726723556
7087.39448  231322.78125  105884.28125  253007.1875   0.6164492881666273
7087.53288  231126.78125  105807.28906  252889.1875   0.6162524983401879
7087.68193  231218.78125  105855.28906  253089.1875   0.6161615469765652
7087.84163  231112.78125  105820.28906  252922.1875   0.6159523366610458
7087.9907   231079.78125  105821.28125  252998.1875   0.6157033248463593
7088.16107  231081.78125  105849.28906  253020.1875   0.6152844467211354
7088.33145  230957.78125  105799.28125  252959.1875   0.6151793995562813
7088.50183  230597.78125  105643.28125  252553.1875   0.6150413489016827
7088.71483  230541.78125  105648.28125  252581.1875   0.6145664683367906
7088.86393  230453.78125  105608.28125  252417.1875   0.6145614022227222
7089.00239  230148.78125  105485.28125  252180.1875   0.6143012329575224
7089.11955  229932.78125  105417.28125  251996.1875   0.6138199510976257
7089.23672  229758.78125  105338.28125  251768.1875   0.6138079308715191
7089.34324  229534.78125  105240.28125  251579.1875   0.6137348802392842
7089.47107  229179.78125  105129.28125  251394.1875   0.6129289410937114
7089.5989   228900.78125  104993.28125  250889.1875   0.6130538878428474
7089.75869  228753.78125  104937.28125  250933.1875   0.6128756939323504
7089.9398   228314.78125  104745.28125  250432.1875   0.6127290795984112
7090.09962  228298.78125  104754.28125  250407.1875   0.6124738063704577
7090.25944  228516.78125  104881.28906  250724.1875   0.6120528225207752
7090.40861  228057.78125  104667.28906  250153.1875   0.6121049593329169
7090.54713  227620.78125  104467.28125  249762.1875   0.6120962867345725
7090.675    227263.78125  104319.28125  249426.1875   0.6118477010894416
7090.81354  226748.78125  104109.28125  248778.1875   0.6114327498935546
7090.95208  226012.78125  103764.28125  248118.1875   0.6115442947182639
7091.09062  225699.78125  103636.28125  247776.1875   0.6112963679870579
7091.22917  225175.78125  103396.28125  247264.1875   0.6112867289425551
7091.34641  224644.78125  103147.28125  246584.1875   0.6113688291089694
7091.46365  224090.78125  102904.28125  245934.1875   0.6111879658528482
7091.60222  223369.78125  102583.28125  245247.1875   0.6110270229084263
7091.74079  222383.78125  102146.28906  244196.1875   0.610773386449545
7091.93267  221388.78125  101717.28906  243048.1875   0.6103224312785763
7092.09257  219830.78125  101015.28125  241443.1875   0.6100985952224415
7092.28447  218007.78125  100201.28125  239545.1875   0.6097116130927409
7092.45505  216056.78125  99326.28125   237341.1875   0.6093536871178289
7092.63631  213950.78125  98331.28125   235080.1875   0.6098000015708638
7092.82824  211347.78125  97168.28125   232247.1875   0.6092385643238191
7092.98818  208519.78125  95867.28125   229135.1875   0.6092524202793549
7093.14814  205360.78125  94428.28125   225671.1875   0.609020973119811
7093.26545  202566.78125  93131.28906   222518.1875   0.6092364580515461
7093.39342  199780.78125  91836.28906   219434.1875   0.6094880300064869
7093.50007  196704.78125  90427.28125   216019.1875   0.6093978341260013
7093.62805  193187.78125  88816.28125   212215.1875   0.6092909276482578
7093.75604  189057.78125  86918.28125   207708.1875   0.6092772032005158
7093.93736  183817.78125  84507.28125   201886.1875   0.6093147420062104
7094.14003  177921.78125  81811.28125   195413.1875   0.6090228595024946
7094.33204  172389.78125  79239.28125   189324.1875   0.609607133270151
7094.52407  168582.78125  77489.28906   185230.1875   0.6096091945459592
7094.67343  166353.78125  76459.28906   182903.1875   0.6097255588502825
7094.82279  166238.78125  76426.28906   182713.1875   0.6093003634176263
7094.96149  167828.78125  77168.28125   184427.1875   0.6090669050039627
7095.1002   170904.78125  78614.28125   187945.1875   0.6084080977110009
7095.22824  175833.78125  80920.28125   193459.1875   0.6076250115258953
7095.36696  181334.78125  83513.28125   199550.1875   0.6064216790600842
7095.49502  187036.78125  86156.28125   205873.1875   0.6060995620126627
7095.6124   192600.78125  88754.28906   212003.1875   0.6054538250781821
7095.72979  198613.78125  91551.28906   218679.1875   0.6049874425907272
7095.85786  205390.78125  94743.28125   226160.1875   0.6038103947886483
7095.98593  212764.78125  98189.28125   234407.1875   0.603068633106833
7096.1567   220955.78125  102009.28125  243371.1875   0.6024281760487886
7096.31681  228014.78125  105301.28125  250971.1875   0.6019144807392821
7096.47692  234479.78125  108293.28125  258188.1875   0.6018185562198172
7096.62636  238247.78125  110010.28125  262111.1875   0.6021640791672495
7096.79716  241225.78125  111449.28125  265453.1875   0.6012253512019831
7097.01068  244020.78125  112759.28906  268515.1875   0.6009541949593354
7097.17082  244935.78125  113181.28906  269502.1875   0.6009659249606871
7097.33098  245491.78125  113466.28125  270163.1875   0.6005610229197167
7097.46978  245730.78125  113551.28125  270381.1875   0.6009279640879878
7097.58723  245959.78125  113641.28125  270533.1875   0.6011557472761733
7097.69402  246169.78125  113781.28125  270741.1875   0.6005376028422865
7097.81148  246149.78125  113797.28125  270755.1875   0.6001745608266711
7097.93962  246232.78125  113800.28906  270782.1875   0.6006829880741581
7098.06777  246064.78125  113748.28125  270573.1875   0.6003141511784738
7098.22797  246261.78125  113863.28125  270767.1875   0.5999701681124928
7098.39885  246314.78125  113904.28125  270870.1875   0.5997331878089752
7098.56974  246442.78125  113966.28125  270958.1875   0.5996928623402672
7098.74064  246185.78125  113890.28906  270705.1875   0.5990769922150144
7098.90086  246223.78125  113923.28906  270598.1875   0.5988554815726715
7099.02905  246010.78125  113812.28125  270323.1875   0.5990345691793643
7099.15724  245893.78125  113763.28125  270285.1875   0.598960808663795
7099.29612  246059.78125  113859.28125  270348.1875   0.5986848501089934
7099.43501  245810.78125  113758.28125  269992.1875   0.5984802913540556
7099.56321  245673.78125  113720.28906  269867.1875   0.5981146195875754
7099.70211  245488.78125  113633.28125  269588.1875   0.598134389702949
7099.81964  245278.78125  113538.28125  269397.1875   0.5981025951385117
7099.94786  245245.78125  113538.28125  269236.1875   0.5978824224941197
7100.08677  245084.78125  113479.28125  269121.1875   0.5976583774957399
7100.24706  245000.78125  113460.28125  268913.1875   0.5973714379069162
7100.42873  244903.78125  113426.28906  268690.1875   0.5972137657769832
7100.59972  244785.78125  113393.28906  268533.1875   0.5969012890881749
7100.76004  244481.78125  113273.28125  268188.1875   0.5966005562788481
7100.93105  244098.78125  113089.28125  267725.1875   0.5966953077254387
7101.11275  244526.78125  113306.28125  268020.1875   0.5964250683199674
7101.29447  244598.78125  113364.28906  268058.1875   0.5960692867664598
7101.46551  244463.78125  113329.28906  267835.1875   0.5956711759346395
7101.62586  244090.78125  113181.28125  267381.1875   0.5953110084535356
7101.75415  243934.78125  113099.28125  267168.1875   0.5954508410976737
7101.86106  244075.78125  113167.28125  267288.1875   0.5954128698549658
7101.98936  243753.78125  113051.28906  266888.1875   0.5949307222446173
7102.10697  243600.78125  112999.28906  266528.1875   0.5946561310184175
7102.24597  243382.78125  112889.28125  266263.1875   0.5947849019246366
7102.41705  243546.78125  112991.28125  266390.1875   0.5944093177468417
7102.62022  243300.78125  112902.28125  265988.1875   0.5940450603086086
7102.81271  243118.78125  112830.28125  265639.1875   0.5938644020935229
7103.00522  243239.78125  112902.28906  265700.1875   0.5936346287426262
7103.16564  243330.78125  112936.28125  265499.1875   0.593754108923245
7103.31538  243010.78125  112817.28125  265088.1875   0.5933258709945475
7103.45443  242880.78125  112755.28125  264851.1875   0.59334978390122
7103.58279  242691.78125  112686.28906  264387.1875   0.593077493191393
7103.72185  242899.78125  112807.28125  264544.1875   0.592723310056682
7103.85021  242773.78125  112743.28125  264393.1875   0.5928028917535039
7103.97859  242627.78125  112702.28125  263983.1875   0.5924136993123909
7104.08557  242415.78125  112585.28125  263552.1875   0.5926829210660309
7104.21395  242583.78125  112704.28906  263666.1875   0.5920877694492566
7104.34234  242387.78125  112612.28125  263181.1875   0.5921015203281698
7104.48143  242199.78125  112514.28125  262697.1875   0.5922564903784657
7104.65262  241959.78125  112410.28125  262226.1875   0.5921474197521314
7104.84523  242106.78125  112520.28125  262304.1875   0.5915407780210629
7104.98434  241946.78125  112442.28906  261804.1875   0.5915936250771452
7105.14486  242068.78125  112530.28125  261539.1875   0.5911384993279167
7105.31609  242101.78125  112551.28125  261353.1875   0.5910562172890202
7105.49803  242246.78125  112659.28125  261134.1875   0.5904665365716221
7105.66928  242053.78125  112556.28125  260677.1875   0.5906590607276105
7105.81912  241906.78125  112515.28906  260140.1875   0.5902610503267786
7105.95828  241742.78125  112458.28125  259695.1875   0.5899806078416371
7106.08673  241804.78125  112501.28125  259488.1875   0.5897746666114181
7106.19377  241512.78125  112363.28125  258850.1875   0.5898059051712242
7106.31153  241494.78125  112365.28906  258568.1875   0.5896547021807659
7106.43999  241343.78125  112306.28125  257933.1875   0.5894907592697676
7106.56847  241322.78125  112291.28125  257549.1875   0.5895669413041242
7106.71835  241167.78125  112247.28125  256916.1875   0.589156893161316
7106.88966  240774.78125  112288.28125  256481.1875   0.5858905476381087
7107.07169  241364.78125  112348.28125  256013.1875   0.5890212888235554
7107.2323   241226.78125  112300.28906  255252.1875   0.5887845925352464
7107.39293  241197.78125  112297.28906  254419.1875   0.5886315734187506
7107.53214  241101.78125  112272.28125  253698.1875   0.588344595692849
7107.67137  241175.78125  112309.28125  252705.1875   0.5883075738410347
7107.79988  241221.78125  112372.28125  251888.1875   0.5877019884908867
7107.93911  241275.78125  112380.28125  251045.1875   0.5879517729460947
7108.07835  241140.78125  112345.28125  249867.1875   0.5875456414796834
7108.19617  240878.78125  112185.28906  248556.1875   0.5880987875747395
7108.32471  240690.78125  112131.28906  247182.1875   0.5876089942975811
7108.44254  240515.78125  112052.28906  245890.1875   0.5875720798089942
7108.58179  240600.78125  112102.28906  244423.1875   0.587420264426797
7108.74248  240614.78125  112131.28125  242425.1875   0.5870923316095309
7108.93532  240893.78125  112305.28125  239695.1875   0.5864513808819156
7109.11745  241242.78125  112450.28125  236545.1875   0.5867089971488256
7109.26745  241176.78125  112402.28125  232408.1875   0.5869598939497427
7109.43889  241045.78125  112340.28125  227142.1875   0.586973680010739
7109.61034  241385.78125  112504.28125  221183.1875   0.5868930739315917
7109.78179  241388.78125  112534.28906  214027.1875   0.5864770081467368
7109.96397  241302.78125  112523.28906  205938.1875   0.5860538728720892
7110.12472  240975.78125  112359.28906  197374.1875   0.5862215614053632
7110.25333  240701.78125  112242.28125  189463.1875   0.5860648367267978
7110.36051  240731.78125  112230.28125  181673.1875   0.586443729002699
7110.47841  240633.78125  112193.28125  174329.1875   0.5863170067587052
7110.59631  240482.78125  112084.28125  166471.1875   0.5868804127798917
7110.74638  240268.78125  112026.28125  158083.1875   0.586270586834127
7110.91789  240404.78125  112056.28906  149360.1875   0.5867582963689391
7111.10013  240108.78125  111891.28906  141096.1875   0.5871535506383536
7111.30382  239967.78125  111789.28125  134244.1875   0.587684843031574
7111.4968   240192.78125  111861.28125  128640.17969  0.5881648297831131
7111.66835  239862.78125  111616.28125  123782.17969  0.5895030059814063
7111.82918  239286.78125  111244.28125  119293.17969  0.5910316204680695
7111.96858  237689.78125  110448.28125  115111.17969  0.5918248909547028
7112.08654  237076.78125  110101.28906  111934.1875   0.5927482811191268
7112.22594  236982.78125  110021.28906  109185.1875   0.5932887612256934
7112.34391  237250.78125  110118.28906  107059.1875   0.5936961927999795
7112.4726   237524.78125  110213.28906  105163.1875   0.5941738362653505
7112.57985  237680.78125  110305.28125  103474.17969  0.5938829428199593
7112.69782  237929.78125  110400.28125  101867.17969  0.5941876335608526
7112.82653  238011.78125  110428.28125  100036.17969  0.5943365259806718
7112.97669  238152.78125  110425.28125  98081.17969   0.5953500897547256
7113.14831  238450.78125  110518.28125  95801.17969   0.5960188252821387
7113.31995  238489.78125  110496.28906  93636.1875    0.5966120953284519
7113.48086  238679.78125  110536.28906  91764.1875    0.5973229732841221
7113.63105  238598.78125  110533.28906  90207.1875    0.5968119632523274
7113.79198  238836.78125  110733.28125  88901.17969   0.5954853443960069
7113.96364  238864.78125  110810.28125  87734.17969   0.5945396973943587
7114.13531  239034.78125  110940.28125  86852.17969   0.5937852642158847
7114.307    238830.78125  110877.28125  85963.17969   0.5933176528239726
7114.45722  238744.78125  110919.28125  85369.17969   0.5921085789286363
7114.57526  238407.78125  110737.28125  84895.17969   0.5924843441880464
7114.68258  238622.78125  110833.28125  84500.17969   0.592541402029599
7114.80063  238284.78125  110676.28125  84114.17969   0.5925415338560037
7114.91868  238270.78125  110696.28906  83801.1875    0.5921495976458824
7115.0582   238196.78125  110679.28906  83437.1875    0.591892632516734
7115.17626  238175.78125  110668.28906  83161.1875    0.5919110005613427
7115.348    238704.78125  110940.28906  82938.1875    0.5915245008422203
7115.53047  238681.78125  110921.28125  82522.17969   0.5916472125203198
7115.69149  238482.78125  110836.28125  81961.17969   0.5915367728370172
7115.85251  238147.78125  110664.28125  81173.17969   0.5917778792138347
7116.01355  238424.78125  110808.28125  80421.17969   0.5915521923937902
7116.15311  238555.78125  110862.28125  79508.17969   0.5916537765460164
7116.28195  238457.78125  110827.28125  78276.17969   0.5914981043515404
7116.41079  238242.78125  110737.28125  76799.17969   0.5913514377916993
7116.5289   237924.78125  110587.28125  75343.17969   0.59138385604613
7116.65775  238063.78125  110619.28125  73843.17969   0.5918661342489105
7116.77587  237955.78125  110599.28125  72389.17969   0.5914194946104294
7116.90473  237763.78125  110524.28125  70719.17969   0.5912086579615375
7117.04433  237748.78125  110530.28906  68937.1875    0.5910164739037235
7117.20542  237842.78125  110560.28906  66664.1875    0.5912192443849686
7117.38799  237613.78125  110437.28906  64008.1875    0.5914644533177069
7117.57058  237482.78125  110339.28906  61247.1875    0.5920147768357767
7117.74243  237717.78125  110471.28125  58687.17969   0.5916769195138025
7117.90355  237814.78125  110493.28125  56223.17969   0.5920186525841167
7118.07543  237808.78125  110449.28125  53796.17969   0.5926291206859408
7118.2473   237574.78125  110304.28125  51570.17969   0.5931678349418118
7118.40845  237308.78125  110130.28125  49597.17969   0.5939179862163005
7118.5696   237648.78125  110253.28125  47814.17969   0.5944342123907338
7118.72002  237339.78125  110061.28125  46010.17969   0.5951572872350648
7118.84895  237367.78125  110040.28125  44531.17969   0.5956625777057407
7118.9564   237054.78125  109822.28125  43134.17969   0.5967484019230419
7119.08534  237097.78125  109781.28906  41702.1875    0.5976561021295238
7119.20354  236878.78125  109586.28906  40158.1875    0.599053135659375
7119.36473  236711.78125  109416.28906  38439.1875    0.6004395342561895
7119.55817  236759.78125  109301.28906  36499.1875    0.6024920959583226
7119.75162  236867.78125  109155.28906  34693.1875    0.6054256153696091
7119.94508  237019.78125  109056.28906  33132.1875    0.6079601462613794
7120.1278   236685.78125  108745.28125  31697.17969   0.610325880399527
7120.28903  236814.78125  108579.28125  30348.17969   0.6137173241619045
7120.43953  236889.78125  108373.28125  29162.17969   0.6173429956486078
7120.56852  236841.78125  108110.28125  28064.17969   0.6209873448928463
7120.69753  236729.78125  107758.28125  27118.17969   0.625549931836798
7120.82653  236651.78125  107506.28125  26328.17969   0.628841909079802
7120.94479  236402.78125  107187.28125  25650.17969   0.6319820064060394
7121.05231  236365.78125  106903.28125  24999.17969   0.6360672891802519
7121.18133  236287.78125  106560.28125  24395.17969   0.6407859350518912
7121.2996   236034.78125  106179.28125  23800.17969   0.6448941051464929
7121.45014  235977.78125  105759.28906  23148.1875    0.6509843694555217
7121.61144  236798.78125  105690.28906  22495.1875    0.6577355872657208
7121.79425  236799.78125  105209.28906  21823.1875    0.6652066465307188
7121.95556  236661.78125  104620.28906  21130.1875    0.6734394506406012
7122.10612  236914.78125  104242.28906  20532.1875    0.6811108507436249
7122.26745  237067.78125  103812.28125  19958.17969   0.68893137498092
7122.43954  237020.78125  103346.28125  19427.17969   0.695968892605697
7122.61164  237070.78125  102947.28125  18951.17969   0.7026439664956721
7122.76223  236838.78125  102494.28125  18544.17969   0.7082582210728063
7122.92359  236604.78125  102071.28125  18158.17969   0.7134080205627444
7123.05268  236651.78125  101796.28125  17838.17969   0.7181476785915621
7123.16026  236685.78125  101588.28125  17602.17969   0.7217297596484542
7123.26785  236407.78125  101219.28125  17297.17969   0.7257612364577619
7123.37543  236466.78125  101020.28125  17036.17969   0.72938987811566
7123.50454  236180.78125  100635.28906  16757.1875    0.7336577060324552
7123.64442  236174.78125  100296.28125  16459.17969   0.7391378260394028
7123.79506  236048.78125  99923.28906   16147.1875    0.744361414422242
7123.96722  235890.78125  99480.28906   15826.1875    0.7505365327506573
7124.15016  236056.78125  99186.28906   15528.1875    0.7565308699806919
7124.31158  236280.78125  98881.28906   15263.1875    0.763122530566502
7124.49454  236374.78125  98465.28906   14970.1875    0.7706722149017106
7124.63445  236114.78125  97940.28906   14661.1875    0.7776194672225348
7124.77437  236054.78125  97508.28125   14404.17969   0.7844374497094782
7124.89277  236206.78125  97130.28125   14142.17969   0.7918466459563923
7125.02194  236208.78125  96658.28125   13886.17969   0.7998317230538814
7125.15111  236044.78125  96201.28125   13613.17969   0.8064502737484208
7125.26952  235931.78125  95816.28125   13439.17969   0.8122286351059647
7125.38793  235734.78125  95320.28125   13189.17969   0.8193544846681767
7125.50635  235738.78125  94962.28125   13009.17969   0.8255396131712447
7125.65707  235440.78125  94370.28125   12736.17969   0.8337028756435454
7125.85087  235427.78125  93790.28125   12403.17969   0.8437006566519855
7126.04467  235701.78125  93318.28125   12081.17969   0.8538598195936533
7126.22772  235825.78125  92834.28125   11758.17969   0.8632296418997295
7126.38924  235527.78125  92235.28906   11444.1875    0.8717530348502175
7126.54     235456.78125  91725.28125   11113.17969   0.8803329374871072
7126.71231  235476.78125  91250.28906   10811.1875    0.8889677310565408
7126.87385  235393.78125  90802.28906   10522.1875    0.8964444897957823
7127.04618  235109.78125  90269.28906   10224.1875    0.9041026358814063
7127.19697  235107.78125  89934.28125   9976.17969    0.9101728981100314
7127.33699  234830.78125  89489.28906   9754.1875     0.9163606074981413
7127.4447   234577.78125  89084.28906   9516.1875     0.9220191590634681
7127.57397  234500.78125  88754.28906   9304.1875     0.9275548702434757
7127.68169  234383.78125  88463.28906   9095.1875     0.9321122200779742
7127.82173  234488.78125  88145.28906   8870.1875     0.9387379779316284
7127.9941   234741.78125  87893.28906   8605.1875     0.9451875011195948
7128.18803  234598.78125  87488.28906   8316.1875     0.951747923399426
7128.38197  234362.78125  87141.28906   8071.18701    0.9566040858729126
7128.57592  234118.78125  86819.28906   7834.18701    0.960957355293964
7128.74833  234042.78125  86616.28906   7615.18701    0.9642566822212346
7128.92074  234205.78125  86568.28125   7449.17969    0.9663031588443705
7129.06084  234238.78125  86498.28125   7303.17969    0.9678574260399958
7129.19016  234340.78125  86481.28125   7162.17969    0.968891466872203
7129.30871  234110.78125  86391.28125   7052.17969    0.9689884557527728
7129.42727  233885.78125  86299.28125   6964.17969    0.9691585462595003
7129.54583  233879.78125  86263.28125   6892.17969    0.9697993240617768
7129.65361  233724.78125  86214.28125   6843.17969    0.9696442564081967
7129.78296  233634.78125  86158.28125   6798.17969    0.9700772598003259
7129.92309  233599.78125  86147.28125   6765.17969    0.97004103471387
7130.08478  233606.78125  86112.28125   6727.17969    0.9707550279645016
7130.25727  233268.78125  85938.28125   6726.17969    0.9716955097064514
7130.42976  233285.78125  85877.28125   6753.17969    0.9729766827225784
7130.59148  233740.78125  85959.28125   6813.17969    0.9746033974169221
7130.74243  233786.78125  85857.28125   6875.17969    0.9768682783634708
7130.90416  234109.78125  85815.28125   6963.17969    0.9799282004732416
7131.05512  233841.78125  85576.28125   7051.17969    0.9826175981126231
7131.21687  233752.78125  85395.28125   7153.17969    0.985459375512002
7131.37863  233709.78125  85232.28125   7256.17969    0.988284760374958
7131.50804  233581.78125  85086.28125   7363.17969    0.9901937387946472
7131.63745  233466.78125  84950.28125   7465.17969    0.9920055256287471
7131.7453   233465.78125  84856.28125   7574.17969    0.9938102054512318
7131.86394  233300.78125  84727.28906   7672.18701    0.9951426818170229
7131.98259  233156.78125  84587.28906   7801.18701    0.9968384588414925
7132.11202  233211.78125  84548.28125   7934.17969    0.9979792111532366
7132.26303  233060.78125  84440.28906   8087.18701    0.9990107933812478
7132.43563  233281.78125  84469.28125   8270.17969    1
7132.59744  233227.78125  84484.28125   8449.17969    0.9993306120170695
7132.77005  233426.78125  84564.28125   8623.17969    0.9991774575059906
7132.94267  233520.78125  84650.28125   8809.17969    0.9981729809703386
7133.10451  233412.78125  84682.28125   8980.17969    0.996797539171539
7133.25557  233278.78125  84732.28125   9145.17969    0.9948919542630487
7133.39584  233417.78125  84903.28125   9321.17969    0.9925676430398612
7133.52533  233512.78125  85062.28125   9456.17969    0.9901719146291379
7133.64403  233442.78125  85188.28125   9612.17969    0.9872592078578165
7133.76273  233371.78125  85278.28906   9703.1875     0.9850334134671104
7133.87065  233185.78125  85378.28906   9812.1875     0.9818109628767947
7133.98936  233310.78125  85566.28906   9953.1875     0.9790886495521494
7134.14046  233895.78125  85967.28906   10104.1875    0.9755357231595405
7134.30235  233972.78125  86192.28125   10225.17969   0.971797263079593
7134.48585  234009.78125  86425.28125   10348.17969   0.9676384651267719
7134.66935  233808.78125  86592.28125   10474.17969   0.9630734191143085
7134.85286  234127.78125  86900.28125   10604.17969   0.9594944346972049
7135.01479  233846.78125  87031.28125   10694.17969   0.9550643691868317
7135.16593  233919.78125  87223.28125   10779.17969   0.9519690997599086
7135.32787  233817.78125  87303.28125   10812.17969   0.9497552485064331
7135.47902  234042.78125  87541.28906   10899.1875    0.9468741270283969
7135.64098  234088.78125  87678.28906   10906.1875    0.944636845334462
7135.79215  234245.78125  87823.28906   10969.1875    0.943030022826452
7135.93253  234042.78125  87867.28906   10960.1875    0.9407916924127785
7136.04051  233891.78125  87887.28125   10965.17969   0.9393633247314922
7136.1593   233774.78125  87917.28125   10945.17969   0.9379860870072209
7136.29969  233898.78125  88078.28125   10962.17969   0.9358599454132231
7136.46169  234167.78125  88276.28125   10962.17969   0.9340663781037067
7136.6561   233977.78125  88341.28125   10944.17969   0.9315336662558141
7136.83971  233743.78125  88372.28906   10884.1875    0.9293220632699267
7137.01254  233825.78125  88503.28906   10862.1875    0.9274721239013852
7137.20698  233979.78125  88692.28125   10826.17969   0.9250588854430273
7137.39062  234065.78125  88848.28125   10778.17969   0.9227845676020168
7137.53107  234169.78125  89018.28125   10723.17969   0.9203834882140253
7137.67151  234161.78125  89113.28125   10656.17969   0.9185821918580045
7137.80116  234103.78125  89259.28125   10605.17969   0.9154980592804262
7137.90921  234190.78125  89390.28906   10570.1875    0.9137061006355002
7138.02806  234083.78125  89454.28906   10522.1875    0.9117871319343364
7138.13611  234124.78125  89575.28906   10471.1875    0.9098617905641361
7138.24417  233949.78125  89630.28125   10437.17969   0.9076339169060935
7138.37384  233875.78125  89730.28125   10399.17969   0.9052915754827333
7138.52513  234034.78125  89922.28125   10340.17969   0.9029060125448433
7138.69804  234210.78125  90147.28125   10285.17969   0.9000468031359439
7138.87096  234071.78125  90246.28125   10216.17969   0.8972792862133602
7139.04388  233830.78125  90313.28125   10154.17969   0.8943792113379774
7139.20601  234322.78125  90674.28125   10133.17969   0.8912908105120759
7139.35734  234506.78125  90930.28125   10084.17969   0.8879618209484396
7139.50867  234575.78125  91130.28906   10059.1875    0.8848478733376305
7139.67082  234612.78125  91291.28906   10017.1875    0.8822175419280164
7139.83297  234323.78125  91313.28906   9979.1875     0.8798063023472429
7139.9627   234223.78125  91394.28906   9965.1875     0.8776569143334478
7140.09244  234077.78125  91436.28125   9953.17969    0.875884917253517
7140.22218  234142.78125  91561.28125   9949.17969    0.8741037475352796
7140.34112  234064.78125  91631.28125   9929.17969    0.8723079862381719
7140.46005  234700.78125  91973.28125   9967.17969    0.8706521642850018
7140.57899  234907.78125  92157.28125   9976.17969    0.8688243492151143
7140.71957  234870.78125  92266.28906   9988.1875     0.8666321644601902
7140.87096  234870.78125  92372.28906   9999.1875     0.8647533078240044
7141.02236  234695.78125  92444.28906   10002.1875    0.8622586379787588
7141.20621  235220.78125  92777.28125   10054.17969   0.8600312622777438
7142.51508  238219.375    94762.48438   10466.41113   0.8461149993887204
7144.22494  241133.1875   96302.91406   10716.78711   0.8396226414306792
7145.88149  244298.125    97594.48438   10330.24121   0.8391603297499434
7147.34383  246955.10938  98936.14063   9658.7041     0.8345190339452117
7148.96938  249592.09375  100851.78125  9154.0957     0.8205183847746199
7150.6933   252964.98438  103179.35938  9024.3584     0.805146726668572
7152.43978  254988.73438  104845.80469  8973.4209     0.7919680496921044
7154.24144  257831.28125  106804.0625   9240.24707    0.7798275909443928
7155.93543  260431.57813  108656.08594  9618.77344    0.7681161156641252
7157.71718  262829.5625   110322.80469  9882.94141    0.7582041013001426
7159.55423  265201.1875   111707.17969  10022.70801   0.7524975092831405
7161.54456  267948.40625  112988.15625  10307.03125   0.7507035479554515
7163.63402  270104.15625  113830.69531  10676.86035   0.7516591624489172
7165.5178   273254.40625  114996.73438  10978.14453   0.7539567631421156
7167.468    274636.125    115344.25781  11183.85547   0.7572725554998518
7169.57196  277471.28125  116010.20313  11526.9502    0.764658214816034
7171.75359  279919.8125   116172.55469  12098.40039   0.7767464691620514
7173.81651  282565.6875   116316.25     12902.15625   0.7901183842551852
7175.89158  284673.875    116605.27344  13886.19531   0.7982207736995742
7178.19747  287409.3125   117604.59375  14861.48145   0.7999054954619581
7180.52678  289350.0625   118506.17188  15155.99414   0.7984211862995658
7182.7482   291420.96875  119672.96875  15054.67578   0.7940584511765254
7185.01486  293960.09375  121100.96094  14600.51855   0.7888439273799995
7187.39263  296064.375    122380.125    13734.49414   0.7833220094126245
7189.88172  298021.78125  123567.42969  12855.57422   0.7783059689169622
7192.21893  299652.3125   124760.85156  12115.7373    0.7715061328671683
7194.61265  301785.875    126218.35156  12129.93945   0.7641101881907819
7197.3158   303855.5625   127730.9375   13032.18945   0.7558008538936861
7199.87806  305990.25     129293.5625   14406.4502    0.747359300241213
7202.45323  307966.9375   130876.1875   16107.67871   0.7379877515957828
7205.14049  309659.625    132241.8125   17917.875     0.7299709737867579
7207.7747   311146.28125  133323.42188  18219.01758   0.7244788234722541
7210.45506  313378.90625  134704        16421.09375   0.7193210065069922
7213.2921   315125.4375   135813.5      13143.06445   0.7149926735837471
7216.242    317181.875    136974.92188  10588.93164   0.711702496104294
7218.93998  318209.21875  137473.25     9461.66699    0.711051621937082
7221.75076  320413.4375   138656.45313  9775.25586    0.7083239752541817
7224.92947  321979.53125  139704.51563  11543.68359   0.7039803195762558
7227.74511  323653.46875  140892.4375   14064.93555   0.6986102137803356
7230.64072  325501.1875   142235.1875   17081.98438   0.6924043231853001
7233.92756  326893.75     143249.75     20132.82031   0.6877593568333259
7236.86169  326419.09375  143376.125    21491.43945   0.6839386298874538
7239.9541   326357.25     143640.28125  21459.81836   0.6806165069636283
7243.21633  332891.15625  147089.21875  20726.95703   0.6742277004913686
7246.25865  334161.8125   148242.90625  19664.8125    0.6676771872481189
7249.56028  335836.1875   149650.32813  19467.39063   0.6603935949530004
7252.79802  336960.3125   150644.5      20216.6875    0.65502684626831
7256.12821  338539.15625  151669.40625  20898.67969   0.6515809368555715
7259.39445  340302.6875   152649.98438  20513.34766   0.6495375979531868
7262.83176  341860.9375   153534.28125  19863.70117   0.6475613666530073
7266.11549  342700.84375  154184.25     19391.70117   0.6446640334243617
7269.81758  345025.40625  155617.90625  18471.36133   0.640580970022545
7273.08541  344628.65625  155880.21875  17335.66016   0.6359422402912733
7276.68243  348000.53125  157712.1875   17005.5957    0.632755644788024
7280.20434  348946.0625   158459.79688  16506.14844   0.6294570852504079
7283.76361  350575.21875  159689.03125  15800.31738   0.6244342143609333
7287.54084  351975.96875  160958.89063  15460.0752    0.6179983741280962
7291.08498  353294.34375  162234.375    16439.44141   0.6112002389818086
7294.8362   353224.3125   162841.4375   18705.36719   0.6047641773367975
7298.50089  342048.875    158341.10938  20504.88281   0.5980152519731592
7302.23739  360466        167726.35938  23651.96289   0.5896072656592045
7306.20469  362220.71875  169448.1875   25226.60156   0.5808408396284056
7309.98346  364838        171535.59375  25916.78711   0.5725871552015603
7313.82312  365839.8125   172939.54688  26051.51758   0.5637357996271852
7317.83766  365565.1875   173670.04688  26306.76953   0.5556094879292248
7321.61755  364525.125    173833.09375  26487.55469   0.5494117119935206
7325.6638   367953.5625   175936.6875   26866.85352   0.5450469858273473
7329.65761  369638.53125  177032.79688  27288.66992   0.542360133234035
7333.8617   370047.03125  177479.4375   28175.98828   0.5400443083786125
7337.85337  370879        178139.57813  28770.80078   0.5376439607884639
7342.09015  371944.53125  179019.23438  28201.10938   0.534277965934232
7346.14849  372114.5      179675.39063  26502.89648   0.5290387936365195
7350.41821  353341        171325.04688  23543.16602   0.5222007843792734
7354.72758  376584.96875  183480.1875   23728.9082    0.5142906377669859
7358.98464  377193.40625  184551.79688  22756.10156   0.5074030025600259
7363.28141  377254.34375  185464.89063  22212.76758   0.4995911804533515
7367.53723  378956.71875  187191.45313  22588.87891   0.4917956633247947
7371.97148  378900.5625   188076.48438  24070.44336   0.48383474320699726
7376.31872  379525.84375  189220.95313  26996.44336   0.47660562119880323
7380.8798   380229.59375  190347.89063  31120.88086   0.4699203592458139
7385.31916  381169.78125  191614.25     33727.74219   0.46311111126646126
7389.94987  381816.40625  192737.07813  34090.04688   0.4563238800156136
7394.43545  382728.4375   193870.3125   33537.74609   0.4506348009520985
7399.14791  384010.90625  195100.98438  33460.87891   0.4457541897984315
7403.68008  385904.8125   196526.09375  33839.41797   0.44189541769203133
7408.41646  386713.125    197484.60938  33928.35547   0.4373577133448565
7413.00718  386639.84375  198057.53125  33958.69922   0.4323072169304605
7417.87301  388304.96875  199716.89063  34470.44141   0.4256867179791899
7422.51107  390085.5      201539.625    35472.56641   0.4183062499461249
7427.38987  391139.4375   203062.76563  36573.07813   0.4104010668957086
7432.15781  391312.75     204106.29688  36733.97656   0.402738294580124
7437.10862  385332.4375   202058.21875  35842.23828   0.3940399953522923
7442.00737  397245.53125  209424.54688  35873.89453   0.3852698505334672
7447.07802  397681        210677.23438  34805.90625   0.37730381170022587
7452.15585  398550.84375  212090.3125   34619.28906   0.36994014082041726
7457.2527   398983.03125  213157.75     34926.02734   0.36349858061876433
7462.27384  399185.59375  214041.5625   35602.12109   0.35755834112289825
7467.31387  399581.53125  215026.73438  36998.5625    0.3516661486864993
7472.46793  400416.84375  216245.28125  38834.36719   0.3458363166576403
7477.68888  401493.46875  217660.17188  40382.50391   0.3395583615828523
7483.01276  402671.46875  219177.42188  41943.98828   0.3329854169912688
7488.10578  402896.8125   220201.01563  43588.81641   0.3262766087037416
7493.45702  402760.5      221099.96875  44978.97266   0.31905615104000384
7498.63663  399683.53125  220316.25     44905.46094   0.3123174396072788
7504.14737  404917.90625  224339.875    45376.27734   0.303993409526298
7509.59447  405623.59375  225752.82813  45632.41406   0.2965688218265907
7514.9175   406252.625    227075.125    46338.87109   0.2895478090302597
7520.4531   407216.96875  228651.75     47052.65625   0.2821052072828201
7525.8886   408504.625    230325.6875   47489.74219   0.27533534238666757
7531.45306  409119.625    231711.95313  47681.14453   0.26797772133907727
7536.82039  410223.9375   233344.53125  48235.85938   0.26089976740752624
7542.57126  411329.5625   235050.4375   49108.87109   0.2533847060359623
7548.20988  411817.5      236301.65625  49767.19531   0.24663710119786997
7553.76001  411783.71875  237304.15625  49809.80469   0.2395753389252011
7559.69598  413184.28125  239181.98438  49634.71875   0.23223364487915182
7565.15392  414084.125    240812.125    49857.93359   0.2246787057462551
7571.07184  414971.25     242349.54688  50938.42188   0.21776679754688583
7576.92598  416143.6875   244122.28125  52754.20313   0.2104574868227731
7582.618    416008.40625  245107.29688  54494.27344   0.2033361170366351
7588.78516  417320.4375   247036.60938  56015.62109   0.1956589698063104
7594.36048  417026.71875  247958.21875  56724.25781   0.18841349593962656
7600.54747  418048.34375  249803.10938  57382.17188   0.18028730956933825
7606.39965  418402.1875   251103.28125  58281.34375   0.1731769301616457
7612.40937  419229.34375  252741.73438  59553.79688   0.1657661078915023
7618.60214  419422.75     253961.46875  60394.52344   0.15864272981720165
7624.60709  419270.46875  254935.48438  60662.51953   0.15178457293836806
7630.74597  419318.4375   256117.75     61350.76953   0.1444006633153101
7637.007    416469.65625  255649.29688  62211.28125   0.13624126956973875
7643.12923  418446.1875   258073.125    63806.0625    0.128547553970399
7649.49866  419009.9375   259676.20313  65044.08984   0.12061745439260362
7655.71665  419072.96875  260905.5625   65847.38281   0.11313499162329148
7662.19547  419865.28125  262670.1875   66541.9375    0.10519559971875343
7668.62295  419148.8125   263448.0625   66737.71875   0.09756208801905066
7675.3003   422073.625    266561.1875   67481.75781   0.08971764237010976
7681.738    422280.6875   267906.5625   67934.05469   0.08228200814288304
7688.51468  422404        269280.21875  68926.58594   0.07439096912944343
7695.11429  424180.53125  271705.09375  70540.35938   0.06658914516309469
7701.67503  424568.34375  273143.21875  71819.375     0.059446151252832084
7708.69101  425450.40625  275088.59375  73323.625     0.05122907846062658
7715.25036  425691.6875   276498.25     74784.125     0.04379289895386952
7722.06297  426205.21875  278251.09375  76266.84375   0.03542483813019692
7729.13022  426705        279948.21875  77457.80469   0.02739226838874173
7735.81501  426813        281347.5625   78490.98438   0.0196472563235812
7742.66529  426361.21875  282430.15625  79531.40625   0.011629782711678485
7749.78446  427003.6875   284302.96875  80776.04688   0.0032786844243235737
7752.70774  426975.21875  284854.1875   81184.51563   0
