# XDI/1.0 
# Spectrum.license:CC BY 4.0
# Publication.authors:  Mehrnaz Mikhchian, Andrew Grosvenor
# Publication.affiliation:  University of Saskatchewan
# Facility.name:APS
# Sample.temperature:10-300 K (Displex stage)
# Sample.prep:N/A
# Sample.formula:Fe2O3
# Sample.smiles:O1[Fe]2O[Fe]1O2
# Sample.name:Iron (III) Oxide
# Scan.number:scan2
# Sample.id:pm3p7c
# Scan.start_time:2011-03-06
# Element.symbol:Fe
# Facility.energy:7.0 GeV
# Facility.xray_source:Bending Magnet
# Beamline.name:20-BM-B
# Beamline.website:https://www.aps.anl.gov/Beamlines/Directory/Details?beamline_id=32
# Beamline.scan_mode:Transmission
# Beamline.energy_resolution:1.4 x 10^-4
# Beamline.flux:1 x 10^11 ph/s at 10 keV (toroidal focus); 2 x 10^8 ph/s at 5 µm (KB mirror)
# Beamline.spot_size:30 mm x 1 mm
# Beamline.energy_range:3.9 - 35
# Beamline.detector:Ionization chamber
# Mono.name:Si(111)
# Element.edge:K
# Column.1:Energy
# Column.2:I0
# Column.3:Itrans
# Column.4:Irefer
# Column.5:Mutrans
# Energy    I0            Itrans        Irefer        Mutrans
6911.82433  253364.78125  97826.28125   211714.1875   0.8950045277589375
6916.79875  253399.78125  98318.28125   213455.1875   0.8870171081840044
6921.82118  252674.78125  98571.28125   214756.1875   0.8781184414257982
6926.98318  252004.78125  98822.28906   215975.1875   0.8696074529559604
6931.94993  251596.78125  99143.28125   217356.1875   0.8616451589859535
6937.09719  251166.78125  99494.28125   218874.1875   0.853058448671756
6941.91597  250373.78125  99629.28125   219803.1875   0.8456610672521506
6947.12976  250434.78125  100181.28906  221869.1875   0.8370136236560164
6952.05515  250509.78125  100696.28125  223699.1875   0.8291090270062046
6957.03904  249943.78125  100965.28125  224977.1875   0.8210377816175382
6962.14323  249550.78125  101318.28125  226470.1875   0.8127472149681292
6967.02925  249129.78125  101648.28125  228028.1875   0.80465887803122
6972.16933  248924.78125  102076.28906  229656.1875   0.7964316847009539
6977.13187  248092.78125  102224.28125  230790.1875   0.7885782642391734
6982.06052  247739.78125  102616.28125  232359.1875   0.7799807233323397
6987.05844  247098.78125  102848.28125  233502.1875   0.7720416744277785
6992.10523  246662.78125  103160.28906  234964.1875   0.764190921764036
6997.09744  246241.78125  103485.28125  236448.1875   0.7562443285712613
7002.18015  246241.78125  104011.28125  238357.1875   0.7479435624436047
7007.05224  245982.78125  104400.28125  239946.1875   0.7401087654978381
7012.04593  245650.78125  104763.28906  241570.1875   0.7322145733964233
7017.12005  245333.78125  105149.28125  243232.1875   0.72407923380388
7022.0974   244793.78125  105393.28125  244592.1875   0.7166767286054663
7027.1135   244615.78125  105856.28125  246269.1875   0.708309030733317
7031.99045  244426.78125  106255.28906  247815.1875   0.7008838384057862
7036.95837  243493.78125  106326.28906  248863.1875   0.693528738631344
7041.97564  243353.78125  106777.28125  250567.1875   0.6856573043505161
7047.00037  242844.78125  107062.28125  251890.1875   0.6778651100451832
7051.93777  242436.78125  107385.28125  253367.1875   0.6701800808574461
7056.87183  242278.78125  107835.28906  255087.1875   0.6622660481250641
7061.91876  241324.78125  107914.28125  255922.1875   0.6546076216266228
7066.78275  240731.78125  108132.28125  256908.1875   0.6472754415258071
7071.90807  240601.78125  108574.28906  258553.1875   0.6397122225800805
7076.72274  239249.78125  108434.28125  258719.1875   0.6325988277584254
7081.76744  237947.78125  108354.28125  258926.1875   0.6248729749233475
7081.92687  237686.78125  108238.28125  258543.1875   0.6248298407676341
7082.06505  237483.78125  108167.28125  258466.1875   0.6245052502036794
7082.1926   237337.78125  108121.28125  258307.1875   0.6241948127548554
7082.33079  237416.78125  108152.28125  258501.1875   0.6242703379547714
7082.47961  237520.78125  108233.28125  258613.1875   0.6237616288245451
7082.62844  237454.78125  108207.28125  258542.1875   0.6236999731076297
7082.78791  237158.78125  108069.28906  258279.1875   0.6237470290473932
7082.89423  237071.78125  108060.28906  258303.1875   0.6232826638855513
7083.02181  237102.78125  108104.28906  258331.1875   0.6228302228615231
7083.16004  236711.78125  107935.28125  257945.1875   0.6226896915491074
7083.29826  237030.78125  108090.28125  258364.1875   0.6225451356584839
7083.45776  236845.78125  108041.28125  258254.1875   0.6220091579590139
7083.62791  236691.78125  107965.28125  258058.1875   0.6220963553178512
7083.79806  237143.78125  108212.28906  258584.1875   0.6214784669642283
7083.97885  237012.78125  108140.28906  258544.1875   0.6216635080893631
7084.15965  237034.78125  108155.28906  258539.1875   0.6215883892140192
7084.3511   236485.78125  107935.28906  258074.1875   0.6211256752295425
7084.51065  236432.78125  107937.28125  257954.1875   0.620728485386789
7084.65957  236408.78125  107951.28125  258108.1875   0.6203499383126035
7084.79786  236517.78125  107992.28125  258219.1875   0.6204829324419953
7084.91488  236278.78125  107889.28125  257936.1875   0.620389971994887
7085.0319   236077.78125  107818.28125  257720.1875   0.6200743884175506
7085.14893  235982.78125  107800.28125  257678.1875   0.6196887704845827
7085.29788  235961.78125  107782.28125  257619.1875   0.6198164684858709
7085.44683  235629.78125  107679.28906  257455.1875   0.6190764625218976
7085.68091  235587.78125  107659.28906  257422.1875   0.619088729352177
7085.88309  235554.78125  107674.28125  257387.1875   0.6186313970973573
7086.05335  235441.78125  107637.28125  257255.1875   0.6184084939459185
7086.21298  235499.78125  107678.28125  257473.1875   0.6181882502181572
7086.35134  235453.78125  107698.28125  257320.1875   0.6175643477654583
7086.48969  235460.78125  107702.28125  257528.1875   0.6175522146314659
7086.6387   235590.78125  107777.28125  257581.1875   0.6173161816329075
7086.77707  235188.78125  107578.28125  257253.1875   0.6175458878895953
7086.91544  234917.78125  107479.28906  256987.1875   0.6171655257409955
7087.05382  234789.78125  107421.28906  256848.1875   0.6171569540153248
7087.16027  234525.78125  107303.28125  256692.1875   0.617114570049949
7087.27737  234195.78125  107186.28125  256239.1875   0.6165953629003135
7087.40512  234173.78125  107186.28125  256373.1875   0.6164415557850832
7087.53288  233945.78125  107115.28125  256043.1875   0.6159315677161741
7087.69258  233798.78125  107046.28125  255898.1875   0.6159574772747635
7087.85228  233932.78125  107123.28125  256078.1875   0.6157183121383508
7088.00135  233821.78125  107080.28125  256032.1875   0.615598596103878
7088.16107  233533.78125  106972.28125  255826.1875   0.6152328882520579
7088.3421   233383.78125  106918.28125  255571.1875   0.6150076357486841
7088.51248  233028.78125  106755.28906  255198.1875   0.6150131388072345
7088.72548  232971.78125  106732.28125  255183.1875   0.6149655073729104
7088.87458  232833.78125  106685.28906  255102.1875   0.614716411053002
7089.01304  232473.78125  106534.28906  254795.1875   0.6145019596740257
7089.1302   231941.78125  106288.28906  254132.1875   0.6145359050012389
7089.24737  231878.78125  106288.28906  254024.1875   0.6140911375845519
7089.35389  231539.78125  106162.28125  253848.1875   0.6136379354627404
7089.47107  231236.78125  106038.28906  253503.1875   0.6134073215417508
7089.60955  230845.78125  105853.28125  253131.1875   0.6134955878094454
7089.76935  230575.78125  105740.28125  252683.1875   0.6133282438100854
7089.9398   230198.78125  105564.28125  252403.1875   0.6133764881954453
7090.11027  230359.78125  105658.28125  252625.1875   0.6130639301630929
7090.27009  230370.78125  105690.28125  252629.1875   0.6126463241271547
7090.41926  229874.78125  105446.28906  252079.1875   0.6129014966869932
7090.55779  229352.78125  105196.28125  251540.1875   0.6130658441870891
7090.68566  228982.78125  105093.28906  251180.1875   0.6120261793510782
7090.82419  228301.78125  104765.28906  250460.1875   0.6122676120994504
7090.96273  227576.78125  104457.28125  249690.1875   0.6118806266508343
7091.10128  227056.78125  104233.28125  249076.1875   0.6116500414367797
7091.23983  226463.78125  103953.28125  248548.1875   0.6117725049470201
7091.35707  225909.78125  103717.28125  247755.1875   0.6114835764787541
7091.47431  225050.78125  103335.28125  246840.1875   0.6112874974902817
7091.61288  224418.78125  103032.28125  246221.1875   0.6114910138073353
7091.75145  223356.78125  102542.28125  245075.1875   0.6115297822133756
7091.94333  222047.78125  101958.28125  243605.1875   0.6112574632353862
7092.10323  220612.78125  101337.28125  242144.1875   0.6106448156764624
7092.28447  218672.78125  100479.28906  240071.1875   0.6101047942892297
7092.46572  216461.78125  99461.28906   237710.1875   0.6101386072050133
7092.64697  214265.78125  98468.28125   235351.1875   0.6098721402561814
7092.8389   211726.78125  97304.28906   232628.1875   0.6098244515149087
7093.00951  208787.78125  95975.28125   229323.1875   0.6094545289310009
7093.1588   205741.78125  94574.28125   225969.1875   0.6094687052873304
7093.27611  202795.78125  93238.28125   222764.1875   0.6091490601019209
7093.39342  199790.78125  91848.28125   219488.1875   0.6092989293886033
7093.51073  196772.78125  90433.28125   216096.1875   0.6097977751800495
7093.62805  193204.78125  88799.28906   212240.1875   0.609690882919614
7093.7667   189078.78125  86910.28125   207684.1875   0.6095523697931833
7093.94803  183709.78125  84445.28125   201858.1875   0.609496781361928
7094.1507   177824.78125  81733.28125   195378.1875   0.6096342132208772
7094.34271  172443.78125  79241.28125   189450.1875   0.610021378472511
7094.52407  168580.78125  77449.28906   185200.1875   0.6103779280670532
7094.68409  166156.78125  76350.28906   182602.1875   0.6100641165418883
7094.83346  166051.78125  76325.28906   182532.1875   0.6095653456539335
7094.97216  167801.78125  77148.28125   184529.1875   0.6091703772336833
7095.11087  170971.78125  78624.28125   188094.1875   0.6087837244620833
7095.24959  175982.78125  80972.28125   193694.1875   0.6079017753220339
7095.38831  181428.78125  83517.28906   199664.1875   0.6071326894546155
7095.50569  187187.78125  86229.28906   205982.1875   0.6059749456558643
7095.62307  192694.78125  88796.28125   212146.1875   0.6054188257622546
7095.74047  198857.78125  91669.28125   218900.1875   0.6048291725848097
7095.86853  205523.78125  94790.28125   226264.1875   0.6039979370554892
7095.99661  212523.78125  98067.28906   234002.1875   0.6031877687127432
7096.16738  220577.78125  101797.28125  242808.1875   0.6029699459850056
7096.32748  227574.78125  105033.28125  250460.1875   0.6028629422029153
7096.47692  233052.78125  107585.28125  256376.1875   0.6025018994868244
7096.63704  236499.78125  109187.28125  260231.1875   0.6023407764774309
7096.80784  239378.78125  110523.28906  263280.1875   0.6022395920062242
7097.02136  241932.78125  111710.28906  266144.1875   0.6021253327602669
7097.20285  242973.78125  112202.28125  267235.1875   0.6019601476275626
7097.34165  243283.78125  112386.28125  267498.1875   0.6013649983739194
7097.48046  243744.78125  112596.28125  267983.1875   0.6014080601946596
7097.59791  243945.78125  112703.28125  268283.1875   0.6012024991954859
7097.70469  244015.78125  112741.28906  268305.1875   0.6011201900003468
7097.82216  243857.78125  112690.28906  268107.1875   0.6008005296996567
7097.9503   243956.78125  112743.28125  268085.1875   0.6006953471503905
7098.07845  243906.78125  112696.28125  268043.1875   0.601042422205632
7098.23865  243927.78125  112736.28125  268079.1875   0.6006023671366738
7098.42021  244008.78125  112777.28906  268069.1875   0.6005505102136058
7098.5911   244127.78125  112844.28125  268234.1875   0.6003765089924651
7098.762    243965.78125  112816.28125  267950.1875   0.5996959952403723
7098.91155  243911.78125  112825.28125  268092.1875   0.5992029574401432
7099.03973  243670.78125  112693.28906  267609.1875   0.5995009606506039
7099.17861  243501.78125  112684.28906  267533.1875   0.5984958041937699
7099.3068   243434.78125  112655.28125  267484.1875   0.5984667739461206
7099.44569  243409.78125  112638.28125  267420.1875   0.5985457086156132
7099.58458  243127.78125  112502.28125  266951.1875   0.5986258065504388
7099.71279  243061.78125  112503.28125  266788.1875   0.598166744501553
7099.83032  242790.78125  112383.28906  266580.1875   0.5980874536786696
7099.95855  242714.78125  112369.28125  266444.1875   0.5977789570579998
7100.09746  242558.78125  112336.28125  266333.1875   0.5972072022303422
7100.25775  242569.78125  112325.28125  266176.1875   0.5974417759897341
7100.4501   242515.78125  112323.28125  266115.1875   0.5971064109875713
7100.6211   242215.78125  112189.28906  265748.1875   0.5970340924392628
7100.78141  241844.78125  112045.28125  265265.1875   0.5966273574254458
7100.95242  241778.78125  112022.28125  265095.1875   0.5965166073987304
7101.13413  241991.78125  112160.28125  265237.1875   0.5959426616306794
7101.31585  242073.78125  112202.28125  265190.1875   0.5958843809012289
7101.48689  241955.78125  112147.28906  265106.1875   0.5958887410639441
7101.63655  241839.78125  112112.28906  264864.1875   0.5956146619381582
7101.76484  241659.78125  112044.28125  264582.1875   0.5953890779534523
7101.88244  241768.78125  112155.28125  264727.1875   0.5945062064549747
7102.00005  241539.78125  112015.28125  264445.1875   0.5949996939867221
7102.11766  241614.78125  112055.28906  264459.1875   0.5949233323970394
7102.26735  241352.78125  111934.28906  264015.1875   0.5949158803610972
7102.43844  241321.78125  111938.28125  263931.1875   0.5946471833992311
7102.64161  241296.78125  111949.28125  263731.1875   0.5943166817394658
7102.8341   241777.78125  112196.28125  264196.1875   0.5939687449535647
7103.02661  242105.78125  112367.28906  264312.1875   0.5936947926584292
7103.18703  242184.78125  112409.28125  264350.1875   0.5936172128170453
7103.33677  242078.78125  112356.28125  263999.1875   0.5936725914206535
7103.46513  241797.78125  112241.28125  263536.1875   0.5934476355557762
7103.59348  241523.78125  112130.28125  263050.1875   0.593211233524317
7103.73254  241601.78125  112204.28906  263044.1875   0.5926596454363516
7103.86091  241689.78125  112254.28906  263073.1875   0.5925264606906238
7103.98929  241534.78125  112186.28125  262684.1875   0.5924683336915
7104.10696  241143.78125  111973.28125  262214.1875   0.5929272625741979
7104.22465  241012.78125  111944.28125  261903.1875   0.5924616837156931
7104.35303  240873.78125  111899.28125  261577.1875   0.592175440486927
7104.50283  240792.78125  111866.28906  261315.1875   0.5921075760320038
7104.67402  240840.78125  111913.28125  261146.1875   0.5917462947954344
7104.85593  240865.78125  111932.28125  260827.1875   0.5916382987149567
7105.00574  240809.78125  111936.28125  260449.1875   0.591199097699229
7105.16626  240887.78125  111958.28906  260294.1875   0.5914074591628738
7105.32679  240897.78125  111981.28906  259909.1875   0.5911391149819605
7105.50873  241035.78125  112076.28125  259754.1875   0.5906884914253842
7105.67998  241101.78125  112099.28906  259543.1875   0.590800666609012
7105.84053  240801.78125  111991.28906  258894.1875   0.5903403294533066
7105.97968  240902.78125  112044.28125  258704.1875   0.5902523682874099
7106.09743  240754.78125  112002.28125  258259.1875   0.5898600487874441
7106.20448  240689.78125  111967.28125  257828.1875   0.5899296671329566
7106.32224  240364.78125  111832.28906  257222.1875   0.58969254350065
7106.4507   240554.78125  111944.28125  257093.1875   0.5893474529359043
7106.58988  240408.78125  111888.28125  256452.1875   0.5891726929575353
7106.75047  240301.78125  111845.28906  255902.1875   0.5890730531752376
7106.91108  240641.78125  112023.28906  255678.1875   0.5887843561574788
7107.0931   240576.78125  111989.28125  255069.1875   0.5888391654033757
7107.25372  240672.78125  112060.28125  254444.1875   0.5884546972630553
7107.41435  240733.78125  112097.28125  253820.1875   0.5883291194867323
7107.54285  240507.78125  112028.28906  252887.1875   0.5877993400974347
7107.68207  240543.78125  112044.28125  252088.1875   0.5878106877095914
7107.8213   240607.78125  112059.28125  251089.1875   0.588027068266094
7107.94982  240781.78125  112147.28125  250291.1875   0.5879254231969725
7108.08906  240544.78125  112055.28125  248959.1875   0.5876567651659331
7108.20688  240378.78125  111991.28906  247974.1875   0.5874617725862677
7108.33542  240380.78125  112011.28906  246874.1875   0.5871830337320337
7108.46396  240265.78125  111962.28125  245502.1875   0.5871160694102446
7108.60322  240297.78125  111982.28125  243971.1875   0.5870416754029535
7108.77462  240563.78125  112085.28125  242107.1875   0.5873478098838547
7108.96746  241373.78125  112490.28906  239726.1875   0.5869459611777038
7109.12817  241213.78125  112435.28125  236093.1875   0.5866611272117306
7109.28888  241039.78125  112380.28125  232030.1875   0.5862807600545895
7109.44961  240938.78125  112336.28906  226738.1875   0.5862356199036627
7109.63177  241241.78125  112489.28906  220815.1875   0.5860649137970941
7109.80322  241509.78125  112634.28125  213623.1875   0.5857737958612682
7109.97469  241401.78125  112552.28125  205409.1875   0.5862338573875675
7110.13544  241107.78125  112439.28906  196578.1875   0.5858831341462402
7110.26405  241079.78125  112438.28125  189096.1875   0.5857076642456359
7110.38195  240914.78125  112330.28125  181033.1875   0.5861600885822731
7110.49985  240703.78125  112230.28125  173593.1875   0.5861836914689289
7110.61775  240696.78125  112226.28906  165874.1875   0.5861943175475846
7110.7571   240400.78125  112076.28125  157533.1875   0.5863695499666565
7110.92861  240466.78125  112074.28125  148556.1875   0.5868481955271451
7111.12157  240355.78125  111991.28125  140607.1875   0.5873052243187836
7111.32526  240239.78125  111901.28906  133846.1875   0.5878310287647908
7111.50752  240475.78125  111941.28125  128489.17969  0.5888535596751817
7111.68979  240185.78125  111721.28125  123578.17969  0.5900988109956041
7111.83991  239552.78125  111373.28125  119247.17969  0.5908860239143069
7111.96858  238249.78125  110699.28906  115169.1875   0.5918943787547666
7112.09726  237404.78125  110257.28906  111903.1875   0.5926275170268291
7112.23667  237391.78125  110243.28125  109234.17969  0.5927458802340189
7112.35463  237659.78125  110343.28125  107101.17969  0.5931087337498656
7112.48332  237819.78125  110435.28906  105204.1875   0.5928459890224492
7112.59057  238160.78125  110575.28125  103592.17969  0.5931177621288659
7112.71927  238436.78125  110668.28125  101937.17969  0.5936375982232275
7112.84798  238600.78125  110705.28125  100137.17969  0.5942160357201951
7112.98742  238760.78125  110747.28906  98182.1875    0.594692418893078
7113.16977  238876.78125  110726.28906  95844.1875    0.5957981500998736
7113.33067  239144.78125  110754.28125  93788.17969   0.5972201180211878
7113.49159  239200.78125  110803.28125  91815.17969   0.5968792730472405
7113.64178  239213.78125  110844.28906  90416.1875    0.5963624274258472
7113.80271  239302.78125  110926.28125  88975.17969   0.5957608240798248
7113.9851   239389.78125  111031.28125  87883.17969   0.5948069076740187
7114.15677  239374.78125  111096.28125  86882.17969   0.5937461223679271
7114.31773  239554.78125  111191.28906  86176.1875    0.5935772530918167
7114.46795  239343.78125  111132.28906  85523.1875    0.5930035136459747
7114.59673  239193.78125  111070.28125  85064.17969   0.5928908872431177
7114.70404  239088.78125  111049.28125  84651.17969   0.5924816039519126
7114.81136  238987.78125  111010.28125  84377.17969   0.592364918889157
7114.92941  238799.78125  110933.28906  83948.1875    0.5922123920290989
7115.06893  238795.78125  110921.28125  83592.17969   0.5923621975594028
7115.19773  238949.78125  111034.28125  83443.17969   0.5917506436812314
7115.36946  238847.78125  110977.28125  82965.17969   0.5918923103317776
7115.55194  238918.78125  111001.28906  82544.1875    0.592024777514938
7115.71296  238855.78125  110972.28906  82026.1875    0.592020798455587
7115.87399  238545.78125  110843.28125  81269.17969   0.5917989552943225
7116.03502  239033.78125  111063.28125  80557.17969   0.5918985356407079
7116.16385  238907.78125  111020.28906  79488.1875    0.5916691749140383
7116.30342  238804.78125  110964.28906  78231.1875    0.5917892139422015
7116.42153  238552.78125  110844.28125  76693.17969   0.5918322278401142
7116.56111  238473.78125  110845.28125  75295.17969   0.5912751730840928
7116.67923  238631.78125  110912.28125  73874.17969   0.591370237356831
7116.79734  238387.78125  110812.28906  72255.1875    0.5911720178203482
7116.9262   238204.78125  110728.28125  70588.17969   0.5911563740941448
7117.06581  238116.78125  110687.28125  68744.17969   0.59115775928839
7117.23764  238191.78125  110723.28125  66422.17969   0.5911409516532838
7117.40947  237812.78125  110566.28125  63733.17969   0.5908569453188605
7117.6028   237721.78125  110490.28906  61041.1875    0.5913559908542083
7117.77466  238280.78125  110723.28906  58546.1875    0.5917524742600472
7117.92504  238254.78125  110688.28125  56058.17969   0.5920915515205634
7118.09691  238030.78125  110573.28125  53657.17969   0.5922534443675583
7118.26879  237890.78125  110465.28125  51441.17969   0.5928901226855462
7118.42994  237618.78125  110310.28906  49497.1875    0.5933158613758854
7118.59109  237190.78125  110297.28125  47611.17969   0.5905572729745177
7118.74151  237630.78125  110216.28125  45880.17969   0.5947944131804596
7118.87044  237640.78125  110176.28125  44389.17969   0.5954576098688992
7118.97789  237367.78125  109982.28906  43004.1875    0.5964609803004608
7119.09609  237147.78125  109788.28906  41526.1875    0.5978333418815861
7119.22503  237240.78125  109764.28125  40036.17969   0.5988333375422906
7119.38622  237182.78125  109640.28125  38402.17969   0.6002836456942972
7119.57966  237086.78125  109471.28125  36399.17969   0.6021464328342169
7119.77311  237375.78125  109444.28906  34690.1875    0.6045446946092742
7119.96657  237426.78125  109289.28906  33086.1875    0.607216794523961
7120.13855  237116.78125  108956.28125  31657.17969   0.6100740463961696
7120.31053  237060.78125  108706.28125  30328.17969   0.613448294163786
7120.46102  237033.78125  108447.28125  29092.17969   0.6171672993461513
7120.59002  236979.78125  108177.28906  27971.1875    0.6208754514332852
7120.71903  236871.78125  107864.28125  27045.17969   0.6248733070263954
7120.84804  236748.78125  107524.28125  26248.17969   0.6291918302480121
7120.95555  236559.78125  107224.28125  25593.17969   0.6324586707117812
7121.07381  236505.78125  106935.28125  24960.17969   0.6365036785353315
7121.19208  236303.78125  106552.28906  24354.1875    0.6409790664092195
7121.32111  236184.78125  106202.28125  23734.17969   0.6455412962492934
7121.47165  236198.78125  105845.28125  23076.17969   0.6511512118118014
7121.63294  237166.78125  105845.28125  22508.17969   0.6578473084503014
7121.805    236602.78125  105057.28125  21747.17969   0.6661837665050657
7121.96631  236393.78125  104448.28906  21057.1875    0.6742552010228464
7122.12763  236700.78125  104093.28906  20498.1875    0.6819542219894404
7122.27821  236764.78125  103653.28906  19889.1875    0.6893320907799751
7122.4503   236794.78125  103186.28125  19385.17969   0.6969327497237788
7122.6224   236663.78125  102748.28125  18890.17969   0.7029912101142715
7122.77299  236360.78125  102263.28125  18452.17969   0.7086402320644568
7122.93435  236236.78125  101880.28125  18101.17969   0.7139244354189433
7123.0742   236198.78125  101584.28125  17759.17969   0.7184247686904752
7123.17102  236183.78125  101357.28125  17528.17969   0.7219834581927121
7123.27861  235890.78125  101000.28906  17240.1875    0.7257278342460787
7123.39695  235774.78125  100716.28906  16996.1875    0.7295327149934016
7123.52606  235440.78125  100286.28125  16688.17969   0.7342169019754763
7123.66594  235486.78125  99970.28125   16374.17969   0.739703806948938
7123.81658  235324.78125  99552.28125   16075.17969   0.7454371521945877
7123.97798  235355.78125  99192.28906   15772.1875    0.7515839906432581
7124.16092  235442.78125  98884.28906   15487.1875    0.7572807609966241
7124.33311  235396.78125  98440.28125   15167.17969   0.7643289017527595
7124.5053   235558.78125  98084.28125   14902.17969   0.7713869197113159
7124.64522  235318.78125  97530.28125   14584.17969   0.7789916416216137
7124.77437  235055.78125  97055.28125   14328.17969   0.7851540876785981
7124.90353  235174.78125  96657.28125   14030.17969   0.7927104779580824
7125.0327   235175.78125  96195.28125   13799.17969   0.8005618410326214
7125.16187  235027.78125  95731.28906   13546.1875    0.8074474120354718
7125.26952  235008.78125  95376.28906   13349.1875    0.813397707083468
7125.3987   234829.78125  94910.28125   13137.17969   0.8201693390907542
7125.52788  234621.78125  94435.28125   12909.17969   0.8269330268246513
7125.67861  234477.78125  93910.28125   12659.17969   0.8350552635775148
7125.8724   234371.78125  93272.28125   12309.17969   0.8454758558542979
7126.06621  234644.78125  92846.28125   11987.17969   0.8548766819384152
7126.24926  234521.78125  92239.28906   11658.1875    0.8647569903167845
7126.40001  234496.78125  91764.28906   11342.1875    0.8730354483735897
7126.57231  234516.78125  91310.28125   11051.17969   0.8812955030551882
7126.72308  234579.78125  90871.28125   10758.17969   0.8896257467379353
7126.89539  234508.78125  90416.28125   10458.17969   0.8973485193343682
7127.06772  234530.78125  89980.28906   10189.1875    0.9054160637877566
7127.21851  234364.78125  89558.28906   9935.1875     0.9119534026419627
7127.34776  234265.78125  89225.28906   9712.1875     0.9173606685517515
7127.47702  234026.78125  88818.28906   9460.1875     0.9231748244446414
7127.58474  234055.78125  88534.28125   9269.17969    0.9286213672115836
7127.69246  233783.78125  88180.28125   9076.17969    0.9332771454559977
7127.83251  234077.78125  87942.28125   8826.17969    0.9397597118171866
7128.01565  234070.78125  87587.28125   8539.17969    0.9463332366321313
7128.20958  234099.78125  87268.28906   8257.1875     0.9525097693967451
7128.40352  233914.78125  86930.28906   8005.18701    0.9575689397372587
7128.58669  233569.78125  86610.28906   7784.18701    0.9611903803158738
7128.76988  233565.78125  86451.28125   7593.17969    0.9641709130884657
7128.93152  233960.78125  86474.28125   7419.17969    0.9665019069741322
7129.07161  233970.78125  86390.28125   7268.17969    0.9681630517230901
7129.19016  233864.78125  86312.28906   7142.18701    0.9688998851730638
7129.33027  233688.78125  86244.28906   7026.18701    0.9689576672756498
7129.43804  233535.78125  86153.28125   6949.17969    0.969613969261249
7129.5566   233439.78125  86118.28125   6884.17969    0.9696060757691028
7129.66439  233381.78125  86068.28125   6823.17969    0.970150092193591
7129.79374  233289.78125  86028.28125   6783.17969    0.9702656383454852
7129.93387  233225.78125  86003.28125   6742.17969    0.9702922758930241
7130.09556  233226.78125  85960.28125   6721.17969    0.9711180894603136
7130.26805  233143.78125  85888.28125   6710.17969    0.9719072507004248
7130.45132  233003.78125  85762.28125   6736.17969    0.9733274436047511
7130.60226  233522.78125  85852.28125   6796.17969    0.9752529895556031
7130.75321  233600.78125  85733.28906   6856.18701    0.978070567005456
7130.91494  233653.78125  85646.28906   6956.18701    0.9801042606006453
7131.07669  233412.78125  85408.28906   7055.18701    0.9829706858979118
7131.23844  233415.78125  85280.28906   7155.18701    0.9854472744111358
7131.38941  233486.78125  85165.28125   7280.17969    0.9881546610876643
7131.52961  233190.78125  84962.28125   7361.17969    0.9899849380844037
7131.65902  233247.78125  84879.28125   7485.17969    0.9919852965355279
7131.76687  233281.78125  84818.28125   7579.17969    0.9934009906776669
7131.88551  233164.78125  84697.28125   7689.17969    0.9949169647859403
7132.00416  233420.78125  84669.28906   7821.18701    0.9972547559429215
7132.13359  233329.78125  84566.28906   7967.18701    0.9986092585320089
7132.28461  233166.78125  84468.28906   8111.18701    0.9993635351406474
7132.44641  233519.78125  84563.28906   8294.1875     1
7132.61902  233424.78125  84545.28125   8452.17969    0.9996824945835792
7132.79163  233515.78125  84584.28125   8646.17969    0.9995655732557451
7132.96425  233749.78125  84721.28125   8829.17969    0.9985557166827349
7133.12609  233486.78125  84696.28125   8969.17969    0.9971957604340735
7133.27715  233696.78125  84874.28125   9155.17969    0.9952303886151015
7133.40663  233497.78125  84937.28125   9314.17969    0.9926208036428433
7133.52533  233551.78125  85078.28125   9478.17969    0.990283752505654
7133.65482  233709.78125  85267.28125   9632.17969    0.9877579182736654
7133.77353  233594.78125  85356.28125   9733.17969    0.9852440722389519
7133.88144  233564.78125  85481.28906   9841.1875     0.9826377399697104
7134.00016  233701.78125  85701.28906   9950.1875     0.9793895087354485
7134.15125  234252.78125  86060.28906   10104.1875    0.9764010727407663
7134.33473  234155.78125  86257.28906   10254.1875    0.971979467525315
7134.50743  234204.78125  86478.28125   10383.17969   0.9681327798793634
7134.69093  234106.78125  86686.28125   10511.17969   0.9635143460502924
7134.86365  234449.78125  87003.28125   10618.17969   0.959935136648321
7135.02558  234303.78125  87183.28125   10688.17969   0.9555314860692388
7135.17672  233960.78125  87239.28125   10767.17969   0.9520816524610372
7135.33867  233885.78125  87340.28125   10828.17969   0.9496623293317665
7135.50062  234126.78125  87585.28125   10882.17969   0.9467622752508732
7135.66258  234239.78125  87741.28906   10916.1875    0.9446386144665759
7135.80295  234204.78125  87861.28906   10966.1875    0.9421563070116492
7135.94333  234174.78125  87943.28125   10966.17969   0.9404194137178661
7136.06211  234066.78125  87976.28125   10975.17969   0.9390499083578427
7136.1809   233800.78125  87944.28125   10938.17969   0.9377838739103175
7136.32129  233946.78125  88085.28125   10956.17969   0.9361830858092227
7136.48329  233960.78125  88203.28125   10948.17969   0.934089262618211
7136.6669   233874.78125  88305.28125   10910.17969   0.9315950875793578
7136.85052  233718.78125  88347.28125   10887.17969   0.9297241217250536
7137.03414  233736.78125  88466.28125   10848.17969   0.9276464014224415
7137.22858  233795.78125  88622.28125   10806.17969   0.925175082309413
7137.40143  233926.78125  88819.28125   10746.17969   0.9224567901537073
7137.54187  234170.78125  89029.28125   10711.17969   0.9202971998519044
7137.68232  234152.78125  89161.28125   10681.17969   0.9177456752802353
7137.80116  234037.78125  89241.28906   10603.1875    0.9154728769399543
7137.93082  233990.78125  89330.28906   10550.1875    0.9135120497513849
7138.03887  233879.78125  89396.28906   10495.1875    0.9115259978141199
7138.14692  233696.78125  89439.28125   10451.17969   0.9094572450655638
7138.25497  233629.78125  89509.28125   10405.17969   0.9077068958136087
7138.38464  233599.78125  89593.28125   10364.17969   0.9059608992049265
7138.53593  233537.78125  89738.28125   10305.17969   0.9028786910698855
7138.70884  233727.78125  89971.28125   10250.17969   0.8999646780030829
7138.89257  233448.78125  90023.28125   10172.17969   0.8970631532531252
7139.05469  233469.78125  90182.28906   10122.1875    0.8943211245186915
7139.21682  233642.78125  90415.28906   10084.1875    0.8913092522535271
7139.36814  233653.78125  90584.28125   10038.17969   0.8883290776615412
7139.53029  234074.78125  90905.28125   10018.17969   0.8854848519220152
7139.68163  234024.78125  91060.28125   9982.17969    0.8823458542942927
7139.84378  233776.78125  91094.28125   9961.17969    0.8799987261859515
7139.98433  233528.78125  91122.28125   9927.17969    0.8777577851283617
7140.11406  233299.78125  91139.28125   9905.17969    0.8758460887487598
7140.24381  233292.78125  91232.28125   9898.17969    0.8741271490518944
7140.36274  233308.78125  91347.28906   9898.1875     0.8721768202392685
7140.47087  234377.78125  91855.28906   9940.1875     0.8705815882919182
7140.60062  234246.78125  91914.28906   9939.1875     0.8686149493187092
7140.73038  234232.78125  92004.28906   9957.1875     0.8669147377826162
7140.89259  234207.78125  92131.28125   9978.17969    0.8644816825996843
7141.04399  234155.78125  92227.28125   9973.17969    0.8624130318305175
7141.21702  234284.78125  92377.28125   10013.17969   0.8606540921853583
7142.5259   237544.375    94476.48438   10443.41113   0.846487334431324
7144.23576  240528.1875   96046.91406   10688.78711   0.8399335256462674
7145.90315  243464.125    97258.49219   10278.24902   0.8392733460060092
7147.35466  245919.10938  98511.13281   9597.69727    0.8347476764406271
7148.98021  248750.07813  100458.77344  9130.08789    0.8214339143366183
7150.71499  251686.98438  102616.35156  8998.35156    0.8058598901757035
7152.43978  253870.73438  104356.80469  8949.4209     0.7924680476062336
7154.26315  256753.28125  106325.0625   9194.24707    0.7803610220875695
7155.95715  259258.57813  108125.08594  9556.77344    0.7687735770345918
7157.72805  261585.5625   109766.80469  9823.94141    0.7587309024160918
7159.57598  263935.1875   111150.17969  9974.70801    0.7528663788090288
7161.56632  266613.40625  112400.15625  10258.03125   0.7510867819012531
7163.64491  268602.15625  113156.6875   10599.85254   0.752271281991888
7165.53958  271666.40625  114286.73438  10940.14453   0.754574098207671
7167.4789   272786.15625  114546.26563  11117.8623    0.7575948198919377
7169.59377  275629.28125  115232.21094  11454.95801   0.7647955517659886
7171.77542  278133.8125   115436.5625   12055.4082    0.7767044120833552
7173.82742  280683.6875   115509.25781  12840.16309   0.7906152008616696
7175.91343  282716.875    115785.28125  13827.20215   0.7985244071947326
7178.21933  285539.3125   116786.59375  14760.48145   0.8006903603604825
7180.54866  287369.03125  117667.16406  15050.9873    0.7988497506379164
7182.75914  289322.96875  118761.96875  14940.67578   0.7947814675762643
7185.02582  291808.09375  120155.96094  14487.51855   0.789678883628612
7187.40359  294191.375    121566.125    13647.49414   0.7838934298547724
7189.89269  296081.78125  122734.42969  12761.57422   0.7787208209413256
7192.22991  297577.3125   123909.85156  12003.7373    0.7713646616218203
7194.61265  299763.875    125374.35156  12066.93945   0.7641137168694664
7197.30481  302034.53125  126949.92969  12951.18262   0.7560218063402345
7199.88906  303930.25     128424.55469  14299.44238   0.7473575751163792
7202.46424  305974.9375   129966.17969  16025.6709    0.7387985893144576
7205.16252  307601.625    131318.8125   17799.86719   0.7305281291582354
7207.78573  309044.28125  132413.4375   18083.02539   0.7245979973862201
7210.4661   311328.90625  133846.98438  16286.08594   0.7190268752243409
7213.30315  313024.4375   134948.5      13064.06445   0.7145004765922971
7216.25305  315136.90625  136064.92188  10502.93945   0.7120233164097555
7218.93998  316275.25     136647.25     9410.6748     0.7109346534156937
7221.76183  318303.4375   137751.45313  9712.25586    0.7082234585207913
7224.92947  319957.53125  138799.51563  11483.68359   0.7042999383157512
7227.7562   321671.46875  140032.4375   13987.93555   0.6985678543227283
7230.64072  323445.1875   141339.1875   16997.98438   0.6923634143564913
7233.93867  324762.75     142367.75     20025.82031   0.6871477237457587
7236.87281  324400.09375  142491.125    21367.43945   0.6839002200900238
7239.94297  324246.25     142747.28125  21322.81836   0.680182965946285
7243.22747  331015.15625  146264.20313  20583.94922   0.6741613790531178
7246.2475   331882.8125   147246.90625  19537.8125    0.6674839819321325
7249.56028  333910.1875   148803.34375  19358.39844   0.6602397561091014
7252.79802  335431.3125   149930.5      20110.6875    0.6553262127445459
7256.12821  336394.15625  150686.39063  20741.67383   0.6517855371748108
7259.40564  338484.71875  151740        20409.35352   0.6505210224369055
7262.82056  340064.9375   152686.28125  19744.69531   0.6479682499040706
7266.10427  340737.84375  153229.25     19266.70117   0.6453928774659647
7269.81758  343154.40625  154790.90625  18350.36133   0.6403617472163252
7273.08541  342662.65625  155008.21875  17246.66016   0.635716926786116
7276.67118  346643.53125  157129.1875   16921.5957    0.6323775020791608
7280.19308  347404.0625   157777.79688  16405.14844   0.6292212405834717
7283.75234  348916.21875  158909.03125  15719.31055   0.6246354470129315
7287.54084  350160.96875  160077.89063  15363.0752    0.6184671799618288
7291.09628  351545.34375  161370.375    16339.44141   0.6117611561643675
7294.8362   351680.3125   162126.4375   18626.375     0.6047366353896255
7298.51221  340714.875    157745.10938  20425.88281   0.5977283214617157
7302.24872  358784        166953.35938  23550.96289   0.5894448069035325
7306.20469  360972.71875  168881.1875   25137.5957    0.5806051849580377
7309.98346  362640        170505.59375  25740.79492   0.5724771933328754
7313.83448  363981.8125   172009.54688  25920.50977   0.5641459617315426
7317.84904  363732.1875   172855.04688  26191.76953   0.5549947119470341
7321.62894  362451.125    172856.09375  26340.55469   0.5492082678676141
7325.6638   366073.5625   175051.6875   26721.85352   0.5448250464059415
7329.68045  367803.53125  176130.8125   27137.67773   0.5424820330390396
7333.8617   368193.03125  176556.4375   28008.99609   0.540263271717267
7337.86481  368894.03125  177127.59375  28579.80859   0.538089549545214
7342.09015  369819.53125  177964.23438  28040.10938   0.5344768979125604
7346.17143  370526.53125  178878.40625  26427.9043    0.529215196651654
7350.41821  351800        170518.04688  23433.16602   0.5226710216397142
7354.72758  375007.96875  182653.1875   23647.90039   0.5147081020633213
7358.99616  375288.40625  183643.79688  22661.10156   0.5070765120412082
7363.29293  375642.34375  184673.89063  22097.76758   0.4994619403422917
7367.54877  377446.71875  186477.45313  22514.88672   0.4913954512817294
7371.98303  377446.5625   187409.48438  23997.44336   0.48323207999391665
7376.33029  377847.875    188393.96875  26912.45117   0.47639381108770257
7380.89138  378767.59375  189625.89063  30997.88086   0.4697029906255459
7385.33075  379036.78125  190538.25     33586.74219   0.4630076820653453
7389.9731   380158.40625  191928.0625   33979.03906   0.4559464455279516
7394.44708  381313.4375   193173.3125   33406.74609   0.4503250339500873
7399.15956  381971.90625  194067.98438  33300.87891   0.4455845686580785
7403.68008  384303.8125   195747.09375  33691.41797   0.4414446441102331
7408.41646  384977.125    196562.60938  33778.35547   0.4375037797043375
7413.01887  385208.84375  197330.53125  33853.69922   0.43210510859373674
7417.87301  386776.96875  198934.875    34330.43359   0.42549919905343336
7422.53451  388712.5      200764.625    35386.56641   0.4186818696900243
7427.41334  389120.4375   201966.76563  36393.07813   0.4106249327065663
7432.16956  389441.71875  203121.29688  36559.96875   0.4026436396086368
7437.12039  383121.4375   200875.23438  35611.24609   0.3940597792951352
7442.01915  395441.53125  208473.54688  35732.89453   0.38509222849580665
7447.10162  396040.96875  209811.23438  34638.89844   0.3771002664919738
7452.16766  396820.84375  211133.3125   34471.28906   0.3700367816215031
7457.2527   397453.03125  212303.75     34773.02734   0.3635919124380875
7462.28569  397798.59375  213252.5625   35471.11328   0.3577140465958557
7467.33761  397481.53125  213851.75     36844.57031   0.35181478208441636
7472.47981  398593.84375  215316.28125  38654.36719   0.34521586466553966
7477.70078  399603.46875  216606.17188  40179.50391   0.33957877856030494
7483.02468  400541.46875  218013.42188  41725.99609   0.3328149718025069
7488.11772  401094.8125   219248.01563  43448.81641   0.3258298247181788
7493.46897  400773.53125  220029.96875  44692.98047   0.318688985158784
7498.6486   398035.53125  219457.25     44737.46094   0.3117324723760795
7504.14737  403082.90625  223322.875    45211.27734   0.30377523286541147
7509.59447  403954.59375  224824.82813  45462.41406   0.2963376652092655
7514.92953  404606.625    226163.125    46138.87109   0.2892612594767622
7520.46514  405690.96875  227767.75     46833.65625   0.28206799818995704
7525.90066  406676.65625  229305.6875   47217.75      0.2750232486971107
7531.45306  407638.625    230888.95313  47508.14453   0.267625814641358
7536.83249  408453.9375   232299.53125  48031.85938   0.2609251463027613
7542.58337  409527.5625   234001.4375   48892.87891   0.25327174276647735
7548.22201  410023.5      235231.64063  49526.19141   0.24666841136392184
7553.78432  411582.71875  237174.15625  49758.80469   0.2394180043863043
7559.69598  412521.28125  238754.98438  49553.71875   0.2322708440178541
7565.16611  413561.125    240426.125    49802.92578   0.22497287500252217
7571.08405  414758.25     242217.54688  50889.42188   0.21755140702109185
7576.93821  415284.6875   243658.28125  52652.20313   0.20991855696757453
7582.63025  415661.40625  244954.29688  54437.27344   0.20271769559782682
7588.80971  416472.4375   246577.60938  55899.62891   0.19509493729477742
7594.38506  416613.71875  247718.21875  56626.25781   0.1880942280030964
7600.55978  417692.34375  249560.10938  57277.17188   0.18019906774775737
7606.41198  417923.1875   250878.28125  58204.35156   0.17247854862542764
7612.40937  418627.34375  252367.73438  59504.79688   0.16554332190794446
7618.61451  418931.75     253614.46875  60283.52344   0.15866511499878894
7624.60709  418370.46875  254420.46875  60543.51172   0.15127509918369772
7630.75838  418621.4375   255688.75     61249.76953   0.14411560290868355
7637.03186  415663.65625  255129.29688  62064.28125   0.13609282235218798
7643.14168  417107.1875   257286.14063  63567.07031   0.12798591027666364
7649.51114  417280.9375   258597.20313  64746.08984   0.12034601548741349
7655.74164  416928.96875  259581.5625   65453.38672   0.11274406968724474
7662.2205   417851.28125  261418.17188  66218.92969   0.1048187748601861
7668.63549  416944.8125   262015.04688  66379.71875   0.09752924017761398
7675.32543  419509.625    264972.1875   67127.75781   0.08919514046264662
7681.76317  420240.6875   266644.5625   67606.04688   0.08174482252232426
7688.52728  419564.96875  267517.1875   68470.57813   0.07376082288095505
7695.13955  420351.5625   269264.09375  69902.36719   0.0661708822311947
7701.70034  420114.34375  270309.21875  71091.38281   0.05890416712009235
7708.70368  420496.40625  271855.59375  72458.625     0.051052863492861845
7715.27575  420589.6875   273184.25     73918.125     0.0434337292925766
7722.07569  421150.21875  274870.09375  75392.83594   0.035541766316321964
7729.15571  421606.96875  276545.21875  76537.79688   0.02736898145683617
7735.82778  421590        277860.5625   77485.99219   0.019534270536279118
7742.66529  420824.21875  278723.15625  78536.40625   0.011482867313797641
7749.78446  421434.71875  280498.96875  79637.05469   0.003458167361792158
7752.7334   420883.21875  280724.21875  80009.52344   0
