# XDI/1.0 
# Spectrum.license:CC BY 4.0
# Publication.authors:  Mehrnaz Mikhchian, Andrew Grosvenor
# Publication.affiliation:  University of Saskatchewan
# Facility.name:APS
# Sample.temperature:10-300 K (Displex stage)
# Sample.prep:N/A
# Sample.formula:Fe2O3
# Sample.smiles:O1[Fe]2O[Fe]1O2
# Sample.name:Iron (III) Oxide
# Scan.number:scan1
# Sample.id:zxbmxn
# Scan.start_time:2011-03-06
# Element.symbol:Fe
# Facility.energy:7.0 GeV
# Facility.xray_source:Bending Magnet
# Beamline.name:20-BM-B
# Beamline.website:https://www.aps.anl.gov/Beamlines/Directory/Details?beamline_id=32
# Beamline.scan_mode:Transmission
# Beamline.energy_resolution:1.4 x 10^-4
# Beamline.flux:1 x 10^11 ph/s at 10 keV (toroidal focus); 2 x 10^8 ph/s at 5 µm (KB mirror)
# Beamline.spot_size:30 mm x 1 mm
# Beamline.energy_range:3.9 - 35
# Beamline.detector:Ionization chamber
# Mono.name:Si(111)
# Element.edge:K
# Column.1:Energy
# Column.2:I0
# Column.3:Itrans
# Column.4:Irefer
# Column.5:Mutrans
# Energy    I0            Itrans        Irefer        Mutrans
6911.81423  255041.78125  98404.28125   212947.1875   0.8954869330806196
6916.76839  255121.78125  98954.28906   214747.1875   0.8868773847788924
6921.78065  254808.78125  99340.28125   216242.1875   0.8784959007219777
6926.94259  253892.78125  99524.28125   217413.1875   0.8695724923769228
6931.89911  253381.78125  99813.28125   218820.1875   0.8615289156671488
6937.04629  252832.78125  100128.28906  220249.1875   0.8528212222055646
6941.8548   252056.78125  100324.28125  221211.1875   0.8445891799413342
6947.08891  252191.78125  100900.28125  223308.1875   0.8360951345756042
6952.00402  251195.78125  101007.28906  224264.1875   0.8278831859968171
6956.99808  250458.78125  101202.28125  225500.1875   0.819917192838174
6962.11246  249978.78125  101504.28125  226849.1875   0.8119002859741093
6966.98816  249510.78125  101821.28125  228257.1875   0.8037294122195204
6972.12818  249023.78125  102149.28906  229669.1875   0.7952673760204506
6977.10096  248542.78125  102436.28125  231082.1875   0.7875107041588851
6982.02956  248377.78125  102865.28125  232846.1875   0.7795833064112633
6987.02744  247542.78125  103037.28125  233859.1875   0.771336971830488
6992.05348  247019.78125  103320.28906  235226.1875   0.7633857161063637
6997.06635  246534.78125  103626.28125  236703.1875   0.7553286320137964
7002.13862  246432.78125  104101.28125  238509.1875   0.7471658471400104
7007.00026  246232.78125  104519.28125  240186.1875   0.7392779346105673
7012.00429  245609.78125  104755.28906  241496.1875   0.7314397345156946
7017.07834  245483.78125  105187.28125  243194.1875   0.7238639661886556
7022.04519  244932.78125  105472.28125  244543.1875   0.7157572681404953
7027.08212  244540.78125  105799.28125  246027.1875   0.7080689184850801
7031.94856  244427.78125  106247.28906  247888.1875   0.7003961204931918
7036.92691  243619.78125  106393.28125  248927.1875   0.6927290061971678
7041.93362  243218.78125  106762.28125  250408.1875   0.684365714893272
7046.97933  242979.78125  107161.28125  252066.1875   0.6766508814136496
7051.90616  242279.78125  107329.28125  253093.1875   0.6693646978297734
7056.85073  242030.78125  107706.28125  254720.1875   0.6619424862002599
7061.89763  241006.78125  107741.28906  255469.1875   0.6544709201525982
7066.76159  240590.78125  108042.28906  256640.1875   0.6470769399107222
7071.88687  240182.78125  108378.28125  258129.1875   0.6392167373614183
7076.71213  238911.78125  108298.28125  258421.1875   0.6317409047368401
7081.74618  237690.78125  108244.28125  258646.1875   0.6241707883904638
7081.91624  237109.78125  107975.28906  257925.1875   0.6242375619002373
7082.04379  236909.78125  107883.28125  257714.1875   0.6242516959369426
7082.18197  236725.78125  107837.28125  257574.1875   0.6236780222262319
7082.33079  236845.78125  107892.28125  257726.1875   0.6236729310862007
7082.46898  236656.78125  107841.28125  257583.1875   0.6231401608210625
7082.61781  236566.78125  107805.28125  257408.1875   0.6230640669175221
7082.76665  236449.78125  107752.28125  257385.1875   0.623059239642249
7082.89423  236217.78125  107662.28906  257335.1875   0.6228200469195747
7083.01118  236111.78125  107642.28125  257177.1875   0.6223896034328354
7083.13877  235947.78125  107561.28906  256999.1875   0.6224843323372431
7083.277    235850.78125  107514.28125  256860.1875   0.6225267834298918
7083.44713  235780.78125  107512.28906  257005.1875   0.6220712500515007
7083.61727  235961.78125  107619.28125  257160.1875   0.6216992121798044
7083.77679  236724.78125  107979.28906  258077.1875   0.6215171089685837
7083.95758  236766.78125  108039.28125  258288.1875   0.6208983602836295
7084.14902  236566.78125  107933.28906  258065.1875   0.6211217203583818
7084.34047  236180.78125  107798.28125  257618.1875   0.6204974896921683
7084.51065  236003.78125  107730.28125  257478.1875   0.6203032049236346
7084.65957  236028.78125  107769.28125  257591.1875   0.6198841508795322
7084.78722  236055.78125  107772.28125  257660.1875   0.6200258124997344
7084.90424  235919.78125  107702.28906  257424.1875   0.6201458780780096
7085.02126  235619.78125  107590.28125  257140.1875   0.6197662934836774
7085.13829  235425.78125  107516.28906  256922.1875   0.6195441163559761
7085.2766   235431.78125  107540.28125  257042.1875   0.6192206264439694
7085.43619  235290.78125  107475.28125  256889.1875   0.6192296751767543
7085.68091  235258.78125  107478.28125  256922.1875   0.6189613687774439
7085.88309  234963.78125  107387.28125  256687.1875   0.6182940835845322
7086.04271  234725.78125  107257.28906  256371.1875   0.6186178316470208
7086.20234  234999.78125  107425.28125  256816.1875   0.6179657579820675
7086.34069  235025.78125  107463.28906  256970.1875   0.6175678390992373
7086.48969  234980.78125  107457.28125  256831.1875   0.6173459265793748
7086.62806  234929.78125  107419.28906  256797.1875   0.61756943776941
7086.76642  234600.78125  107291.28125  256502.1875   0.6172273127480419
7086.9048   234381.78125  107210.28125  256416.1875   0.6169348259368544
7087.03253  233987.78125  107048.28906  255855.1875   0.6166560615435518
7087.14963  233900.78125  106999.28125  255671.1875   0.6167968757721898
7087.26673  233703.78125  106915.28906  255549.1875   0.6167030804728758
7087.38383  233498.78125  106828.28125  255270.1875   0.6165992583699395
7087.52223  233353.78125  106785.28125  255213.1875   0.6162414847476958
7087.68193  233132.78125  106712.28906  254937.1875   0.6158098137955195
7087.83099  233285.78125  106777.28125  255137.1875   0.6158870811997861
7087.9907   233120.78125  106716.28906  255101.1875   0.6156642108712668
7088.15042  233081.78125  106704.28125  255015.1875   0.6155745451932649
7088.33145  232892.78125  106663.28125  254839.1875   0.6148758242477301
7088.50183  232552.78125  106527.28906  254682.1875   0.614572718349688
7088.70418  232331.78125  106462.28125  254426.1875   0.6140156565638892
7088.85328  232095.78125  106339.28906  254141.1875   0.614244196097685
7089.00239  231711.78125  106174.28125  253848.1875   0.6140757007842722
7089.11955  231408.78125  106056.28906  253568.1875   0.6137539277649002
7089.22607  231244.78125  105989.28125  253305.1875   0.6136279937474645
7089.34324  230975.78125  105874.28906  253047.1875   0.613499644766507
7089.46041  230682.78125  105749.28125  252706.1875   0.6133557403326672
7089.60955  230374.78125  105592.28125  252409.1875   0.613600745137733
7089.75869  230190.78125  105545.28125  252275.1875   0.6130216386224957
7089.92915  229578.78125  105309.28125  251579.1875   0.6123281483463268
7090.09962  230116.78125  105523.28906  252122.1875   0.6128364623348672
7090.27009  230107.78125  105541.28125  252265.1875   0.6124933930171391
7090.40861  229559.78125  105315.28906  251712.1875   0.6120993092929521
7090.54713  229257.78125  105176.28125  251272.1875   0.6121064534813491
7090.68566  228775.78125  104979.28125  250914.1875   0.6117302451664656
7090.81354  228055.78125  104644.28125  250105.1875   0.6118023600235151
7090.95208  227395.78125  104372.28125  249455.1875   0.6113185982331988
7091.09062  226914.78125  104188.28125  248862.1875   0.6107407867189949
7091.22917  226484.78125  103983.28125  248515.1875   0.6108598580536783
7091.34641  225771.78125  103674.28125  247749.1875   0.6105701094150855
7091.46365  225002.78125  103315.28125  246899.1875   0.6106631910783776
7091.61288  224282.78125  103006.28906  246039.1875   0.6103197301718368
7091.75145  223354.78125  102586.28125  245094.1875   0.6102208937349006
7091.93267  222298.78125  102120.28125  244043.1875   0.6099160454819843
7092.10323  220784.78125  101430.28125  242316.1875   0.6098271954471789
7092.28447  218791.78125  100538.28906  240156.1875   0.6094428129450349
7092.45505  216613.78125  99542.28125   237765.1875   0.6093635938906893
7092.64697  214343.78125  98498.28125   235215.1875   0.6093776945237606
7092.82824  211907.78125  97406.28125   232772.1875   0.6089167902580871
7092.99885  209106.78125  96134.28906   229664.1875   0.6086524354070961
7093.14814  206082.78125  94750.28125   226327.1875   0.608544651248976
7093.26545  203118.78125  93364.28906   222933.1875   0.6089520153400819
7093.39342  200204.78125  92019.28125   219766.1875   0.6090512132552027
7093.50007  197112.78125  90590.28906   216411.1875   0.6091926646289947
7093.62805  193624.78125  88991.28125   212512.1875   0.6091185704147294
7093.75604  189413.78125  87046.28906   207925.1875   0.6092988410161417
7093.93736  183993.78125  84592.28125   202026.1875   0.6085868942081065
7094.12936  178100.78125  81862.28906   195567.1875   0.608999700816131
7094.33204  172616.78125  79332.28125   189594.1875   0.6091924039947644
7094.52407  168723.78125  77532.28906   185303.1875   0.6094208774295508
7094.68409  166305.78125  76437.28125   182665.1875   0.6090757368008749
7094.82279  166032.78125  76295.28906   182300.1875   0.6094300229412372
7094.96149  167608.78125  77042.28125   184162.1875   0.6089457845719377
7095.1002   170590.78125  78430.28906   187419.1875   0.6085843872722623
7095.23892  175478.78125  80706.28125   192799.1875   0.608002221501687
7095.36696  180778.78125  83203.28906   198860.1875   0.6068327115642353
7095.49502  186371.78125  85846.28125   205084.1875   0.6055200723111154
7095.6124   191841.78125  88392.28906   211130.1875   0.6050306862554949
7095.72979  198004.78125  91289.28125   217912.1875   0.6040020745783404
7095.84719  204565.78125  94358.28906   225121.1875   0.6032371643553486
7095.98593  211912.78125  97763.28125   233151.1875   0.6029675087142786
7096.1567   220022.78125  101547.28906  242152.1875   0.6022813389186408
7096.31681  227166.78125  104862.28125  249950.1875   0.6020032264144227
7096.47692  232925.78125  107557.28906  256197.1875   0.6014461603776529
7096.62636  236661.78125  109273.28125  260328.1875   0.6015834630306445
7096.79716  239540.78125  110613.28125  263369.1875   0.6014253294332631
7097.01068  242062.78125  111811.28125  266095.1875   0.6009361712263404
7097.17082  243146.78125  112305.28125  267312.1875   0.6010339723407097
7097.33098  243579.78125  112536.28125  267880.1875   0.6005829642360265
7097.48046  243879.78125  112643.28125  268014.1875   0.6010421092553064
7097.58723  244111.78125  112778.28906  268398.1875   0.6006378446136112
7097.69402  244153.78125  112811.28125  268500.1875   0.6004406792227617
7097.81148  244238.78125  112861.28906  268377.1875   0.600285008456893
7097.93962  244145.78125  112824.28125  268413.1875   0.6001984422517788
7098.07845  244152.78125  112836.28125  268365.1875   0.600071292219003
7098.22797  243991.78125  112799.28125  267974.1875   0.59952841087143
7098.40953  244252.78125  112905.28125  268329.1875   0.5997409544561
7098.58042  244213.78125  112891.28125  268263.1875   0.5996825577845218
7098.74064  244075.78125  112845.28125  268217.1875   0.5994244656723502
7098.90086  244075.78125  112891.28906  268124.1875   0.5987572785686418
7099.02905  243830.78125  112812.28125  267871.1875   0.5982593919375694
7099.16792  243578.78125  112721.28125  267589.1875   0.597887742073942
7099.3068   243774.78125  112827.28125  267855.1875   0.5976658180332826
7099.44569  243852.78125  112844.28125  267729.1875   0.5979428495353798
7099.58458  243486.78125  112698.28906  267451.1875   0.5976033073399548
7099.71279  243205.78125  112602.28125  267006.1875   0.5971082349069352
7099.83032  242971.78125  112472.28125  266623.1875   0.5974234140938982
7099.94786  242914.78125  112442.28125  266592.1875   0.5974760285989822
7100.08677  242692.78125  112352.28125  266289.1875   0.597290111913707
7100.24706  242752.78125  112375.28906  266187.1875   0.597359566330066
7100.43942  242540.78125  112308.28125  266091.1875   0.5969057973631897
7100.61041  242272.78125  112189.28125  265589.1875   0.5968314314699327
7100.77072  241946.78125  112052.28906  265250.1875   0.5966273755600142
7100.94173  241840.78125  112006.28125  265036.1875   0.5965823115916356
7101.12344  241971.78125  112130.28125  265023.1875   0.5956576399647746
7101.30516  241934.78125  112100.28906  264963.1875   0.5958451975385096
7101.4762   241832.78125  112076.28906  264834.1875   0.5955054476884825
7101.62586  241611.78125  111990.28125  264550.1875   0.5952655401272435
7101.75415  241304.78125  111846.28125  264075.1875   0.5952904385339304
7101.88244  241336.78125  111885.28906  264046.1875   0.5949367350291487
7101.98936  241059.78125  111766.28125  263788.1875   0.5947989063968123
7102.10697  240868.78125  111675.28125  263436.1875   0.5948347223070273
7102.25666  240744.78125  111640.28906  263342.1875   0.5945048345653386
7102.43844  240778.78125  111654.28125  263213.1875   0.5945308485586464
7102.63092  241193.78125  111877.28906  263422.1875   0.5940836429049898
7102.8341   241023.78125  111810.28125  263124.1875   0.5939102166839053
7103.01591  241501.78125  112056.28125  263357.1875   0.5935558625351903
7103.17634  241411.78125  112028.28906  263317.1875   0.5933547007685177
7103.33677  241341.78125  112012.28125  263133.1875   0.5931139283586815
7103.46513  241055.78125  111890.28125  262633.1875   0.5929568240898152
7103.59348  240836.78125  111778.28125  262343.1875   0.5931083327350208
7103.73254  240927.78125  111841.28125  262228.1875   0.5928044185363617
7103.86091  240869.78125  111836.28906  261946.1875   0.5924834024352061
7103.98929  240729.78125  111792.28125  261735.1875   0.5921759899536732
7104.09627  240600.78125  111755.28125  261507.1875   0.5918404707838613
7104.22465  240403.78125  111645.28906  261095.1875   0.5921115024571384
7104.35303  240257.78125  111614.28125  260846.1875   0.5915718222263905
7104.49213  240218.78125  111621.28125  260709.1875   0.5912034621854827
7104.67402  240236.78125  111634.28125  260464.1875   0.5911354877626702
7104.85593  240192.78125  111638.28125  260168.1875   0.5907770347537106
7105.00574  239959.78125  111520.28906  259517.1875   0.5909193505987154
7105.15556  240081.78125  111577.28125  259399.1875   0.5909150494056392
7105.33749  240366.78125  111736.28125  259453.1875   0.5905261272567859
7105.51943  240432.78125  111772.28906  259089.1875   0.5904481146348513
7105.67998  240336.78125  111736.28125  258698.1875   0.5903218302926895
7105.84053  239999.78125  111613.28125  258043.1875   0.5898279011394386
7105.96898  240051.78125  111620.28906  257809.1875   0.5900797328769767
7106.09743  239689.78125  111504.28125  257290.1875   0.589311599133024
7106.20448  239641.78125  111497.28906  256714.1875   0.5890864299415641
7106.32224  239705.78125  111531.28125  256337.1875   0.5890245697861063
7106.4507   239505.78125  111424.28125  255825.1875   0.5892293759472362
7106.58988  239388.78125  111372.28906  255318.1875   0.5891935275941128
7106.73977  239352.78125  111352.28125  254700.1875   0.5892414356479869
7106.91108  239675.78125  111524.28906  254472.1875   0.5889223261523243
7107.0931   239675.78125  111559.28125  253955.1875   0.5884088485090015
7107.25372  239775.78125  111579.28906  253424.1875   0.5887980931580825
7107.41435  239646.78125  111505.28125  252475.1875   0.5890032594529678
7107.54285  239440.78125  111432.28125  251632.1875   0.5886675966076773
7107.68207  239445.78125  111487.28125  250736.1875   0.5878941079655722
7107.8213   239658.78125  111601.28125  250053.1875   0.5876766515229055
7107.94982  239615.78125  111609.28906  249032.1875   0.587265512528743
7108.08906  239565.78125  111589.28125  247978.1875   0.587217380707049
7108.20688  239213.78125  111435.28125  246600.1875   0.5870710672224652
7108.33542  239211.78125  111415.28125  245513.1875   0.5873511707154812
7108.46396  239012.78125  111358.28125  244140.1875   0.5868265615271816
7108.60322  238902.78125  111310.28906  242441.1875   0.5867786557280043
7108.77462  239613.78125  111663.28125  241001.1875   0.5864602366356287
7108.96746  239954.78125  111796.28906  238375.1875   0.5868394271746065
7109.13888  239887.78125  111777.28125  234692.1875   0.5866606557795463
7109.28888  239789.78125  111755.28125  230564.1875   0.5863140391953059
7109.46032  239559.78125  111663.28906  225242.1875   0.5860912134439701
7109.63177  239880.78125  111809.28125  219190.1875   0.586144379902628
7109.80322  240177.78125  111939.28125  212293.1875   0.586267678581375
7109.9854   239818.78125  111768.28906  204088.1875   0.5863214754446562
7110.13544  239529.78125  111660.28125  195246.1875   0.5859303175899749
7110.26405  239249.78125  111513.28125  187424.1875   0.5861721011643685
7110.38195  239420.78125  111595.28906  180000.1875   0.5861382866462873
7110.49985  239255.78125  111517.28125  172573.1875   0.5861544380366636
7110.61775  239299.78125  111544.28906  164938.1875   0.5860590650761178
7110.7571   239142.78125  111439.28125  156529.1875   0.5865264408542995
7110.93933  239034.78125  111371.28125  147664.1875   0.5867861456449844
7111.12157  238934.78125  111302.28906  139905.1875   0.5871155204085758
7111.32526  238941.78125  111270.28125  133179.1875   0.5876342346986485
7111.50752  239208.78125  111302.28906  127785.1875   0.5889914230534408
7111.67907  238984.78125  111149.28125  123015.17969  0.5897096244814309
7111.83991  238183.78125  110706.28125  118603.17969  0.5907510812622707
7111.96858  236984.78125  110089.28906  114606.1875   0.5916385111159391
7112.09726  236189.78125  109684.28125  111300.17969  0.5921711189842337
7112.22594  236073.78125  109593.28125  108600.17969  0.5927255706933308
7112.36535  236420.78125  109725.28125  106502.17969  0.5931594322980855
7112.48332  236647.78125  109834.28125  104654.17969  0.5931050831270147
7112.6013   236906.78125  109946.28906  103079.1875   0.5932271625669953
7112.71927  237061.78125  110005.28125  101374.17969  0.593419714159171
7112.84798  237302.78125  110087.28125  99598.17969   0.5938632057822378
7112.98742  237431.78125  110084.28906  97653.1875    0.5947972164514218
7113.15904  237745.78125  110170.28125  95358.17969   0.5956823295687561
7113.3414   237798.78125  110167.28125  93296.17969   0.5960917405679409
7113.50231  237980.78125  110261.28906  91403.1875    0.5959478770645231
7113.64178  237847.78125  110199.28125  89846.17969   0.5959536136824565
7113.81343  237907.78125  110269.28125  88462.17969   0.5953270890133469
7113.97437  238097.78125  110431.28906  87425.1875    0.5942307576791661
7114.14604  238266.78125  110571.28125  86489.17969   0.5933185155543792
7114.31773  238177.78125  110540.28906  85662.1875    0.5931658541049605
7114.45722  238146.78125  110543.28125  85084.17969   0.5929085016795191
7114.586    237910.78125  110450.28906  84639.1875    0.5926631594715466
7114.70404  237903.78125  110428.28125  84204.17969   0.5929411682983401
7114.81136  237707.78125  110373.28125  83820.17969   0.5924075527759383
7114.92941  237692.78125  110387.28906  83555.1875    0.5920965503862282
7115.06893  237774.78125  110422.28125  83283.17969   0.5921423458243893
7115.19773  237833.78125  110463.28125  82997.17969   0.5919408105486011
7115.36946  237855.78125  110483.28125  82606.17969   0.5917958876239775
7115.54121  237705.78125  110421.28125  82130.17969   0.5916821241940426
7115.70223  237581.78125  110372.28906  81552.1875    0.5915544451979872
7115.87399  237580.78125  110373.28125  80893.17969   0.5915328422226928
7116.02428  237985.78125  110559.28906  80239.1875    0.5915645780112934
7116.16385  238057.78125  110605.28125  79225.17969   0.5913789421516022
7116.29269  237860.78125  110513.28125  77965.17969   0.5913859148484907
7116.42153  237724.78125  110463.28906  76554.1875    0.591190385233617
7116.55037  237512.78125  110354.28125  75111.17969   0.5913460841999203
7116.67923  237670.78125  110409.28125  73585.17969   0.5916189921626737
7116.79734  237599.78125  110380.28906  72110.1875    0.5915598157400906
7116.91547  237505.78125  110379.28125  70569.17969   0.5909270871680772
7117.05507  237497.78125  110376.28906  68740.1875    0.5909163248520723
7117.21616  237555.78125  110398.28125  66476.17969   0.5909899066054678
7117.39873  237552.78125  110398.28125  63916.17969   0.5909692363237525
7117.59206  237361.78125  110284.28125  61147.17969   0.5913437345880337
7117.75317  237811.78125  110466.28125  58652.17969   0.5917449482198723
7117.92504  237600.78125  110393.28906  56056.1875    0.5913739456819456
7118.08617  237762.78125  110434.28125  53735.17969   0.5918818749261844
7118.26879  237531.78125  110276.28906  51490.1875    0.5926342003498474
7118.42994  237384.78125  110166.28125  49544.17969   0.5932545484029295
7118.58035  237322.78125  110081.28125  47624.17969   0.5940903579764196
7118.74151  237233.78125  110023.28125  45961.17969   0.5943390412244316
7118.8597   237405.78125  110029.28125  44476.17969   0.5954360513336172
7118.96714  237107.78125  109838.28906  43043.1875    0.5962238548893495
7119.08534  237091.78125  109794.28125  41649.17969   0.5967693222802475
7119.22503  236920.78125  109622.28906  40096.1875    0.5981543963213997
7119.37548  236870.78125  109487.28125  38390.17969   0.599825979056488
7119.56892  236850.78125  109345.28906  36410.1875    0.6018118521738579
7119.76237  236964.78125  109224.28125  34650.17969   0.6044118150095734
7119.96657  237141.78125  109129.28125  33097.17969   0.6070581731366028
7120.1493   236922.79688  108867.29688  31674.19336   0.6094801140033306
7120.29978  236845.78125  108597.28906  30335.1875    0.6130124578723476
7120.45027  236953.78125  108438.28125  29131.17969   0.6161569555288331
7120.59002  237071.78125  108215.28125  28045.17969   0.6203412799031768
7120.71903  236911.78125  107875.28906  27096.1875    0.6243867730462039
7120.84804  236881.78125  107589.28125  26275.17969   0.6285248016622784
7120.95555  236635.78125  107251.28906  25615.1875    0.6319741611430192
7121.07381  236686.78125  107011.28125  24990.17969   0.6359937664703026
7121.19208  236427.78125  106622.28125  24396.17969   0.6401624291167166
7121.32111  236380.78125  106286.28125  23827.17969   0.6450031396167534
7121.47165  236800.78125  106098.28125  23170.17969   0.6508064620775879
7121.63294  237121.78125  105798.28125  22498.17969   0.6576583534428443
7121.805    236953.78125  105204.28125  21785.17969   0.6657137732542913
7121.96631  236672.79688  104587.29688  21073.19336   0.6733990255425262
7122.12763  237054.78125  104227.28125  20490.17969   0.6816825022597981
7122.27821  237232.78125  103783.28125  19941.17969   0.6898984722177994
7122.4503   237144.78125  103287.28125  19406.17969   0.6971324025916876
7122.61164  237250.78125  102938.28125  18950.17969   0.70340374282008
7122.77299  237018.78125  102528.28125  18535.17969   0.7083346402189477
7122.93435  236901.78125  102153.28125  18171.17969   0.7135239890800869
7123.06344  236807.78125  101799.28125  17853.17969   0.7185562936811539
7123.17102  236901.78125  101640.28906  17590.1875    0.7217642163712744
7123.27861  236588.78125  101247.28125  17307.17969   0.7259413425014913
7123.38619  236501.78125  100950.28125  17025.17969   0.730147728068247
7123.5153   236298.78125  100618.28125  16778.17969   0.734134009928262
7123.65518  236410.78125  100349.28125  16446.17969   0.7392913362913603
7123.81658  236315.78125  99973.28906   16151.1875    0.7447777089074398
7123.97798  236228.78125  99596.28125   15820.17969   0.7503590902480362
7124.15016  236461.78125  99289.28906   15554.1875    0.7570256141606421
7124.33311  236474.78125  98908.28125   15258.17969   0.7634085439058518
7124.49454  236550.78125  98525.28906   14969.1875    0.7702846978135041
7124.65598  236361.78125  98025.28125   14680.17969   0.7773040528989477
7124.78514  236166.78125  97525.28906   14406.1875    0.7843231027856049
7124.90353  236394.78125  97170.28125   14134.17969   0.7918714939871465
7125.0327   236231.78125  96659.28906   13875.1875    0.7993725592003569
7125.16187  236214.78125  96224.28125   13640.17969   0.806637558260161
7125.26952  236112.78125  95839.28906   13440.1875    0.8124924687037942
7125.3987   236000.78125  95417.28125   13217.17969   0.8189389694157072
7125.51712  235861.78125  94941.28906   12965.1875    0.8261601784587704
7125.66784  235822.78125  94486.28125   12728.17969   0.8337526268006128
7125.8724   235742.78125  93833.28906   12399.1875    0.8445482294985188
7126.06621  236088.78125  93430.28125   12090.17969   0.8539937246397729
7126.23849  236155.78125  92913.28906   11758.1875    0.8635403108598585
7126.40001  235848.78125  92318.28125   11427.17969   0.8719265740908837
7126.56154  235974.78125  91873.28906   11138.1875    0.8807094043953975
7126.72308  235961.78125  91382.28125   10833.17969   0.8893902542130443
7126.89539  235909.78125  90958.28125   10534.17969   0.8966415565321886
7127.06772  236082.78125  90635.28125   10275.17969   0.9036640600015134
7127.21851  235961.78125  90208.28906   9988.1875     0.9105541670570738
7127.34776  235700.78125  89785.28125   9796.17969    0.916435969890697
7127.46625  235556.78125  89397.28125   9549.17969    0.9225241936971242
7127.57397  235226.78125  89000.28125   9330.17969    0.9275144188290089
7127.69246  235466.78125  88813.28125   9140.17969    0.932626218051321
7127.84328  236409.78125  88846.28906   8937.1875     0.9385598877707587
7128.01565  236434.78125  88481.28125   8653.17969    0.9454711743021283
7128.20958  236423.78125  88117.28906   8356.1875     0.952142221260925
7128.41429  236176.78125  87771.28125   8099.17969    0.9568710543821499
7128.58669  236107.78125  87535.28906   7885.18701    0.960799537914604
7128.76988  235960.78125  87329.28125   7683.17969    0.9636367313320283
7128.93152  236360.78125  87345.28906   7514.18701    0.9661090326482527
7129.07161  236474.78125  87317.28125   7363.17969    0.9674232043186936
7129.20094  236537.78125  87307.28906   7224.18701    0.968046519036674
7129.33027  236227.78125  87139.28125   7103.17969    0.9690527223742671
7129.43804  236242.78125  87133.28906   7040.18701    0.9692692083625111
7129.5566   236200.78125  87091.28125   6971.17969    0.9697674857530066
7129.66439  235899.78125  86989.28906   6894.18701    0.9695982916289291
7129.79374  235838.78125  86963.28125   6849.17969    0.9696644237882094
7129.93387  235769.78125  86917.28906   6821.18701    0.9700513457545973
7130.09556  235932.78125  86947.28125   6791.17969    0.9706178440222428
7130.27883  235786.78125  86829.28906   6781.18701    0.9718273593446995
7130.45132  235557.78125  86666.28125   6798.17969    0.9733125864308575
7130.60226  235897.78125  86699.28125   6858.17969    0.9750502539887614
7130.75321  235990.78125  86619.28125   6933.17969    0.9772063998659188
7130.91494  236371.78125  86626.28125   7030.17969    0.9797145192060098
7131.07669  236112.78125  86382.28125   7117.17969    0.9825368682707525
7131.23844  236092.78125  86238.28125   7234.17969    0.9851290077120238
7131.38941  236100.78125  86117.28906   7347.18701    0.9874824690544832
7131.52961  235892.78125  85919.28125   7432.17969    0.989807600851721
7131.65902  235780.78125  85782.28125   7536.17969    0.9916422377240902
7131.76687  235881.78125  85694.28125   7650.17969    0.994023169899644
7131.87473  235697.78125  85571.28906   7762.18701    0.9950967586964207
7131.99337  235743.78125  85507.28125   7889.17969    0.9966409406494461
7132.13359  235607.78125  85392.28906   8031.18701    0.9978990686093011
7132.27382  235446.78125  85278.28125   8187.17969    0.998966940798435
7132.44641  235775.78125  85368.28906   8369.1875     0.9995258403576371
7132.61902  235998.78125  85424.28125   8555.17969    1
7132.79163  235954.78125  85437.28906   8722.1875     0.9994455921485178
7132.96425  235915.78125  85480.28125   8893.17969    0.9983516155935774
7133.12609  235855.78125  85532.28125   9073.17969    0.9969398956445296
7133.27715  235824.78125  85622.28125   9237.17969    0.9950033889907931
7133.40663  235836.78125  85762.28125   9406.17969    0.9924125941551466
7133.52533  235917.78125  85914.28906   9557.1875     0.9900761617647987
7133.65482  236032.78125  86090.28125   9695.17969    0.9875243895298397
7133.77353  235861.78125  86168.28906   9818.1875     0.9848557251563617
7133.88144  235766.78125  86283.28125   9934.17969    0.9820135097547704
7134.01095  235712.78125  86421.28906   10031.1875    0.9790227002350175
7134.16205  235845.78125  86622.28125   10182.17969   0.9761437206255706
7134.33473  235997.78125  86894.28125   10317.17969   0.9720667383548212
7134.50743  235809.78125  87033.28125   10423.17969   0.9681461767260952
7134.69093  235759.78125  87267.28125   10558.17969   0.9634043249466062
7134.86365  236023.78125  87573.28125   10687.17969   0.9595068809517219
7135.02558  235692.78125  87688.28906   10780.1875    0.9550617393188792
7135.17672  235632.78125  87800.28125   10825.17969   0.952555926485555
7135.33867  235466.78125  87886.28906   10905.1875    0.9497998663399204
7135.51142  235637.78125  88111.28125   10956.17969   0.9468032448078195
7135.66258  235855.78125  88294.28125   10997.17969   0.9449208854893333
7135.81375  235825.78125  88418.28125   11003.17969   0.9424156209215268
7135.94333  235531.78125  88400.28125   11024.17969   0.9407070571379014
7136.06211  235445.78125  88459.28906   11035.1875    0.9390171198605363
7136.1809   235370.78125  88482.28125   11020.17969   0.9380702804432344
7136.32129  235339.78125  88570.28906   11015.1875    0.9362275065640994
7136.48329  235752.78125  88849.28125   11028.17969   0.9339497260671549
7136.6669   235603.78125  88894.28125   11011.17969   0.9320861551121662
7136.85052  235324.78125  88918.28125   10959.17969   0.9297049140716364
7137.03414  235054.78125  88940.28125   10889.17969   0.9274209686752324
7137.21778  235250.78125  89118.28906   10863.1875    0.9255126082378555
7137.40143  235256.78125  89277.28125   10808.17969   0.9226368599563439
7137.54187  235497.78125  89464.28125   10776.17969   0.9208879386816436
7137.67151  235358.78125  89539.28906   10707.1875    0.9185498554103794
7137.80116  235440.78125  89722.28125   10675.17969   0.9157783445773923
7137.93082  235487.78125  89883.28906   10618.1875    0.9131704780863321
7138.03887  235363.78125  89908.28125   10581.17969   0.9118533384139637
7138.14692  235169.78125  89974.28125   10521.17969   0.9093025809572929
7138.25497  235052.78125  90023.28125   10484.17969   0.9075969203506812
7138.38464  235017.78125  90140.28125   10434.17969   0.9052273112353739
7138.53593  234842.78125  90217.28906   10362.1875    0.9026103628714307
7138.70884  235186.78125  90505.28125   10319.17969   0.8997895774713153
7138.88176  234853.78125  90549.28906   10245.1875    0.8966747577795191
7139.05469  234977.78125  90747.28125   10197.17969   0.893963720571199
7139.21682  235085.78125  90963.28906   10148.1875    0.8908244229169593
7139.36814  235276.78125  91198.28125   10119.17969   0.8879307696058644
7139.51948  235439.78125  91437.28125   10090.17969   0.8847805179333029
7139.68163  235393.78125  91577.28125   10051.17969   0.8819565451166357
7139.83297  235046.78125  91571.28125   10015.17969   0.8796492006926208
7139.98433  234892.78125  91611.28906   9973.1875     0.8778615002489221
7140.11406  234747.78125  91644.28125   9965.17969    0.8762614563537617
7140.24381  234713.78125  91746.28906   9948.1875     0.8742035240464286
7140.36274  235155.78125  92016.28125   9969.17969    0.8724732638891677
7140.46005  235521.78125  92277.28125   10003.17969   0.8703827234308509
7140.58981  235278.78125  92287.28906   9987.1875     0.8685156058276842
7140.73038  235102.78125  92326.28125   9990.17969    0.8665993587109417
7140.89259  235158.78125  92483.28906   9991.1875     0.8642080917990749
7141.04399  234972.78125  92513.28125   10010.17969   0.8623822507926773
7141.21702  235201.78125  92703.28125   10046.17969   0.8606185532361443
7142.53672  238545.39063  94847.49219   10481.41895   0.8462958747765414
7144.23576  241430.1875   96370.91406   10729.78711   0.8398904764396299
7145.89232  244526.125    97618.48438   10326.24121   0.8396930349918168
7147.35466  247012.10938  98907.13281   9638.69727    0.834783890542888
7148.98021  249596.07813  100781.77344  9153.08789    0.8210847689661862
7150.70414  252606.98438  102947.35938  9014.3584     0.8059129994922233
7152.43978  254808.73438  104706.80469  8971.4209     0.7923802047021599
7154.2523   257577.28125  106637.0625   9221.24707    0.7801691909706149
7155.93543  259980.57813  108412.09375  9588.78027    0.7683494320912758
7157.70632  262630.5625   110193.8125   9864.94824    0.7582674317162673
7159.55423  265094.1875   111616.17969  10011.70801   0.7525576802711317
7161.55544  267528.40625  112782.15625  10284.03125   0.7505091732234881
7163.64491  269796.15625  113628.6875   10665.85254   0.7520855096656972
7165.52869  272904.40625  114779.73438  10995.14453   0.7543376141854846
7167.4571   274166.125    115113.25781  11152.85547   0.757138275481169
7169.57196  276867.28125  115736.20313  11510.9502    0.764351604891736
7171.75359  279392.8125   115937.5625   12081.4082    0.7763690383818904
7173.82742  282047.6875   116076.25     12890.15625   0.7898919261470362
7175.91343  284222.875    116407.27344  13859.19531   0.7978054258128582
7178.21933  286946.3125   117355.59375  14818.48145   0.800134328504759
7180.53772  288827.03125  118248.16406  15125.9873    0.7984254646458702
7182.77009  290789.96875  119378.97656  15014.68262   0.793933575184377
7185.02582  293502.09375  120890.96094  14578.51855   0.7885283719229144
7187.41455  295572.375    122147.13281  13701.50098   0.7831133155002193
7189.89269  297582.78125  123340.42969  12826.57422   0.7782959427879429
7192.24089  299176.3125   124512.85156  12081.7373    0.7715523604138398
7194.62363  301327.90625  125996.35938  12119.94727   0.7638953986558921
7197.3158   303683.5625   127640.9375   13027.18945   0.7554153709588415
7199.88906  305788.25     129180.54688  14406.43555   0.7470952608978296
7202.46424  307579.9375   130629.1875   16115.67871   0.738404788148448
7205.16252  309335.625    132080.8125   17870.875     0.7296326238620492
7207.79676  310770.28125  133141.42188  18196.01758   0.7241154061431658
7210.47713  313063.90625  134570.98438  16359.08594   0.7186705394880429
7213.32524  315014.4375   135770.5      13132.06445   0.7143118052462182
7216.27516  316731.90625  136712.92188  10539.93945   0.7118892480113731
7218.9621   318456.21875  137578.25     9479.66699    0.710448448593961
7221.78397  320438.46875  138636.45313  9787.26367    0.7080637584277902
7224.94055  322367.53125  139834.53125  11571.69043   0.7038037028343768
7227.76729  323900.46875  140951.4375   14102.93555   0.6985469910391938
7230.66292  325581.21875  142194.20313  17119.99023   0.6926502643657064
7233.94978  326938.75     143253.75     20138.82031   0.6873096623499981
7236.88393  326705.125    143470.125    21514.44727   0.6836692686562009
7239.96522  326784.25     143855.28125  21498.81836   0.6796774846235315
7243.22747  333344.15625  147264.20313  20715.94922   0.6738748364958751
7246.2698   334567.8125   148427.90625  19681.8125    0.6669890077810913
7249.57144  336475.1875   149922.32813  19495.39063   0.6598966083622089
7252.80919  337675.3125   150932.5      20251.6875    0.6547326620654376
7256.1394   339114.15625  151919.39063  20932.67383   0.6510247801500592
7259.41683  340465.6875   152682.98438  20513.34766   0.64932881639152
7262.84296  342482.9375   153765.28125  19880.69531   0.6474366624160411
7266.11549  343589.84375  154487.25     19436.70117   0.6450510939495644
7269.81758  345460.40625  155767.90625  18505.36133   0.6404253435543293
7273.09664  345260.65625  156098.21875  17374.66602   0.6360114973204183
7276.68243  349311.53125  158274.1875   17042.5957    0.6324450219918728
7280.20434  350093.0625   158986.79688  16530.14844   0.6287501432519379
7283.76361  351811.21875  160200.03125  15863.31738   0.6243204507710374
7287.55212  353292.96875  161499.89063  15502.0752    0.617972553115332
7291.10757  354327.34375  162639.375    16498.44141   0.6112497967894092
7294.8362   354770.3125   163507.4375   18795.36719   0.604581975432267
7298.51221  344218.875    159345.10938  20643.88281   0.5973691757248822
7302.24872  361944        168415.35938  23742.96875   0.5889411589368991
7306.20469  364243.71875  170406.1875   25364.5957    0.5800732578321446
7309.99481  365378        171756.59375  25965.78711   0.5722426770870771
7313.83448  366561.8125   173198.54688  26104.50977   0.5638533154793448
7317.83766  366928.1875   174279.04688  26386.76953   0.555309148512125
7321.61755  365923.125    174448.09375  26559.55469   0.5492328114775623
7325.6524   369318.5625   176560.6875   26933.85352   0.5446480494496455
7329.65761  371065.53125  177649.79688  27357.66992   0.542306767917079
7333.85027  371580.03125  178189.4375   28289.99609   0.5396102301974861
7337.85337  372182        178717.57813  28796.80078   0.5374155975127776
7342.0787   373331.53125  179656.25     28316.11719   0.5338889247268579
7346.15996  373789.5      180415.39063  26646.89648   0.5289938999887386
7350.41821  355099        172113.04688  23664.16602   0.522142746489243
7354.71608  378361.96875  184299.1875   23858.90039   0.5140337837090241
7358.98464  378749.40625  185266.79688  22849.10156   0.5071380450306943
7363.29293  379132.34375  186384.89063  22311.76758   0.49894377583085875
7367.54877  380407.71875  187911.45313  22683.87891   0.49108934858310144
7371.97148  380066.5625   188699.48438  24141.44336   0.48277114300495805
7376.30716  380875.84375  189878.95313  27089.44336   0.4760538176651735
7380.86822  381867.59375  191137.89063  31233.88867   0.4694938919807475
7385.31916  382232.78125  192092.25     33849.74219   0.46290628908327813
7389.96148  383281.40625  193448.0625   34201.03906   0.45587852233986426
7394.44708  384467.4375   194709.3125   33650.74609   0.450298703907273
7399.14791  385433.9375   195736        33532.88672   0.4458002691256645
7403.68008  386913.8125   196962.09375  33900.41797   0.4418518388125246
7408.41646  388174.125    198213.60938  34069.35547   0.4368074103211272
7413.01887  388089.84375  198754.53125  34095.69922   0.4319913524243658
7417.87301  389609.96875  200312.875    34560.43359   0.42560683547861067
7422.52279  391437.5      202120.60938  35616.55859   0.4185615588606851
7427.41334  391817.4375   203370.76563  36613.07813   0.4100568966349615
7432.16956  391918.71875  204367.29688  36786.96875   0.40247922245557954
7437.10862  385906.4375   202317.21875  35898.23828   0.39367744609814714
7442.00737  397779.53125  209666.54688  35908.89063   0.38487393872523756
7447.08982  398429        211044.23438  34852.90625   0.376824375361778
7452.15585  398914.8125   212223.29688  34636.28125   0.36970003847196653
7457.26454  399367.03125  213310.75     34965.02734   0.36318890511129015
7462.28569  399435.59375  214115.5625   35603.11328   0.3573060297692154
7467.33761  399677.53125  215048.73438  36972.5625    0.3511791397712731
7472.47981  400442.84375  216274.28125  38843.36719   0.34500891331652206
7477.70078  401460.46875  217621.17188  40369.50391   0.33900137469807623
7483.02468  402305.46875  218955.42188  41866.98828   0.3324383381470093
7488.11772  402622.8125   220001.01563  43559.81641   0.32593134590464046
7493.46897  402635.5      221030.96875  44894.97266   0.31833812268711564
7498.6486   399832.53125  220396.25     44956.46484   0.31161076441135627
7504.15936  404762.90625  224216.875    45380.27734   0.3035398101470398
7509.60647  405550.59375  225705.82813  45669.41406   0.29588859997148015
7514.94155  405864.625    226838.125    46293.87891   0.2889648642802285
7520.48922  407054.96875  228486.75     46939.65625   0.2819054732893555
7525.91272  407904.625    229977.6875   47360.74219   0.2746727095085397
7531.46514  408719.625    231475.95313  47602.14453   0.26731103935853034
7536.84458  409572.9375   232915.54688  48162.86719   0.26057680457018145
7542.59549  410641.5625   234533.4375   49003.87891   0.25351165189008845
7548.23415  410975.5      235770.64063  49635.19141   0.24623059970256653
7553.80863  411108.71875  236841.15625  49696.80469   0.23934614496957762
7559.72033  412032.28125  238493.98438  49497.71875   0.2316362960392826
7565.1783   412841.125    239970.125    49731.92578   0.22474677493640552
7571.10848  413603.25     241465.54688  50732.42188   0.2175973313768599
7576.95044  414434.6875   243115.28125  52529.21094   0.20973963821953243
7582.6425   414364.40625  244094.29688  54256.27344   0.20288406780505894
7588.83425  415570.4375   245953.60938  55750.62109   0.19522071185381204
7594.39735  415081.75     246717.21875  56364.26172   0.18822103508973564
7600.5844   416101.3125   248583.10938  57075.16406   0.1799043792769278
7606.43664  416295.1875   249784.28125  57954.34375   0.17277687387535381
7612.42172  417156.34375  251432.73438  59295.79688   0.16539283705371668
7618.62688  416969.78125  252390.46875  59994.52734   0.15843787515632465
7624.64426  416679.46875  253307.46875  60269.51172   0.15136184948437453
7630.7832   416829.4375   254607.76563  60974.77734   0.14357033455944154
7637.05673  414072.65625  254148.29688  61831.28125   0.13566568763898074
7643.16659  415702.1875   256302.14063  63362.07031   0.12828157244182029
7649.54857  415793.9375   257609.20313  64510.08984   0.12031696452918991
7655.76663  415859.96875  258837.5625   65295.37891   0.11279079859080328
7662.24554  416666.28125  260589.17188  65969.92969   0.10492219509752229
7668.67311  415847.8125   261346.04688  66215.71875   0.09695680692637773
7675.35055  418720.625    264490.1875   66966.76563   0.0886515026190038
7681.78834  418975.6875   265738.5625   67422.05469   0.08194096342396173
7688.5525   419780.96875  267546.1875   68520.57813   0.07398779644883897
7695.17744  421272.5625   269779.09375  70100.36719   0.06618977758891571
7701.7383   421098.34375  270843.21875  71247.375     0.05906931320019707
7708.74171  421700.40625  272547.59375  72664.625     0.05114012545525033
7715.31385  422148.6875   274147.25     74192.125     0.04330056693608627
7722.11386  422600.21875  275736.09375  75632.83594   0.03559166111391927
7729.1812   423461.96875  277687.21875  76864.79688   0.02738479707794623
7735.85332  423459        279016.5625   77849.98438   0.019556469077503847
7742.69088  423259.21875  280260.15625  78934.40625   0.011505104458106376
7749.81009  423876.71875  282103.96875  80187.05469   0.0031583374783451996
7752.75905  424135.21875  282821.21875  80606.52344   0
